"","id","year","month","element","VALUE1","MFLAG1","QFLAG1","SFLAG1","VALUE2","MFLAG2","QFLAG2","SFLAG2","VALUE3","MFLAG3","QFLAG3","SFLAG3","VALUE4","MFLAG4","QFLAG4","SFLAG4","VALUE5","MFLAG5","QFLAG5","SFLAG5","VALUE6","MFLAG6","QFLAG6","SFLAG6","VALUE7","MFLAG7","QFLAG7","SFLAG7","VALUE8","MFLAG8","QFLAG8","SFLAG8","VALUE9","MFLAG9","QFLAG9","SFLAG9","VALUE10","MFLAG10","QFLAG10","SFLAG10","VALUE11","MFLAG11","QFLAG11","SFLAG11","VALUE12","MFLAG12","QFLAG12","SFLAG12","VALUE13","MFLAG13","QFLAG13","SFLAG13","VALUE14","MFLAG14","QFLAG14","SFLAG14","VALUE15","MFLAG15","QFLAG15","SFLAG15","VALUE16","MFLAG16","QFLAG16","SFLAG16","VALUE17","MFLAG17","QFLAG17","SFLAG17","VALUE18","MFLAG18","QFLAG18","SFLAG18","VALUE19","MFLAG19","QFLAG19","SFLAG19","VALUE20","MFLAG20","QFLAG20","SFLAG20","VALUE21","MFLAG21","QFLAG21","SFLAG21","VALUE22","MFLAG22","QFLAG22","SFLAG22","VALUE23","MFLAG23","QFLAG23","SFLAG23","VALUE24","MFLAG24","QFLAG24","SFLAG24","VALUE25","MFLAG25","QFLAG25","SFLAG25","VALUE26","MFLAG26","QFLAG26","SFLAG26","VALUE27","MFLAG27","QFLAG27","SFLAG27","VALUE28","MFLAG28","QFLAG28","SFLAG28","VALUE29","MFLAG29","QFLAG29","SFLAG29","VALUE30","MFLAG30","QFLAG30","SFLAG30","VALUE31","MFLAG31","QFLAG31","SFLAG31"
"1","USC00359461",1950,12,"PRCP",NA," "," "," ",NA," "," "," ",NA," "," "," ",NA," "," "," ",NA," "," "," ",183," "," ","0",41," "," ","0",51," "," ","0",20," "," ","0",20," "," ","0",74," "," ","0",10," "," ","0",0,"T"," ","0",79," "," ","0",10," "," ","0",10," "," ","0",33," "," ","0",3," "," ","0",13," "," ","0",3," "," ","0",3," "," ","0",5," "," ","0",0,"T"," ","0",8," "," ","0",0,"T"," ","0",8," "," ","0",8," "," ","0",48," "," ","0",38," "," ","0",41," "," ","0",119," "," ","0"
"2","USC00359461",1950,12,"SNOW",NA," "," "," ",NA," "," "," ",NA," "," "," ",NA," "," "," ",NA," "," "," ",0," "," ","0",0," "," ","0",0," "," ","0",0," "," ","0",0," "," ","0",0," "," ","0",0," "," ","0",0," "," ","0",0," "," ","0",0," "," ","0",0," "," ","0",0," "," ","0",0," "," ","0",0," "," ","0",0," "," ","0",0," "," ","0",0," "," ","0",0," "," ","0",0," "," ","0",0," "," ","0",0," "," ","0",0," "," ","0",0," "," ","0",0," "," ","0",0," "," ","0",0," "," ","0"
"3","USC00359461",1950,12,"SNWD",NA," "," "," ",NA," "," "," ",NA," "," "," ",NA," "," "," ",NA," "," "," ",0," "," ","0",0," "," ","0",0," "," ","0",0," "," ","0",0," "," ","0",0," "," ","0",0," "," ","0",0," "," ","0",0," "," ","0",0," "," ","0",0," "," ","0",0," "," ","0",0," "," ","0",0," "," ","0",0," "," ","0",0," "," ","0",0," "," ","0",0," "," ","0",0," "," ","0",0," "," ","0",0," "," ","0",0," "," ","0",0," "," ","0",0," "," ","0",0," "," ","0",0," "," ","0"
"4","USC00359461",1951,1,"PRCP",8," "," ","0",18," "," ","0",152," "," ","0",94," "," ","0",8," "," ","0",3," "," ","0",3," "," ","0",20," "," ","0",13," "," ","0",15," "," ","0",102," "," ","0",51," "," ","0",28," "," ","0",38," "," ","0",94," "," ","0",74," "," ","0",218," "," ","0",241," "," ","0",277," "," ","0",28," "," ","0",109," "," ","0",53," "," ","0",81," "," ","0",84," "," ","0",3," "," ","0",41," "," ","0",0," "," ","0",3," "," ","0",0," "," ","0",0," "," ","0",0," "," ","0"
"5","USC00359461",1951,1,"SNOW",0," "," ","0",0," "," ","0",0," "," ","0",0," "," ","0",0," "," ","0",0," "," ","0",0," "," ","0",0," "," ","0",0," "," ","0",0," "," ","0",0," "," ","0",0," "," ","0",0," "," ","0",0," "," ","0",0," "," ","0",0," "," ","0",0," "," ","0",0," "," ","0",38," "," ","0",0," "," ","0",0," "," ","0",0," "," ","0",0," "," ","0",0," "," ","0",0," "," ","0",0," "," ","0",0," "," ","0",0," "," ","0",0," "," ","0",0," "," ","0",0," "," ","0"
"6","USC00359461",1951,1,"SNWD",0," "," ","0",0," "," ","0",0," "," ","0",0," "," ","0",0," "," ","0",0," "," ","0",0," "," ","0",0," "," ","0",0," "," ","0",0," "," ","0",0," "," ","0",0," "," ","0",0," "," ","0",0," "," ","0",0," "," ","0",0," "," ","0",0," "," ","0",0," "," ","0",51," "," ","0",25," "," ","0",0," "," ","0",0," "," ","0",0," "," ","0",0," "," ","0",0," "," ","0",0," "," ","0",0," "," ","0",0," "," ","0",0," "," ","0",0," "," ","0",0," "," ","0"
"7","USC00359461",1951,1,"WT01",NA," "," "," ",NA," "," "," ",NA," "," "," ",NA," "," "," ",NA," "," "," ",1," "," ","0",1," "," ","0",NA," "," "," ",1," "," ","0",NA," "," "," ",NA," "," "," ",NA," "," "," ",NA," "," "," ",NA," "," "," ",NA," "," "," ",NA," "," "," ",NA," "," "," ",NA," "," "," ",NA," "," "," ",NA," "," "," ",NA," "," "," ",NA," "," "," ",NA," "," "," ",NA," "," "," ",1," "," ","0",NA," "," "," ",1," "," ","0",NA," "," "," ",NA," "," "," ",NA," "," "," ",NA," "," "," "
"8","USC00359461",1951,2,"PRCP",0," "," ","0",3," "," ","0",8," "," ","0",394," "," ","0",188," "," ","0",91," "," ","0",86," "," ","0",61," "," ","0",3," "," ","0",0," "," ","0",140," "," ","0",69," "," ","0",3," "," ","0",0,"T"," ","0",5," "," ","0",25," "," ","0",0,"T"," ","0",84," "," ","0",8," "," ","0",48," "," ","0",58," "," ","0",3," "," ","0",0," "," ","0",0," "," ","0",28," "," ","0",15," "," ","0",0," "," ","0",0," "," ","0",NA," "," "," ",NA," "," "," ",NA," "," "," "
"9","USC00359461",1951,2,"SNOW",0," "," ","0",0," "," ","0",0," "," ","0",0," "," ","0",0," "," ","0",0," "," ","0",0," "," ","0",0," "," ","0",0," "," ","0",0," "," ","0",0," "," ","0",0," "," ","0",0," "," ","0",0," "," ","0",0," "," ","0",0," "," ","0",0," "," ","0",0," "," ","0",0," "," ","0",0," "," ","0",0," "," ","0",0," "," ","0",0," "," ","0",0," "," ","0",0," "," ","0",0," "," ","0",0," "," ","0",0," "," ","0",NA," "," "," ",NA," "," "," ",NA," "," "," "
"10","USC00359461",1951,2,"SNWD",0," "," ","0",0," "," ","0",0," "," ","0",0," "," ","0",0," "," ","0",0," "," ","0",0," "," ","0",0," "," ","0",0," "," ","0",0," "," ","0",0," "," ","0",0," "," ","0",0," "," ","0",0," "," ","0",0," "," ","0",0," "," ","0",0," "," ","0",0," "," ","0",0," "," ","0",0," "," ","0",0," "," ","0",0," "," ","0",0," "," ","0",0," "," ","0",0," "," ","0",0," "," ","0",0," "," ","0",0," "," ","0",NA," "," "," ",NA," "," "," ",NA," "," "," "
"11","USC00359461",1951,2,"WT01",NA," "," "," ",NA," "," "," ",NA," "," "," ",NA," "," "," ",NA," "," "," ",NA," "," "," ",NA," "," "," ",1," "," ","0",NA," "," "," ",NA," "," "," ",NA," "," "," ",NA," "," "," ",NA," "," "," ",1," "," ","0",NA," "," "," ",NA," "," "," ",NA," "," "," ",NA," "," "," ",NA," "," "," ",NA," "," "," ",NA," "," "," ",1," "," ","0",1," "," ","0",NA," "," "," ",1," "," ","0",NA," "," "," ",NA," "," "," ",NA," "," "," ",NA," "," "," ",NA," "," "," ",NA," "," "," "
"12","USC00359461",1951,3,"PRCP",13," "," ","0",13," "," ","0",0," "," ","0",114," "," ","0",81," "," ","0",211," "," ","0",109," "," ","0",46," "," ","0",119," "," ","0",43," "," ","0",0," "," ","0",0," "," ","0",10," "," ","0",0," "," ","0",18," "," ","0",20," "," ","0",0," "," ","0",0," "," ","0",0," "," ","0",0," "," ","0",5," "," ","0",5," "," ","0",0," "," ","0",0," "," ","0",0," "," ","0",0,"T"," ","0",0," "," ","0",0," "," ","0",0," "," ","0",38," "," ","0",15," "," ","0"
"13","USC00359461",1951,3,"SNOW",25," "," ","0",13," "," ","0",0," "," ","0",0," "," ","0",102," "," ","0",51," "," ","0",25," "," ","0",0," "," ","0",25," "," ","0",76," "," ","0",0," "," ","0",0," "," ","0",0," "," ","0",0," "," ","0",0," "," ","0",0," "," ","0",0," "," ","0",0," "," ","0",0," "," ","0",0," "," ","0",0," "," ","0",0," "," ","0",0," "," ","0",0," "," ","0",0," "," ","0",0," "," ","0",0," "," ","0",0," "," ","0",0," "," ","0",0," "," ","0",0," "," ","0"
"14","USC00359461",1951,3,"SNWD",25," "," ","0",0,"T"," ","0",0," "," ","0",0," "," ","0",76," "," ","0",25," "," ","0",25," "," ","0",0," "," ","0",25," "," ","0",25," "," ","0",0," "," ","0",0," "," ","0",0," "," ","0",0," "," ","0",0," "," ","0",0," "," ","0",0," "," ","0",0," "," ","0",0," "," ","0",0," "," ","0",0," "," ","0",0," "," ","0",0," "," ","0",0," "," ","0",0," "," ","0",0," "," ","0",0," "," ","0",0," "," ","0",0," "," ","0",0," "," ","0",0," "," ","0"
"15","USC00359461",1951,4,"PRCP",0," "," ","0",0," "," ","0",0," "," ","0",0," "," ","0",0," "," ","0",0," "," ","0",0," "," ","0",0," "," ","0",0," "," ","0",0," "," ","0",0," "," ","0",0," "," ","0",0," "," ","0",0," "," ","0",0," "," ","0",0," "," ","0",0," "," ","0",0," "," ","0",0," "," ","0",0," "," ","0",0," "," ","0",0," "," ","0",0," "," ","0",0," "," ","0",0,"T"," ","0",0," "," ","0",0,"T"," ","0",114," "," ","0",203," "," ","0",58," "," ","0",NA," "," "," "
"16","USC00359461",1951,4,"SNOW",0," "," ","0",0," "," ","0",0," "," ","0",0," "," ","0",0," "," ","0",0," "," ","0",0," "," ","0",0," "," ","0",0," "," ","0",0," "," ","0",0," "," ","0",0," "," ","0",0," "," ","0",0," "," ","0",0," "," ","0",0," "," ","0",0," "," ","0",0," "," ","0",0," "," ","0",0," "," ","0",0," "," ","0",0," "," ","0",0," "," ","0",0," "," ","0",0," "," ","0",0," "," ","0",0," "," ","0",0," "," ","0",0," "," ","0",0," "," ","0",NA," "," "," "
"17","USC00359461",1951,4,"SNWD",0," "," ","0",0," "," ","0",0," "," ","0",0," "," ","0",0," "," ","0",0," "," ","0",0," "," ","0",0," "," ","0",0," "," ","0",0," "," ","0",0," "," ","0",0," "," ","0",0," "," ","0",0," "," ","0",0," "," ","0",0," "," ","0",0," "," ","0",0," "," ","0",0," "," ","0",0," "," ","0",0," "," ","0",0," "," ","0",0," "," ","0",0," "," ","0",0," "," ","0",0," "," ","0",0," "," ","0",0," "," ","0",0," "," ","0",0," "," ","0",NA," "," "," "
"18","USC00359461",1951,5,"PRCP",86," "," ","0",8," "," ","0",94," "," ","0",56," "," ","0",56," "," ","0",5," "," ","0",0,"T"," ","0",0," "," ","0",0," "," ","0",0," "," ","0",48," "," ","0",28," "," ","0",53," "," ","0",3," "," ","0",0," "," ","0",0," "," ","0",0," "," ","0",0," "," ","0",0," "," ","0",0," "," ","0",0," "," ","0",0," "," ","0",5," "," ","0",0," "," ","0",0," "," ","0",0," "," ","0",0," "," ","0",0," "," ","0",0," "," ","0",0," "," ","0",0," "," ","0"
"19","USC00359461",1951,5,"SNOW",0," "," ","0",0," "," ","0",0," "," ","0",0," "," ","0",0," "," ","0",0," "," ","0",0," "," ","0",0," "," ","0",0," "," ","0",0," "," ","0",0," "," ","0",0," "," ","0",0," "," ","0",0," "," ","0",0," "," ","0",0," "," ","0",0," "," ","0",0," "," ","0",0," "," ","0",0," "," ","0",0," "," ","0",0," "," ","0",0," "," ","0",0," "," ","0",0," "," ","0",0," "," ","0",0," "," ","0",0," "," ","0",0," "," ","0",0," "," ","0",0," "," ","0"
"20","USC00359461",1951,5,"SNWD",0," "," ","0",0," "," ","0",0," "," ","0",0," "," ","0",0," "," ","0",0," "," ","0",0," "," ","0",0," "," ","0",0," "," ","0",0," "," ","0",0," "," ","0",0," "," ","0",0," "," ","0",0," "," ","0",0," "," ","0",0," "," ","0",0," "," ","0",0," "," ","0",0," "," ","0",0," "," ","0",0," "," ","0",0," "," ","0",0," "," ","0",0," "," ","0",0," "," ","0",0," "," ","0",0," "," ","0",0," "," ","0",0," "," ","0",0," "," ","0",0," "," ","0"
"21","USC00359461",1951,7,"PRCP",0," "," ","0",0," "," ","0",0,"T"," ","0",0,"T"," ","0",3," "," ","0",0," "," ","0",0," "," ","0",0," "," ","0",0," "," ","0",0," "," ","0",0," "," ","0",0," "," ","0",0," "," ","0",0," "," ","0",0," "," ","0",0," "," ","0",0," "," ","0",0," "," ","0",0," "," ","0",0," "," ","0",0," "," ","0",0," "," ","0",0," "," ","0",0," "," ","0",0," "," ","0",0," "," ","0",0," "," ","0",0," "," ","0",0," "," ","0",0," "," ","0",0," "," ","0"
"22","USC00359461",1951,7,"SNOW",0," "," ","0",0," "," ","0",0," "," ","0",0," "," ","0",0," "," ","0",0," "," ","0",0," "," ","0",0," "," ","0",0," "," ","0",0," "," ","0",0," "," ","0",0," "," ","0",0," "," ","0",0," "," ","0",0," "," ","0",0," "," ","0",0," "," ","0",0," "," ","0",0," "," ","0",0," "," ","0",0," "," ","0",0," "," ","0",0," "," ","0",0," "," ","0",0," "," ","0",0," "," ","0",0," "," ","0",0," "," ","0",0," "," ","0",0," "," ","0",0," "," ","0"
"23","USC00359461",1951,7,"SNWD",0," "," ","0",0," "," ","0",0," "," ","0",0," "," ","0",0," "," ","0",0," "," ","0",0," "," ","0",0," "," ","0",0," "," ","0",0," "," ","0",0," "," ","0",0," "," ","0",0," "," ","0",0," "," ","0",0," "," ","0",0," "," ","0",0," "," ","0",0," "," ","0",0," "," ","0",0," "," ","0",0," "," ","0",0," "," ","0",0," "," ","0",0," "," ","0",0," "," ","0",0," "," ","0",0," "," ","0",0," "," ","0",0," "," ","0",0," "," ","0",0," "," ","0"
"24","USC00359461",1951,8,"PRCP",0," "," ","0",0," "," ","0",0," "," ","0",0," "," ","0",0," "," ","0",0," "," ","0",0," "," ","0",0," "," ","0",0," "," ","0",0," "," ","0",0," "," ","0",0," "," ","0",0," "," ","0",0," "," ","0",0," "," ","0",0," "," ","0",0," "," ","0",0," "," ","0",0," "," ","0",0," "," ","0",0," "," ","0",0," "," ","0",0," "," ","0",0," "," ","0",0," "," ","0",0," "," ","0",0," "," ","0",3," "," ","0",8," "," ","0",0," "," ","0",0," "," ","0"
"25","USC00359461",1951,8,"SNOW",0," "," ","0",0," "," ","0",0," "," ","0",0," "," ","0",0," "," ","0",0," "," ","0",0," "," ","0",0," "," ","0",0," "," ","0",0," "," ","0",0," "," ","0",0," "," ","0",0," "," ","0",0," "," ","0",0," "," ","0",0," "," ","0",0," "," ","0",0," "," ","0",0," "," ","0",0," "," ","0",0," "," ","0",0," "," ","0",0," "," ","0",0," "," ","0",0," "," ","0",0," "," ","0",0," "," ","0",0," "," ","0",0," "," ","0",0," "," ","0",0," "," ","0"
"26","USC00359461",1951,8,"SNWD",0," "," ","0",0," "," ","0",0," "," ","0",0," "," ","0",0," "," ","0",0," "," ","0",0," "," ","0",0," "," ","0",0," "," ","0",0," "," ","0",0," "," ","0",0," "," ","0",0," "," ","0",0," "," ","0",0," "," ","0",0," "," ","0",0," "," ","0",0," "," ","0",0," "," ","0",0," "," ","0",0," "," ","0",0," "," ","0",0," "," ","0",0," "," ","0",0," "," ","0",0," "," ","0",0," "," ","0",0," "," ","0",0," "," ","0",0," "," ","0",0," "," ","0"
"27","USC00359461",1951,9,"PRCP",0," "," ","0",0," "," ","0",0," "," ","0",0," "," ","0",0," "," ","0",0," "," ","0",0," "," ","0",0," "," ","0",0," "," ","0",0," "," ","0",0," "," ","0",0," "," ","0",0," "," ","0",0," "," ","0",0," "," ","0",0," "," ","0",0," "," ","0",0," "," ","0",0," "," ","0",0," "," ","0",0," "," ","0",0," "," ","0",0," "," ","0",0," "," ","0",8," "," ","0",0,"T"," ","0",0," "," ","0",13," "," ","0",10," "," ","0",61," "," ","0",NA," "," "," "
"28","USC00359461",1951,9,"SNOW",0," "," ","0",0," "," ","0",0," "," ","0",0," "," ","0",0," "," ","0",0," "," ","0",0," "," ","0",0," "," ","0",0," "," ","0",0," "," ","0",0," "," ","0",0," "," ","0",0," "," ","0",0," "," ","0",0," "," ","0",0," "," ","0",0," "," ","0",0," "," ","0",0," "," ","0",0," "," ","0",0," "," ","0",0," "," ","0",0," "," ","0",0," "," ","0",0," "," ","0",0," "," ","0",0," "," ","0",0," "," ","0",0," "," ","0",0," "," ","0",NA," "," "," "
"29","USC00359461",1951,9,"SNWD",0," "," ","0",0," "," ","0",0," "," ","0",0," "," ","0",0," "," ","0",0," "," ","0",0," "," ","0",0," "," ","0",0," "," ","0",0," "," ","0",0," "," ","0",0," "," ","0",0," "," ","0",0," "," ","0",0," "," ","0",0," "," ","0",0," "," ","0",0," "," ","0",0," "," ","0",0," "," ","0",0," "," ","0",0," "," ","0",0," "," ","0",0," "," ","0",0," "," ","0",0," "," ","0",0," "," ","0",0," "," ","0",0," "," ","0",0," "," ","0",NA," "," "," "
"30","USC00359461",1951,10,"PRCP",198," "," ","0",249," "," ","0",122," "," ","0",20," "," ","0",3," "," ","0",0," "," ","0",0," "," ","0",0," "," ","0",0," "," ","0",0," "," ","0",119," "," ","0",165," "," ","0",3," "," ","0",8," "," ","0",99," "," ","0",13," "," ","0",3," "," ","0",0," "," ","0",15," "," ","0",38," "," ","0",79," "," ","0",43," "," ","0",427," "," ","0",124," "," ","0",10," "," ","0",0," "," ","0",0," "," ","0",5," "," ","0",3," "," ","0",3," "," ","0",0," "," ","0"
"31","USC00359461",1951,10,"SNOW",0," "," ","0",0," "," ","0",0," "," ","0",0," "," ","0",0," "," ","0",0," "," ","0",0," "," ","0",0," "," ","0",0," "," ","0",0," "," ","0",0," "," ","0",0," "," ","0",0," "," ","0",0," "," ","0",0," "," ","0",0," "," ","0",0," "," ","0",0," "," ","0",0," "," ","0",0," "," ","0",0," "," ","0",0," "," ","0",0," "," ","0",0," "," ","0",0," "," ","0",0," "," ","0",0," "," ","0",0," "," ","0",0," "," ","0",0," "," ","0",0," "," ","0"
"32","USC00359461",1951,10,"SNWD",0," "," ","0",0," "," ","0",0," "," ","0",0," "," ","0",0," "," ","0",0," "," ","0",0," "," ","0",0," "," ","0",0," "," ","0",0," "," ","0",0," "," ","0",0," "," ","0",0," "," ","0",0," "," ","0",0," "," ","0",0," "," ","0",0," "," ","0",0," "," ","0",0," "," ","0",0," "," ","0",0," "," ","0",0," "," ","0",0," "," ","0",0," "," ","0",0," "," ","0",0," "," ","0",0," "," ","0",0," "," ","0",0," "," ","0",0," "," ","0",0," "," ","0"
"33","USC00359461",1951,11,"PRCP",0,"T"," ","0",0," "," ","0",5," "," ","0",18," "," ","0",0," "," ","0",0," "," ","0",0," "," ","0",3," "," ","0",0,"T"," ","0",168," "," ","0",175," "," ","0",239," "," ","0",84," "," ","0",33," "," ","0",10," "," ","0",0," "," ","0",0," "," ","0",3," "," ","0",10," "," ","0",30," "," ","0",8," "," ","0",0," "," ","0",0," "," ","0",0," "," ","0",5," "," ","0",71," "," ","0",5," "," ","0",130," "," ","0",178," "," ","0",310," "," ","0",NA," "," "," "
"34","USC00359461",1951,11,"SNOW",0," "," ","0",0," "," ","0",0," "," ","0",0," "," ","0",0," "," ","0",0," "," ","0",0," "," ","0",0," "," ","0",0," "," ","0",0," "," ","0",0," "," ","0",0," "," ","0",0," "," ","0",0," "," ","0",0," "," ","0",0," "," ","0",0," "," ","0",0," "," ","0",0," "," ","0",0," "," ","0",0," "," ","0",0," "," ","0",0," "," ","0",0," "," ","0",0," "," ","0",0," "," ","0",0," "," ","0",0," "," ","0",0," "," ","0",0," "," ","0",NA," "," "," "
"35","USC00359461",1951,11,"SNWD",0," "," ","0",0," "," ","0",0," "," ","0",0," "," ","0",0," "," ","0",0," "," ","0",0," "," ","0",0," "," ","0",0," "," ","0",0," "," ","0",0," "," ","0",0," "," ","0",0," "," ","0",0," "," ","0",0," "," ","0",0," "," ","0",0," "," ","0",0," "," ","0",0," "," ","0",0," "," ","0",0," "," ","0",0," "," ","0",0," "," ","0",0," "," ","0",0," "," ","0",0," "," ","0",0," "," ","0",0," "," ","0",0," "," ","0",0," "," ","0",NA," "," "," "
"36","USC00359461",1951,11,"WT01",NA," "," "," ",NA," "," "," ",NA," "," "," ",NA," "," "," ",NA," "," "," ",NA," "," "," ",NA," "," "," ",1," "," ","0",NA," "," "," ",NA," "," "," ",NA," "," "," ",NA," "," "," ",NA," "," "," ",NA," "," "," ",NA," "," "," ",NA," "," "," ",NA," "," "," ",NA," "," "," ",NA," "," "," ",NA," "," "," ",NA," "," "," ",NA," "," "," ",NA," "," "," ",NA," "," "," ",NA," "," "," ",NA," "," "," ",NA," "," "," ",NA," "," "," ",NA," "," "," ",NA," "," "," ",NA," "," "," "
"37","USC00359461",1951,12,"PRCP",147," "," ","0",53," "," ","0",66," "," ","0",234," "," ","0",318," "," ","0",109," "," ","0",15," "," ","0",0," "," ","0",0," "," ","0",0," "," ","0",0," "," ","0",0," "," ","0",5," "," ","0",0," "," ","0",0," "," ","0",20," "," ","0",8," "," ","0",51," "," ","0",142," "," ","0",10," "," ","0",5," "," ","0",114," "," ","0",196," "," ","0",244," "," ","0",8," "," ","0",46," "," ","0",124," "," ","0",109," "," ","0",124," "," ","0",226," "," ","0",18," "," ","0"
"38","USC00359461",1951,12,"SNOW",0," "," ","0",0," "," ","0",0," "," ","0",0," "," ","0",0," "," ","0",0," "," ","0",0," "," ","0",0," "," ","0",0," "," ","0",0," "," ","0",0," "," ","0",0," "," ","0",0," "," ","0",0," "," ","0",0," "," ","0",0," "," ","0",0," "," ","0",0," "," ","0",0," "," ","0",0," "," ","0",0," "," ","0",0," "," ","0",0," "," ","0",0," "," ","0",0," "," ","0",0," "," ","0",0," "," ","0",0," "," ","0",0," "," ","0",76," "," ","0",25," "," ","0"
"39","USC00359461",1951,12,"SNWD",0," "," ","0",0," "," ","0",0," "," ","0",0," "," ","0",0," "," ","0",0," "," ","0",0," "," ","0",0," "," ","0",0," "," ","0",0," "," ","0",0," "," ","0",0," "," ","0",0," "," ","0",0," "," ","0",0," "," ","0",0," "," ","0",0," "," ","0",0," "," ","0",0," "," ","0",0," "," ","0",0," "," ","0",0," "," ","0",0," "," ","0",0," "," ","0",0," "," ","0",0," "," ","0",0," "," ","0",0," "," ","0",0," "," ","0",76," "," ","0",51," "," ","0"
"40","USC00359461",1952,1,"PRCP",13," "," ","0",0," "," ","0",0," "," ","0",104," "," ","0",5," "," ","0",168," "," ","0",15," "," ","0",30," "," ","0",0," "," ","0",305," "," ","0",33," "," ","0",18," "," ","0",0," "," ","0",135," "," ","0",114," "," ","0",0,"T"," ","0",0," "," ","0",0," "," ","0",10," "," ","0",168," "," ","0",218," "," ","0",135," "," ","0",13," "," ","0",48," "," ","0",3," "," ","0",10," "," ","0",0," "," ","0",3," "," ","0",13," "," ","0",18," "," ","0",79," "," ","0"
"41","USC00359461",1952,1,"SNOW",0," "," ","0",0," "," ","0",0," "," ","0",0," "," ","0",0," "," ","0",13," "," ","0",0," "," ","0",0,"T"," ","0",0," "," ","0",0," "," ","0",0," "," ","0",0," "," ","0",0," "," ","0",0,"T"," ","0",0," "," ","0",0," "," ","0",0," "," ","0",0," "," ","0",0," "," ","0",13," "," ","0",38," "," ","0",0," "," ","0",0," "," ","0",0," "," ","0",0," "," ","0",0," "," ","0",0," "," ","0",0," "," ","0",0," "," ","0",0," "," ","0",0," "," ","0"
"42","USC00359461",1952,1,"SNWD",0,"T"," ","0",0,"T"," ","0",0,"T"," ","0",0," "," ","0",0," "," ","0",25," "," ","0",0," "," ","0",0,"T"," ","0",0," "," ","0",0," "," ","0",0," "," ","0",0," "," ","0",0," "," ","0",0," "," ","0",0," "," ","0",0," "," ","0",0," "," ","0",0," "," ","0",0," "," ","0",25," "," ","0",51," "," ","0",25," "," ","0",0,"T"," ","0",0," "," ","0",0," "," ","0",0," "," ","0",0," "," ","0",0," "," ","0",0," "," ","0",0," "," ","0",0," "," ","0"
"43","USC00359461",1952,2,"PRCP",89," "," ","0",218," "," ","0",48," "," ","0",36," "," ","0",0,"T"," ","0",0," "," ","0",0," "," ","0",0," "," ","0",0," "," ","0",0," "," ","0",13," "," ","0",46," "," ","0",15," "," ","0",38," "," ","0",8," "," ","0",213," "," ","0",41," "," ","0",51," "," ","0",25," "," ","0",66," "," ","0",15," "," ","0",3," "," ","0",76," "," ","0",3," "," ","0",0," "," ","0",0," "," ","0",0," "," ","0",0," "," ","0",0," "," ","0",NA," "," "," ",NA," "," "," "
"44","USC00359461",1952,2,"SNOW",0," "," ","0",0," "," ","0",0," "," ","0",0," "," ","0",0," "," ","0",0," "," ","0",0," "," ","0",0," "," ","0",0," "," ","0",0," "," ","0",0," "," ","0",0," "," ","0",0," "," ","0",0," "," ","0",0," "," ","0",0,"T"," ","0",0,"T"," ","0",20," "," ","0",0,"T"," ","0",20," "," ","0",0," "," ","0",0," "," ","0",0,"T"," ","0",0," "," ","0",0," "," ","0",0," "," ","0",0," "," ","0",0," "," ","0",0," "," ","0",NA," "," "," ",NA," "," "," "
"45","USC00359461",1952,2,"SNWD",0," "," ","0",0," "," ","0",0," "," ","0",0," "," ","0",0," "," ","0",0," "," ","0",0," "," ","0",0," "," ","0",0," "," ","0",0," "," ","0",0," "," ","0",0," "," ","0",0," "," ","0",0," "," ","0",0," "," ","0",0,"T"," ","0",0,"T"," ","0",25," "," ","0",0," "," ","0",25," "," ","0",0," "," ","0",0," "," ","0",0," "," ","0",0," "," ","0",0," "," ","0",0," "," ","0",0," "," ","0",0," "," ","0",0," "," ","0",NA," "," "," ",NA," "," "," "
"46","USC00359461",1952,3,"PRCP",3," "," ","0",0," "," ","0",18," "," ","0",28," "," ","0",46," "," ","0",5," "," ","0",0," "," ","0",0," "," ","0",8," "," ","0",74," "," ","0",41," "," ","0",43," "," ","0",28," "," ","0",0,"T"," ","0",0," "," ","0",5," "," ","0",0," "," ","0",145," "," ","0",213," "," ","0",51," "," ","0",10," "," ","0",0," "," ","0",10," "," ","0",140," "," ","0",13," "," ","0",NA," "," "," ",0,"T"," ","0",0," "," ","0",0,"T"," ","0",36," "," ","0",18," "," ","0"
"47","USC00359461",1952,3,"SNOW",0," "," ","0",0," "," ","0",0," "," ","0",0," "," ","0",0," "," ","0",0," "," ","0",0," "," ","0",0," "," ","0",0," "," ","0",0," "," ","0",0," "," ","0",0," "," ","0",0," "," ","0",0," "," ","0",0," "," ","0",0," "," ","0",0," "," ","0",0," "," ","0",25," "," ","0",0,"T"," ","0",0," "," ","0",0," "," ","0",0," "," ","0",0," "," ","0",0," "," ","0",0," "," ","0",0," "," ","0",0," "," ","0",0," "," ","0",0," "," ","0",0," "," ","0"
"48","USC00359461",1952,3,"SNWD",0," "," ","0",0," "," ","0",0," "," ","0",0," "," ","0",0," "," ","0",0," "," ","0",0," "," ","0",0," "," ","0",0," "," ","0",0," "," ","0",0," "," ","0",0," "," ","0",0," "," ","0",0," "," ","0",0," "," ","0",0," "," ","0",0," "," ","0",0," "," ","0",25," "," ","0",0,"T"," ","0",0," "," ","0",0," "," ","0",0," "," ","0",0," "," ","0",0," "," ","0",0," "," ","0",0," "," ","0",0," "," ","0",0," "," ","0",0," "," ","0",0," "," ","0"
"49","USC00359461",1952,4,"PRCP",0," "," ","0",46," "," ","0",10," "," ","0",0," "," ","0",0," "," ","0",0," "," ","0",0," "," ","0",0," "," ","0",0," "," ","0",0," "," ","0",0," "," ","0",0," "," ","0",36," "," ","0",201," "," ","0",3," "," ","0",0," "," ","0",0," "," ","0",0," "," ","0",10," "," ","0",0," "," ","0",0," "," ","0",0," "," ","0",0," "," ","0",0," "," ","0",0," "," ","0",0," "," ","0",0," "," ","0",18," "," ","0",3," "," ","0",20," "," ","0",NA," "," "," "
"50","USC00359461",1952,4,"SNOW",0," "," ","0",0," "," ","0",0," "," ","0",0," "," ","0",0," "," ","0",0," "," ","0",0," "," ","0",0," "," ","0",0," "," ","0",0," "," ","0",0," "," ","0",0," "," ","0",0," "," ","0",0," "," ","0",0," "," ","0",0," "," ","0",0," "," ","0",0," "," ","0",0," "," ","0",0," "," ","0",0," "," ","0",0," "," ","0",0," "," ","0",0," "," ","0",0," "," ","0",0," "," ","0",0," "," ","0",0," "," ","0",0," "," ","0",0," "," ","0",NA," "," "," "
"51","USC00359461",1952,4,"SNWD",0," "," ","0",0," "," ","0",0," "," ","0",0," "," ","0",0," "," ","0",0," "," ","0",0," "," ","0",0," "," ","0",0," "," ","0",0," "," ","0",0," "," ","0",0," "," ","0",0," "," ","0",0," "," ","0",0," "," ","0",0," "," ","0",0," "," ","0",0," "," ","0",0," "," ","0",0," "," ","0",0," "," ","0",0," "," ","0",0," "," ","0",0," "," ","0",0," "," ","0",0," "," ","0",0," "," ","0",0," "," ","0",0," "," ","0",0," "," ","0",NA," "," "," "
"52","USC00359461",1952,5,"PRCP",33," "," ","0",3," "," ","0",0," "," ","0",0," "," ","0",0," "," ","0",30," "," ","0",23," "," ","0",38," "," ","0",0,"T"," ","0",0," "," ","0",0," "," ","0",0," "," ","0",15," "," ","0",18," "," ","0",5," "," ","0",0," "," ","0",0," "," ","0",0," "," ","0",0,"T"," ","0",15," "," ","0",23," "," ","0",0," "," ","0",0," "," ","0",0," "," ","0",0," "," ","0",0," "," ","0",0," "," ","0",0," "," ","0",0," "," ","0",0," "," ","0",0," "," ","0"
"53","USC00359461",1952,5,"SNOW",0," "," ","0",0," "," ","0",0," "," ","0",0," "," ","0",0," "," ","0",0," "," ","0",0," "," ","0",0," "," ","0",0," "," ","0",0," "," ","0",0," "," ","0",0," "," ","0",0," "," ","0",0," "," ","0",0," "," ","0",0," "," ","0",0," "," ","0",0," "," ","0",0," "," ","0",0," "," ","0",0," "," ","0",0," "," ","0",0," "," ","0",0," "," ","0",0," "," ","0",0," "," ","0",0," "," ","0",0," "," ","0",0," "," ","0",0," "," ","0",0," "," ","0"
"54","USC00359461",1952,5,"SNWD",0," "," ","0",0," "," ","0",0," "," ","0",0," "," ","0",0," "," ","0",0," "," ","0",0," "," ","0",0," "," ","0",0," "," ","0",0," "," ","0",0," "," ","0",0," "," ","0",0," "," ","0",0," "," ","0",0," "," ","0",0," "," ","0",0," "," ","0",0," "," ","0",0," "," ","0",0," "," ","0",0," "," ","0",0," "," ","0",0," "," ","0",0," "," ","0",0," "," ","0",0," "," ","0",0," "," ","0",0," "," ","0",0," "," ","0",0," "," ","0",0," "," ","0"
"55","USC00359461",1952,6,"PRCP",0," "," ","0",0," "," ","0",0," "," ","0",0," "," ","0",0," "," ","0",15," "," ","0",3," "," ","0",0," "," ","0",0," "," ","0",10," "," ","0",46," "," ","0",58," "," ","0",28," "," ","0",56," "," ","0",69," "," ","0",0," "," ","0",0," "," ","0",0," "," ","0",0," "," ","0",0," "," ","0",46," "," ","0",0," "," ","0",30," "," ","0",3," "," ","0",15," "," ","0",0," "," ","0",23," "," ","0",81," "," ","0",480," "," ","0",20," "," ","0",NA," "," "," "
"56","USC00359461",1952,6,"SNOW",0," "," ","0",0," "," ","0",0," "," ","0",0," "," ","0",0," "," ","0",0," "," ","0",0," "," ","0",0," "," ","0",0," "," ","0",0," "," ","0",0," "," ","0",0," "," ","0",0," "," ","0",0," "," ","0",0," "," ","0",0," "," ","0",0," "," ","0",0," "," ","0",0," "," ","0",0," "," ","0",0," "," ","0",0," "," ","0",0," "," ","0",0," "," ","0",0," "," ","0",0," "," ","0",0," "," ","0",0," "," ","0",0," "," ","0",0," "," ","0",NA," "," "," "
"57","USC00359461",1952,6,"SNWD",0," "," ","0",0," "," ","0",0," "," ","0",0," "," ","0",0," "," ","0",0," "," ","0",0," "," ","0",0," "," ","0",0," "," ","0",0," "," ","0",0," "," ","0",0," "," ","0",0," "," ","0",0," "," ","0",0," "," ","0",0," "," ","0",0," "," ","0",0," "," ","0",0," "," ","0",0," "," ","0",0," "," ","0",0," "," ","0",0," "," ","0",0," "," ","0",0," "," ","0",0," "," ","0",0," "," ","0",0," "," ","0",0," "," ","0",0," "," ","0",NA," "," "," "
"58","USC00359461",1952,7,"PRCP",0," "," ","0",0," "," ","0",0," "," ","0",0," "," ","0",0," "," ","0",0," "," ","0",0," "," ","0",0," "," ","0",0," "," ","0",0," "," ","0",0," "," ","0",0," "," ","0",0," "," ","0",0," "," ","0",0," "," ","0",0," "," ","0",0," "," ","0",0," "," ","0",0," "," ","0",0," "," ","0",0," "," ","0",0," "," ","0",0," "," ","0",0," "," ","0",0," "," ","0",0," "," ","0",0," "," ","0",0," "," ","0",0," "," ","0",0," "," ","0",0," "," ","0"
"59","USC00359461",1952,7,"SNOW",0," "," ","0",0," "," ","0",0," "," ","0",0," "," ","0",0," "," ","0",0," "," ","0",0," "," ","0",0," "," ","0",0," "," ","0",0," "," ","0",0," "," ","0",0," "," ","0",0," "," ","0",0," "," ","0",0," "," ","0",0," "," ","0",0," "," ","0",0," "," ","0",0," "," ","0",0," "," ","0",0," "," ","0",0," "," ","0",0," "," ","0",0," "," ","0",0," "," ","0",0," "," ","0",0," "," ","0",0," "," ","0",0," "," ","0",0," "," ","0",0," "," ","0"
"60","USC00359461",1952,7,"SNWD",0," "," ","0",0," "," ","0",0," "," ","0",0," "," ","0",0," "," ","0",0," "," ","0",0," "," ","0",0," "," ","0",0," "," ","0",0," "," ","0",0," "," ","0",0," "," ","0",0," "," ","0",0," "," ","0",0," "," ","0",0," "," ","0",0," "," ","0",0," "," ","0",0," "," ","0",0," "," ","0",0," "," ","0",0," "," ","0",0," "," ","0",0," "," ","0",0," "," ","0",0," "," ","0",0," "," ","0",0," "," ","0",0," "," ","0",0," "," ","0",0," "," ","0"
"61","USC00359461",1952,8,"PRCP",3," "," ","0",0," "," ","0",0," "," ","0",0," "," ","0",0," "," ","0",0," "," ","0",0," "," ","0",0," "," ","0",0," "," ","0",0," "," ","0",0," "," ","0",0," "," ","0",0," "," ","0",0," "," ","0",0," "," ","0",0," "," ","0",0," "," ","0",0," "," ","0",0," "," ","0",0," "," ","0",0," "," ","0",0," "," ","0",0," "," ","0",0," "," ","0",0," "," ","0",0," "," ","0",0," "," ","0",0," "," ","0",0," "," ","0",0," "," ","0",0," "," ","0"
"62","USC00359461",1952,8,"SNOW",0," "," ","0",0," "," ","0",0," "," ","0",0," "," ","0",0," "," ","0",0," "," ","0",0," "," ","0",0," "," ","0",0," "," ","0",0," "," ","0",0," "," ","0",0," "," ","0",0," "," ","0",0," "," ","0",0," "," ","0",0," "," ","0",0," "," ","0",0," "," ","0",0," "," ","0",0," "," ","0",0," "," ","0",0," "," ","0",0," "," ","0",0," "," ","0",0," "," ","0",0," "," ","0",0," "," ","0",0," "," ","0",0," "," ","0",0," "," ","0",0," "," ","0"
"63","USC00359461",1952,8,"SNWD",0," "," ","0",0," "," ","0",0," "," ","0",0," "," ","0",0," "," ","0",0," "," ","0",0," "," ","0",0," "," ","0",0," "," ","0",0," "," ","0",0," "," ","0",0," "," ","0",0," "," ","0",0," "," ","0",0," "," ","0",0," "," ","0",0," "," ","0",0," "," ","0",0," "," ","0",0," "," ","0",0," "," ","0",0," "," ","0",0," "," ","0",0," "," ","0",0," "," ","0",0," "," ","0",0," "," ","0",0," "," ","0",0," "," ","0",0," "," ","0",0," "," ","0"
"64","USC00359461",1952,9,"PRCP",0," "," ","0",0," "," ","0",0," "," ","0",0," "," ","0",89," "," ","0",0," "," ","0",0," "," ","0",8," "," ","0",69," "," ","0",28," "," ","0",0," "," ","0",0," "," ","0",0,"T"," ","0",0," "," ","0",0," "," ","0",0," "," ","0",0," "," ","0",0," "," ","0",0," "," ","0",0," "," ","0",0," "," ","0",0," "," ","0",0," "," ","0",0," "," ","0",0," "," ","0",0," "," ","0",0," "," ","0",0," "," ","0",0," "," ","0",0," "," ","0",NA," "," "," "
"65","USC00359461",1952,9,"SNOW",0," "," ","0",0," "," ","0",0," "," ","0",0," "," ","0",0," "," ","0",0," "," ","0",0," "," ","0",0," "," ","0",0," "," ","0",0," "," ","0",0," "," ","0",0," "," ","0",0," "," ","0",0," "," ","0",0," "," ","0",0," "," ","0",0," "," ","0",0," "," ","0",0," "," ","0",0," "," ","0",0," "," ","0",0," "," ","0",0," "," ","0",0," "," ","0",0," "," ","0",0," "," ","0",0," "," ","0",0," "," ","0",0," "," ","0",0," "," ","0",NA," "," "," "
"66","USC00359461",1952,9,"SNWD",0," "," ","0",0," "," ","0",0," "," ","0",0," "," ","0",0," "," ","0",0," "," ","0",0," "," ","0",0," "," ","0",0," "," ","0",0," "," ","0",0," "," ","0",0," "," ","0",0," "," ","0",0," "," ","0",0," "," ","0",0," "," ","0",0," "," ","0",0," "," ","0",0," "," ","0",0," "," ","0",0," "," ","0",0," "," ","0",0," "," ","0",0," "," ","0",0," "," ","0",0," "," ","0",0," "," ","0",0," "," ","0",0," "," ","0",0," "," ","0",NA," "," "," "
"67","USC00359461",1952,10,"PRCP",0," "," ","0",0," "," ","0",0," "," ","0",0," "," ","0",0," "," ","0",0," "," ","0",0," "," ","0",0," "," ","0",0,"T"," ","0",0,"T"," ","0",0," "," ","0",0," "," ","0",0," "," ","0",0," "," ","0",0," "," ","0",0," "," ","0",0," "," ","0",0," "," ","0",23," "," ","0",0," "," ","0",0,"T"," ","0",3," "," ","0",3," "," ","0",36," "," ","0",0," "," ","0",3," "," ","0",3," "," ","0",3," "," ","0",18," "," ","0",20," "," ","0",5," "," ","0"
"68","USC00359461",1952,10,"SNOW",0," "," ","0",0," "," ","0",0," "," ","0",0," "," ","0",0," "," ","0",0," "," ","0",0," "," ","0",0," "," ","0",0," "," ","0",0," "," ","0",0," "," ","0",0," "," ","0",0," "," ","0",0," "," ","0",0," "," ","0",0," "," ","0",0," "," ","0",0," "," ","0",0," "," ","0",0," "," ","0",0," "," ","0",0," "," ","0",0," "," ","0",0," "," ","0",0," "," ","0",0," "," ","0",0," "," ","0",0," "," ","0",0," "," ","0",0," "," ","0",0," "," ","0"
"69","USC00359461",1952,10,"SNWD",0," "," ","0",0," "," ","0",0," "," ","0",0," "," ","0",0," "," ","0",0," "," ","0",0," "," ","0",0," "," ","0",0," "," ","0",0," "," ","0",0," "," ","0",0," "," ","0",0," "," ","0",0," "," ","0",0," "," ","0",0," "," ","0",0," "," ","0",0," "," ","0",0," "," ","0",0," "," ","0",0," "," ","0",0," "," ","0",0," "," ","0",0," "," ","0",0," "," ","0",0," "," ","0",0," "," ","0",0," "," ","0",0," "," ","0",0," "," ","0",0," "," ","0"
"70","USC00359461",1952,11,"PRCP",8," "," ","0",0," "," ","0",0,"T"," ","0",0,"T"," ","0",0," "," ","0",0,"T"," ","0",0,"T"," ","0",0,"T"," ","0",0,"T"," ","0",0,"T"," ","0",38," "," ","0",33," "," ","0",160," "," ","0",86," "," ","0",58," "," ","0",0," "," ","0",0," "," ","0",0," "," ","0",3," "," ","0",0,"T"," ","0",3," "," ","0",0," "," ","0",0," "," ","0",0," "," ","0",0," "," ","0",0," "," ","0",0," "," ","0",0," "," ","0",0," "," ","0",0," "," ","0",NA," "," "," "
"71","USC00359461",1952,11,"SNOW",0," "," ","0",0," "," ","0",0," "," ","0",0," "," ","0",0," "," ","0",0," "," ","0",0," "," ","0",0," "," ","0",0," "," ","0",0," "," ","0",0," "," ","0",0," "," ","0",0," "," ","0",0," "," ","0",0," "," ","0",0," "," ","0",0," "," ","0",0," "," ","0",0," "," ","0",0," "," ","0",0," "," ","0",0," "," ","0",0," "," ","0",0," "," ","0",0," "," ","0",0," "," ","0",0," "," ","0",0," "," ","0",0," "," ","0",0," "," ","0",NA," "," "," "
"72","USC00359461",1952,11,"SNWD",0," "," ","0",0," "," ","0",0," "," ","0",0," "," ","0",0," "," ","0",0," "," ","0",0," "," ","0",0," "," ","0",0," "," ","0",0," "," ","0",0," "," ","0",0," "," ","0",0," "," ","0",0," "," ","0",0," "," ","0",0," "," ","0",0," "," ","0",0," "," ","0",0," "," ","0",0," "," ","0",0," "," ","0",0," "," ","0",0," "," ","0",0," "," ","0",0," "," ","0",0," "," ","0",0," "," ","0",0," "," ","0",0," "," ","0",0," "," ","0",NA," "," "," "
"73","USC00359461",1952,12,"PRCP",203," "," ","0",119," "," ","0",234," "," ","0",150," "," ","0",320," "," ","0",231," "," ","0",274," "," ","0",168," "," ","0",58," "," ","0",279," "," ","0",28," "," ","0",18," "," ","0",3," "," ","0",3," "," ","0",3," "," ","0",5," "," ","0",0," "," ","0",0," "," ","0",41," "," ","0",28," "," ","0",36," "," ","0",81," "," ","0",5," "," ","0",0," "," ","0",5," "," ","0",20," "," ","0",74," "," ","0",0," "," ","0",10," "," ","0",109," "," ","0",5," "," ","0"
"74","USC00359461",1952,12,"SNOW",0," "," ","0",0," "," ","0",0," "," ","0",0," "," ","0",0," "," ","0",0," "," ","0",0," "," ","0",0," "," ","0",0," "," ","0",0," "," ","0",0," "," ","0",0," "," ","0",0," "," ","0",0," "," ","0",0," "," ","0",0," "," ","0",0," "," ","0",0," "," ","0",0," "," ","0",0," "," ","0",0," "," ","0",0," "," ","0",0," "," ","0",0," "," ","0",0," "," ","0",0," "," ","0",0," "," ","0",0," "," ","0",0," "," ","0",0," "," ","0",0," "," ","0"
"75","USC00359461",1952,12,"SNWD",0," "," ","0",0," "," ","0",0," "," ","0",0," "," ","0",0," "," ","0",0," "," ","0",0," "," ","0",0," "," ","0",0," "," ","0",0," "," ","0",0," "," ","0",0," "," ","0",0," "," ","0",0," "," ","0",0," "," ","0",0," "," ","0",0," "," ","0",0," "," ","0",0," "," ","0",0," "," ","0",0," "," ","0",0," "," ","0",0," "," ","0",0," "," ","0",0," "," ","0",0," "," ","0",0," "," ","0",0," "," ","0",0," "," ","0",0," "," ","0",0," "," ","0"
"76","USC00359461",1953,1,"PRCP",71," "," ","0",46," "," ","0",0," "," ","0",0,"T"," ","0",0," "," ","0",5," "," ","0",130," "," ","0",107," "," ","0",229," "," ","0",8," "," ","0",0,"T"," ","0",66," "," ","0",254," "," ","0",99," "," ","0",15," "," ","0",114," "," ","0",262," "," ","0",432," "," ","0",150," "," ","0",269," "," ","0",30," "," ","0",3," "," ","0",0," "," ","0",0," "," ","0",23," "," ","0",152," "," ","0",23," "," ","0",5," "," ","0",3," "," ","0",18," "," ","0",0,"T"," ","0"
"77","USC00359461",1953,1,"SNOW",0," "," ","0",0," "," ","0",0," "," ","0",0," "," ","0",0," "," ","0",0," "," ","0",0," "," ","0",0," "," ","0",0," "," ","0",0," "," ","0",0," "," ","0",0," "," ","0",0," "," ","0",0," "," ","0",0," "," ","0",0," "," ","0",0," "," ","0",0," "," ","0",0," "," ","0",0," "," ","0",0," "," ","0",0," "," ","0",0," "," ","0",0," "," ","0",0," "," ","0",0," "," ","0",0," "," ","0",0," "," ","0",0," "," ","0",0," "," ","0",0," "," ","0"
"78","USC00359461",1953,1,"SNWD",0," "," ","0",0," "," ","0",0," "," ","0",0," "," ","0",0," "," ","0",0," "," ","0",0," "," ","0",0," "," ","0",0," "," ","0",0," "," ","0",0," "," ","0",0," "," ","0",0," "," ","0",0," "," ","0",0," "," ","0",0," "," ","0",0," "," ","0",0," "," ","0",0," "," ","0",0," "," ","0",0," "," ","0",0," "," ","0",0," "," ","0",0," "," ","0",0," "," ","0",0," "," ","0",0," "," ","0",0," "," ","0",0," "," ","0",0," "," ","0",0," "," ","0"
"79","USC00359461",1953,2,"PRCP",71," "," ","0",30," "," ","0",310," "," ","0",137," "," ","0",66," "," ","0",20," "," ","0",3," "," ","0",102," "," ","0",0," "," ","0",0,"T"," ","0",0," "," ","0",0," "," ","0",0," "," ","0",0," "," ","0",41," "," ","0",33," "," ","0",48," "," ","0",196," "," ","0",15," "," ","0",0,"T"," ","0",3," "," ","0",8," "," ","0",38," "," ","0",0," "," ","0",0," "," ","0",0," "," ","0",0," "," ","0",36," "," ","0",NA," "," "," ",NA," "," "," ",NA," "," "," "
"80","USC00359461",1953,2,"SNOW",0," "," ","0",0," "," ","0",0," "," ","0",0," "," ","0",0," "," ","0",0," "," ","0",0," "," ","0",0," "," ","0",0," "," ","0",0," "," ","0",0," "," ","0",0," "," ","0",0," "," ","0",0," "," ","0",0," "," ","0",0," "," ","0",0," "," ","0",0," "," ","0",0," "," ","0",0," "," ","0",0," "," ","0",0," "," ","0",0," "," ","0",0," "," ","0",0," "," ","0",0," "," ","0",0," "," ","0",0," "," ","0",NA," "," "," ",NA," "," "," ",NA," "," "," "
"81","USC00359461",1953,2,"SNWD",0," "," ","0",0," "," ","0",0," "," ","0",0," "," ","0",0," "," ","0",0," "," ","0",0," "," ","0",0," "," ","0",0," "," ","0",0," "," ","0",0," "," ","0",0," "," ","0",0," "," ","0",0," "," ","0",0," "," ","0",0," "," ","0",0," "," ","0",0," "," ","0",0," "," ","0",0," "," ","0",0," "," ","0",0," "," ","0",0," "," ","0",0," "," ","0",0," "," ","0",0," "," ","0",0," "," ","0",0," "," ","0",NA," "," "," ",NA," "," "," ",NA," "," "," "
"82","USC00359461",1953,3,"PRCP",15," "," ","0",0," "," ","0",20," "," ","0",0," "," ","0",0," "," ","0",0," "," ","0",0," "," ","0",0," "," ","0",0," "," ","0",36," "," ","0",30," "," ","0",38," "," ","0",91," "," ","0",0,"T"," ","0",5," "," ","0",5," "," ","0",173," "," ","0",5," "," ","0",119," "," ","0",302," "," ","0",122," "," ","0",51," "," ","0",3," "," ","0",5," "," ","0",124," "," ","0",0," "," ","0",0," "," ","0",38," "," ","0",33," "," ","0",5," "," ","0",23," "," ","0"
"83","USC00359461",1953,3,"SNOW",25," "," ","0",0," "," ","0",0," "," ","0",0," "," ","0",0," "," ","0",0," "," ","0",0," "," ","0",0," "," ","0",0," "," ","0",0," "," ","0",0," "," ","0",0," "," ","0",0," "," ","0",0," "," ","0",0," "," ","0",0," "," ","0",0," "," ","0",0," "," ","0",0," "," ","0",0," "," ","0",0," "," ","0",0," "," ","0",0," "," ","0",0," "," ","0",0," "," ","0",0," "," ","0",0," "," ","0",0," "," ","0",0," "," ","0",0," "," ","0",0," "," ","0"
"84","USC00359461",1953,3,"SNWD",25," "," ","0",0," "," ","0",0," "," ","0",0," "," ","0",0," "," ","0",0," "," ","0",0," "," ","0",0," "," ","0",0," "," ","0",0," "," ","0",0," "," ","0",0," "," ","0",0," "," ","0",0," "," ","0",0," "," ","0",0," "," ","0",0," "," ","0",0," "," ","0",0," "," ","0",0," "," ","0",0," "," ","0",0," "," ","0",0," "," ","0",0," "," ","0",0," "," ","0",0," "," ","0",0," "," ","0",0," "," ","0",0," "," ","0",0," "," ","0",0," "," ","0"
"85","USC00359461",1953,3,"WT01",NA," "," "," ",NA," "," "," ",NA," "," "," ",NA," "," "," ",NA," "," "," ",NA," "," "," ",NA," "," "," ",1," "," ","0",NA," "," "," ",NA," "," "," ",NA," "," "," ",NA," "," "," ",NA," "," "," ",NA," "," "," ",NA," "," "," ",NA," "," "," ",NA," "," "," ",NA," "," "," ",NA," "," "," ",NA," "," "," ",NA," "," "," ",NA," "," "," ",NA," "," "," ",NA," "," "," ",NA," "," "," ",1," "," ","0",NA," "," "," ",NA," "," "," ",NA," "," "," ",NA," "," "," ",NA," "," "," "
"86","USC00359461",1953,4,"PRCP",0," "," ","0",0," "," ","0",0," "," ","0",0," "," ","0",0," "," ","0",0," "," ","0",66," "," ","0",0," "," ","0",25," "," ","0",0," "," ","0",0," "," ","0",3," "," ","0",10," "," ","0",8," "," ","0",0," "," ","0",15," "," ","0",104," "," ","0",15," "," ","0",36," "," ","0",3," "," ","0",0," "," ","0",0," "," ","0",20," "," ","0",0," "," ","0",0," "," ","0",122," "," ","0",135," "," ","0",30," "," ","0",33," "," ","0",58," "," ","0",NA," "," "," "
"87","USC00359461",1953,4,"SNOW",0," "," ","0",0," "," ","0",0," "," ","0",0," "," ","0",0," "," ","0",0," "," ","0",25," "," ","0",0," "," ","0",0," "," ","0",0," "," ","0",0," "," ","0",0," "," ","0",0," "," ","0",0," "," ","0",0," "," ","0",0," "," ","0",0," "," ","0",0," "," ","0",0," "," ","0",0," "," ","0",0," "," ","0",0," "," ","0",0," "," ","0",0," "," ","0",0," "," ","0",0," "," ","0",0," "," ","0",0," "," ","0",0," "," ","0",0," "," ","0",NA," "," "," "
"88","USC00359461",1953,4,"SNWD",0," "," ","0",0," "," ","0",0," "," ","0",0," "," ","0",0," "," ","0",0," "," ","0",0,"T"," ","0",0," "," ","0",0," "," ","0",0," "," ","0",0," "," ","0",0," "," ","0",0," "," ","0",0," "," ","0",0," "," ","0",0," "," ","0",0," "," ","0",0," "," ","0",0," "," ","0",0," "," ","0",0," "," ","0",0," "," ","0",0," "," ","0",0," "," ","0",0," "," ","0",0," "," ","0",0," "," ","0",0," "," ","0",0," "," ","0",0," "," ","0",NA," "," "," "
"89","USC00359461",1953,4,"WT03",NA," "," "," ",NA," "," "," ",NA," "," "," ",NA," "," "," ",NA," "," "," ",NA," "," "," ",NA," "," "," ",NA," "," "," ",NA," "," "," ",NA," "," "," ",NA," "," "," ",NA," "," "," ",NA," "," "," ",NA," "," "," ",NA," "," "," ",NA," "," "," ",NA," "," "," ",NA," "," "," ",NA," "," "," ",NA," "," "," ",NA," "," "," ",NA," "," "," ",1," "," ","0",NA," "," "," ",NA," "," "," ",NA," "," "," ",NA," "," "," ",NA," "," "," ",NA," "," "," ",NA," "," "," ",NA," "," "," "
"90","USC00359461",1953,5,"PRCP",64," "," ","0",43," "," ","0",0," "," ","0",0," "," ","0",0," "," ","0",0," "," ","0",28," "," ","0",43," "," ","0",15," "," ","0",5," "," ","0",0," "," ","0",0," "," ","0",0," "," ","0",48," "," ","0",20," "," ","0",0," "," ","0",0," "," ","0",10," "," ","0",107," "," ","0",36," "," ","0",102," "," ","0",48," "," ","0",117," "," ","0",18," "," ","0",66," "," ","0",165," "," ","0",46," "," ","0",0," "," ","0",0," "," ","0",0," "," ","0",0," "," ","0"
"91","USC00359461",1953,5,"SNOW",0," "," ","0",0," "," ","0",0," "," ","0",0," "," ","0",0," "," ","0",0," "," ","0",0," "," ","0",0," "," ","0",0," "," ","0",0," "," ","0",0," "," ","0",0," "," ","0",0," "," ","0",0," "," ","0",0," "," ","0",0," "," ","0",0," "," ","0",0," "," ","0",0," "," ","0",0," "," ","0",0," "," ","0",0," "," ","0",0," "," ","0",0," "," ","0",0," "," ","0",0," "," ","0",0," "," ","0",0," "," ","0",0," "," ","0",0," "," ","0",0," "," ","0"
"92","USC00359461",1953,5,"SNWD",0," "," ","0",0," "," ","0",0," "," ","0",0," "," ","0",0," "," ","0",0," "," ","0",0," "," ","0",0," "," ","0",0," "," ","0",0," "," ","0",0," "," ","0",0," "," ","0",0," "," ","0",0," "," ","0",0," "," ","0",0," "," ","0",0," "," ","0",0," "," ","0",0," "," ","0",0," "," ","0",0," "," ","0",0," "," ","0",0," "," ","0",0," "," ","0",0," "," ","0",0," "," ","0",0," "," ","0",0," "," ","0",0," "," ","0",0," "," ","0",0," "," ","0"
"93","USC00359461",1953,6,"PRCP",8," "," ","0",3," "," ","0",0," "," ","0",3," "," ","0",13," "," ","0",122," "," ","0",102," "," ","0",20," "," ","0",18," "," ","0",3," "," ","0",0," "," ","0",0," "," ","0",43," "," ","0",3," "," ","0",0," "," ","0",0," "," ","0",0," "," ","0",0," "," ","0",0," "," ","0",3," "," ","0",0," "," ","0",0," "," ","0",0," "," ","0",0," "," ","0",0," "," ","0",0," "," ","0",0," "," ","0",15," "," ","0",18," "," ","0",5," "," ","0",NA," "," "," "
"94","USC00359461",1953,6,"SNOW",0," "," ","0",0," "," ","0",0," "," ","0",0," "," ","0",0," "," ","0",0," "," ","0",0," "," ","0",0," "," ","0",0," "," ","0",0," "," ","0",0," "," ","0",0," "," ","0",0," "," ","0",0," "," ","0",0," "," ","0",0," "," ","0",0," "," ","0",0," "," ","0",0," "," ","0",0," "," ","0",0," "," ","0",0," "," ","0",0," "," ","0",0," "," ","0",0," "," ","0",0," "," ","0",0," "," ","0",0," "," ","0",0," "," ","0",0," "," ","0",NA," "," "," "
"95","USC00359461",1953,6,"SNWD",0," "," ","0",0," "," ","0",0," "," ","0",0," "," ","0",0," "," ","0",0," "," ","0",0," "," ","0",0," "," ","0",0," "," ","0",0," "," ","0",0," "," ","0",0," "," ","0",0," "," ","0",0," "," ","0",0," "," ","0",0," "," ","0",0," "," ","0",0," "," ","0",0," "," ","0",0," "," ","0",0," "," ","0",0," "," ","0",0," "," ","0",0," "," ","0",0," "," ","0",0," "," ","0",0," "," ","0",0," "," ","0",0," "," ","0",0," "," ","0",NA," "," "," "
"96","USC00359461",1953,7,"PRCP",0," "," ","0",0," "," ","0",0," "," ","0",0," "," ","0",0," "," ","0",0," "," ","0",0," "," ","0",0," "," ","0",0," "," ","0",0," "," ","0",0," "," ","0",0," "," ","0",0," "," ","0",0," "," ","0",0," "," ","0",0," "," ","0",0," "," ","0",0," "," ","0",0," "," ","0",0," "," ","0",0," "," ","0",0," "," ","0",0," "," ","0",0," "," ","0",0," "," ","0",0," "," ","0",0," "," ","0",0," "," ","0",0," "," ","0",0," "," ","0",0," "," ","0"
"97","USC00359461",1953,7,"SNOW",0," "," ","0",0," "," ","0",0," "," ","0",0," "," ","0",0," "," ","0",0," "," ","0",0," "," ","0",0," "," ","0",0," "," ","0",0," "," ","0",0," "," ","0",0," "," ","0",0," "," ","0",0," "," ","0",0," "," ","0",0," "," ","0",0," "," ","0",0," "," ","0",0," "," ","0",0," "," ","0",0," "," ","0",0," "," ","0",0," "," ","0",0," "," ","0",0," "," ","0",0," "," ","0",0,"T"," ","0",0," "," ","0",0," "," ","0",0," "," ","0",0," "," ","0"
"98","USC00359461",1953,7,"SNWD",0," "," ","0",0," "," ","0",0," "," ","0",0," "," ","0",0," "," ","0",0," "," ","0",0," "," ","0",0," "," ","0",0," "," ","0",0," "," ","0",0," "," ","0",0," "," ","0",0," "," ","0",0," "," ","0",0," "," ","0",0," "," ","0",0," "," ","0",0," "," ","0",0," "," ","0",0," "," ","0",0," "," ","0",0," "," ","0",0," "," ","0",0," "," ","0",0," "," ","0",0," "," ","0",NA," "," "," ",0," "," ","0",0," "," ","0",0," "," ","0",0," "," ","0"
"99","USC00359461",1953,8,"PRCP",0," "," ","0",0," "," ","0",0," "," ","0",8," "," ","0",15," "," ","0",0," "," ","0",0," "," ","0",0," "," ","0",0," "," ","0",0," "," ","0",0," "," ","0",0," "," ","0",0," "," ","0",0," "," ","0",13," "," ","0",0," "," ","0",0," "," ","0",0," "," ","0",0," "," ","0",13," "," ","0",0,"T"," ","0",0," "," ","0",15," "," ","0",10," "," ","0",0," "," ","0",157," "," ","0",3," "," ","0",0," "," ","0",89," "," ","0",3," "," ","0",0," "," ","0"
"100","USC00359461",1953,8,"SNOW",0," "," ","0",0," "," ","0",0," "," ","0",0," "," ","0",0," "," ","0",0," "," ","0",0," "," ","0",0," "," ","0",0," "," ","0",0," "," ","0",0," "," ","0",0," "," ","0",0," "," ","0",0," "," ","0",0," "," ","0",0," "," ","0",0," "," ","0",0," "," ","0",0," "," ","0",0," "," ","0",0," "," ","0",0," "," ","0",0," "," ","0",0," "," ","0",0," "," ","0",0," "," ","0",0," "," ","0",0," "," ","0",0," "," ","0",0," "," ","0",0," "," ","0"
"101","USC00359461",1953,8,"SNWD",0," "," ","0",0," "," ","0",0," "," ","0",0," "," ","0",0," "," ","0",0," "," ","0",0," "," ","0",0," "," ","0",0," "," ","0",0," "," ","0",0," "," ","0",0," "," ","0",0," "," ","0",0," "," ","0",0," "," ","0",0," "," ","0",0," "," ","0",0," "," ","0",0," "," ","0",0," "," ","0",0," "," ","0",0," "," ","0",0," "," ","0",0," "," ","0",0," "," ","0",0," "," ","0",0," "," ","0",0," "," ","0",0," "," ","0",0," "," ","0",0," "," ","0"
"102","USC00359461",1953,9,"PRCP",0," "," ","0",0," "," ","0",0," "," ","0",0," "," ","0",0," "," ","0",38," "," ","0",0,"T"," ","0",0," "," ","0",0," "," ","0",0," "," ","0",0," "," ","0",0," "," ","0",0," "," ","0",0," "," ","0",0," "," ","0",0," "," ","0",0," "," ","0",0," "," ","0",0," "," ","0",0," "," ","0",0," "," ","0",0," "," ","0",0," "," ","0",0," "," ","0",0," "," ","0",0," "," ","0",3," "," ","0",46," "," ","0",3," "," ","0",0," "," ","0",NA," "," "," "
"103","USC00359461",1953,9,"SNOW",0," "," ","0",0," "," ","0",0," "," ","0",0," "," ","0",0," "," ","0",0," "," ","0",0," "," ","0",0," "," ","0",0," "," ","0",0," "," ","0",0," "," ","0",0," "," ","0",0," "," ","0",0," "," ","0",0," "," ","0",0," "," ","0",0," "," ","0",0," "," ","0",0," "," ","0",0," "," ","0",0," "," ","0",0," "," ","0",0," "," ","0",0," "," ","0",0," "," ","0",0," "," ","0",0," "," ","0",0," "," ","0",0," "," ","0",0," "," ","0",NA," "," "," "
"104","USC00359461",1953,9,"SNWD",0," "," ","0",0," "," ","0",0," "," ","0",0," "," ","0",0," "," ","0",0," "," ","0",0," "," ","0",0," "," ","0",0," "," ","0",0," "," ","0",0," "," ","0",0," "," ","0",0," "," ","0",0," "," ","0",0," "," ","0",0," "," ","0",0," "," ","0",0," "," ","0",0," "," ","0",0," "," ","0",0," "," ","0",0," "," ","0",0," "," ","0",0," "," ","0",0," "," ","0",0," "," ","0",0," "," ","0",0," "," ","0",0," "," ","0",0," "," ","0",NA," "," "," "
"105","USC00359461",1953,10,"PRCP",259," "," ","0",84," "," ","0",5," "," ","0",3," "," ","0",0,"T"," ","0",0," "," ","0",0," "," ","0",0," "," ","0",0," "," ","0",254," "," ","0",127," "," ","0",0," "," ","0",0," "," ","0",5," "," ","0",0," "," ","0",0," "," ","0",3," "," ","0",295," "," ","0",18," "," ","0",20," "," ","0",0,"T"," ","0",0," "," ","0",0," "," ","0",0,"T"," ","0",0," "," ","0",0,"T"," ","0",3," "," ","0",3," "," ","0",0," "," ","0",0," "," ","0",0," "," ","0"
"106","USC00359461",1953,10,"SNOW",0," "," ","0",0," "," ","0",0," "," ","0",0," "," ","0",0," "," ","0",0," "," ","0",0," "," ","0",0," "," ","0",0," "," ","0",0," "," ","0",0," "," ","0",0," "," ","0",0," "," ","0",0," "," ","0",0," "," ","0",0," "," ","0",0," "," ","0",0," "," ","0",0," "," ","0",0," "," ","0",0," "," ","0",0," "," ","0",0," "," ","0",0," "," ","0",0," "," ","0",0," "," ","0",0," "," ","0",0," "," ","0",0," "," ","0",0," "," ","0",0," "," ","0"
"107","USC00359461",1953,10,"SNWD",0," "," ","0",0," "," ","0",0," "," ","0",0," "," ","0",0," "," ","0",0," "," ","0",0," "," ","0",0," "," ","0",0," "," ","0",0," "," ","0",0," "," ","0",0," "," ","0",0," "," ","0",0," "," ","0",0," "," ","0",0," "," ","0",0," "," ","0",0," "," ","0",0," "," ","0",0," "," ","0",0," "," ","0",0," "," ","0",0," "," ","0",0," "," ","0",0," "," ","0",0," "," ","0",0," "," ","0",0," "," ","0",0," "," ","0",0," "," ","0",0," "," ","0"
"108","USC00359461",1953,11,"PRCP",5," "," ","0",84," "," ","0",0," "," ","0",0,"T"," ","0",38," "," ","0",170," "," ","0",15," "," ","0",0,"T"," ","0",0,"T"," ","0",3," "," ","0",64," "," ","0",0," "," ","0",0," "," ","0",0," "," ","0",0,"T"," ","0",41," "," ","0",84," "," ","0",8," "," ","0",20," "," ","0",119," "," ","0",99," "," ","0",531," "," ","0",686," "," ","0",33," "," ","0",0,"T"," ","0",0," "," ","0",119," "," ","0",0," "," ","0",0," "," ","0",30," "," ","0",NA," "," "," "
"109","USC00359461",1953,11,"SNOW",0," "," ","0",0," "," ","0",0," "," ","0",0," "," ","0",0," "," ","0",0," "," ","0",0," "," ","0",0," "," ","0",0," "," ","0",0," "," ","0",0," "," ","0",0," "," ","0",0," "," ","0",0," "," ","0",0," "," ","0",0," "," ","0",0," "," ","0",0," "," ","0",0," "," ","0",0," "," ","0",0," "," ","0",0," "," ","0",0," "," ","0",0," "," ","0",0," "," ","0",0," "," ","0",0," "," ","0",0," "," ","0",0," "," ","0",0," "," ","0",NA," "," "," "
"110","USC00359461",1953,11,"SNWD",0," "," ","0",0," "," ","0",0," "," ","0",0," "," ","0",0," "," ","0",0," "," ","0",0," "," ","0",0," "," ","0",0," "," ","0",0," "," ","0",0," "," ","0",0," "," ","0",0," "," ","0",0," "," ","0",0," "," ","0",0," "," ","0",0," "," ","0",0," "," ","0",0," "," ","0",0," "," ","0",0," "," ","0",0," "," ","0",0," "," ","0",0," "," ","0",0," "," ","0",0," "," ","0",0," "," ","0",0," "," ","0",0," "," ","0",0," "," ","0",NA," "," "," "
"111","USC00359461",1953,12,"PRCP",41," "," ","0",74," "," ","0",10," "," ","0",231," "," ","0",102," "," ","0",193," "," ","0",163," "," ","0",69," "," ","0",36," "," ","0",127," "," ","0",10," "," ","0",0," "," ","0",0," "," ","0",0," "," ","0",0,"T"," ","0",0,"T"," ","0",3," "," ","0",86," "," ","0",137," "," ","0",147," "," ","0",43," "," ","0",0," "," ","0",0," "," ","0",8," "," ","0",0,"T"," ","0",3," "," ","0",36," "," ","0",0," "," ","0",0,"T"," ","0",0," "," ","0",0," "," ","0"
"112","USC00359461",1953,12,"SNOW",0," "," ","0",0," "," ","0",0," "," ","0",0," "," ","0",0," "," ","0",0," "," ","0",0," "," ","0",0," "," ","0",0," "," ","0",0," "," ","0",0," "," ","0",0," "," ","0",0," "," ","0",0," "," ","0",0," "," ","0",0," "," ","0",0," "," ","0",0," "," ","0",0," "," ","0",0," "," ","0",0," "," ","0",0," "," ","0",0," "," ","0",0," "," ","0",0," "," ","0",0," "," ","0",0," "," ","0",0," "," ","0",0," "," ","0",0," "," ","0",0," "," ","0"
"113","USC00359461",1953,12,"SNWD",0," "," ","0",0," "," ","0",0," "," ","0",0," "," ","0",0," "," ","0",0," "," ","0",0," "," ","0",0," "," ","0",0," "," ","0",0," "," ","0",0," "," ","0",0," "," ","0",0," "," ","0",0," "," ","0",0," "," ","0",0," "," ","0",0," "," ","0",0," "," ","0",0," "," ","0",0," "," ","0",0," "," ","0",0," "," ","0",0," "," ","0",0," "," ","0",0," "," ","0",0," "," ","0",0," "," ","0",0," "," ","0",0," "," ","0",0," "," ","0",0," "," ","0"
"114","USC00359461",1953,12,"WT01",NA," "," "," ",NA," "," "," ",NA," "," "," ",NA," "," "," ",NA," "," "," ",NA," "," "," ",NA," "," "," ",NA," "," "," ",NA," "," "," ",NA," "," "," ",NA," "," "," ",NA," "," "," ",NA," "," "," ",NA," "," "," ",1," "," ","0",NA," "," "," ",NA," "," "," ",NA," "," "," ",NA," "," "," ",NA," "," "," ",NA," "," "," ",NA," "," "," ",NA," "," "," ",NA," "," "," ",NA," "," "," ",NA," "," "," ",NA," "," "," ",1," "," ","0",NA," "," "," ",NA," "," "," ",NA," "," "," "
"115","USC00359461",1954,1,"PRCP",66," "," ","0",3," "," ","0",160," "," ","0",41," "," ","0",5," "," ","0",0," "," ","0",64," "," ","0",48," "," ","0",53," "," ","0",13," "," ","0",10," "," ","0",0," "," ","0",0," "," ","0",0," "," ","0",287," "," ","0",386," "," ","0",315," "," ","0",145," "," ","0",28," "," ","0",0," "," ","0",0," "," ","0",23," "," ","0",239," "," ","0",69," "," ","0",5," "," ","0",419," "," ","0",150," "," ","0",168," "," ","0",173," "," ","0",0," "," ","0",0," "," ","0"
"116","USC00359461",1954,1,"SNOW",0," "," ","0",0," "," ","0",0," "," ","0",0," "," ","0",0," "," ","0",0," "," ","0",0," "," ","0",0," "," ","0",0," "," ","0",0," "," ","0",0," "," ","0",0," "," ","0",0," "," ","0",0," "," ","0",0," "," ","0",0,"T"," ","0",51," "," ","0",0," "," ","0",0," "," ","0",0," "," ","0",0," "," ","0",0," "," ","0",0," "," ","0",0,"T"," ","0",0," "," ","0",51," "," ","0",0," "," ","0",0," "," ","0",0," "," ","0",0," "," ","0",0," "," ","0"
"117","USC00359461",1954,1,"SNWD",0," "," ","0",0," "," ","0",0," "," ","0",0," "," ","0",0," "," ","0",0," "," ","0",0," "," ","0",0," "," ","0",0," "," ","0",0," "," ","0",0," "," ","0",0," "," ","0",0," "," ","0",0," "," ","0",0," "," ","0",0,"T"," ","0",25," "," ","0",0," "," ","0",0," "," ","0",0," "," ","0",0," "," ","0",0," "," ","0",0," "," ","0",0,"T"," ","0",0," "," ","0",51," "," ","0",0," "," ","0",0," "," ","0",0," "," ","0",0," "," ","0",0," "," ","0"
"118","USC00359461",1954,2,"PRCP",0," "," ","0",0," "," ","0",0," "," ","0",0," "," ","0",0," "," ","0",0," "," ","0",0," "," ","0",0," "," ","0",0," "," ","0",0," "," ","0",0," "," ","0",251," "," ","0",185," "," ","0",18," "," ","0",0," "," ","0",0," "," ","0",140," "," ","0",152," "," ","0",3," "," ","0",38," "," ","0",51," "," ","0",13," "," ","0",0," "," ","0",3," "," ","0",0," "," ","0",3," "," ","0",5," "," ","0",0," "," ","0",NA," "," "," ",NA," "," "," ",NA," "," "," "
"119","USC00359461",1954,2,"SNOW",0," "," ","0",0," "," ","0",0," "," ","0",0," "," ","0",0," "," ","0",0," "," ","0",0," "," ","0",0," "," ","0",0," "," ","0",0," "," ","0",0," "," ","0",0," "," ","0",0," "," ","0",0," "," ","0",0," "," ","0",0," "," ","0",0," "," ","0",0," "," ","0",0," "," ","0",0," "," ","0",0," "," ","0",0," "," ","0",0," "," ","0",0," "," ","0",0," "," ","0",0," "," ","0",0," "," ","0",0," "," ","0",NA," "," "," ",NA," "," "," ",NA," "," "," "
"120","USC00359461",1954,2,"SNWD",0," "," ","0",0," "," ","0",0," "," ","0",0," "," ","0",0," "," ","0",0," "," ","0",0," "," ","0",0," "," ","0",0," "," ","0",0," "," ","0",0," "," ","0",0," "," ","0",0," "," ","0",0," "," ","0",0," "," ","0",0," "," ","0",0," "," ","0",0," "," ","0",0," "," ","0",0," "," ","0",0," "," ","0",0," "," ","0",0," "," ","0",0," "," ","0",0," "," ","0",0," "," ","0",0," "," ","0",0," "," ","0",NA," "," "," ",NA," "," "," ",NA," "," "," "
"121","USC00359461",1954,3,"PRCP",0," "," ","0",0," "," ","0",0," "," ","0",0," "," ","0",0," "," ","0",0," "," ","0",0," "," ","0",130," "," ","0",124," "," ","0",94," "," ","0",41," "," ","0",0," "," ","0",0," "," ","0",0," "," ","0",0," "," ","0",5," "," ","0",3," "," ","0",0," "," ","0",0," "," ","0",0," "," ","0",13," "," ","0",3," "," ","0",0," "," ","0",8," "," ","0",0," "," ","0",0," "," ","0",13," "," ","0",178," "," ","0",38," "," ","0",0," "," ","0",0," "," ","0"
"122","USC00359461",1954,3,"SNOW",0," "," ","0",0," "," ","0",0," "," ","0",0," "," ","0",0," "," ","0",0," "," ","0",0," "," ","0",0," "," ","0",0," "," ","0",0,"T"," ","0",0,"T"," ","0",0," "," ","0",0," "," ","0",0," "," ","0",0," "," ","0",0," "," ","0",0,"T"," ","0",0," "," ","0",0," "," ","0",0," "," ","0",0," "," ","0",0," "," ","0",0," "," ","0",0," "," ","0",0," "," ","0",0," "," ","0",0," "," ","0",0," "," ","0",0," "," ","0",0," "," ","0",0," "," ","0"
"123","USC00359461",1954,3,"SNWD",0," "," ","0",0," "," ","0",0," "," ","0",0," "," ","0",0," "," ","0",0," "," ","0",0," "," ","0",0," "," ","0",0," "," ","0",0,"T"," ","0",0,"T"," ","0",0," "," ","0",0," "," ","0",0," "," ","0",0," "," ","0",0," "," ","0",0," "," ","0",0," "," ","0",0," "," ","0",0," "," ","0",0," "," ","0",0," "," ","0",0," "," ","0",0," "," ","0",0," "," ","0",0," "," ","0",0," "," ","0",0," "," ","0",0," "," ","0",0," "," ","0",0," "," ","0"
"124","USC00359461",1954,4,"PRCP",0," "," ","0",0," "," ","0",48," "," ","0",145," "," ","0",53," "," ","0",89," "," ","0",23," "," ","0",30," "," ","0",53," "," ","0",8," "," ","0",0," "," ","0",0," "," ","0",66," "," ","0",0," "," ","0",0," "," ","0",0," "," ","0",0," "," ","0",0," "," ","0",0," "," ","0",0," "," ","0",0," "," ","0",0," "," ","0",0," "," ","0",0," "," ","0",0," "," ","0",0," "," ","0",30," "," ","0",18," "," ","0",0," "," ","0",0," "," ","0",NA," "," "," "
"125","USC00359461",1954,4,"SNOW",0," "," ","0",0," "," ","0",0," "," ","0",0," "," ","0",0," "," ","0",0," "," ","0",0," "," ","0",0," "," ","0",0," "," ","0",0," "," ","0",0," "," ","0",0," "," ","0",0," "," ","0",0," "," ","0",0," "," ","0",0," "," ","0",0," "," ","0",0," "," ","0",0," "," ","0",0," "," ","0",0," "," ","0",0," "," ","0",0," "," ","0",0," "," ","0",0," "," ","0",0," "," ","0",0," "," ","0",0," "," ","0",0," "," ","0",0," "," ","0",NA," "," "," "
"126","USC00359461",1954,4,"SNWD",0," "," ","0",0," "," ","0",0," "," ","0",0," "," ","0",0," "," ","0",0," "," ","0",0," "," ","0",0," "," ","0",0," "," ","0",0," "," ","0",0," "," ","0",0," "," ","0",0," "," ","0",0," "," ","0",0," "," ","0",0," "," ","0",0," "," ","0",0," "," ","0",0," "," ","0",0," "," ","0",0," "," ","0",0," "," ","0",0," "," ","0",0," "," ","0",0," "," ","0",0," "," ","0",0," "," ","0",0," "," ","0",0," "," ","0",0," "," ","0",NA," "," "," "
"127","USC00359461",1954,5,"PRCP",0," "," ","0",0," "," ","0",5," "," ","0",0," "," ","0",0," "," ","0",0," "," ","0",0," "," ","0",0," "," ","0",0," "," ","0",0," "," ","0",0," "," ","0",0," "," ","0",0," "," ","0",0," "," ","0",0," "," ","0",0," "," ","0",0," "," ","0",0," "," ","0",0," "," ","0",0," "," ","0",0," "," ","0",0," "," ","0",0," "," ","0",0," "," ","0",5," "," ","0",15," "," ","0",25," "," ","0",0," "," ","0",3," "," ","0",23," "," ","0",41," "," ","0"
"128","USC00359461",1954,5,"SNOW",0," "," ","0",0," "," ","0",0," "," ","0",0," "," ","0",0," "," ","0",0," "," ","0",0," "," ","0",0," "," ","0",0," "," ","0",0," "," ","0",0," "," ","0",0," "," ","0",0," "," ","0",0," "," ","0",0," "," ","0",0," "," ","0",0," "," ","0",0," "," ","0",0," "," ","0",0," "," ","0",0," "," ","0",0," "," ","0",0," "," ","0",0," "," ","0",0," "," ","0",0," "," ","0",0," "," ","0",0," "," ","0",0," "," ","0",0," "," ","0",0," "," ","0"
"129","USC00359461",1954,5,"SNWD",0," "," ","0",0," "," ","0",0," "," ","0",0," "," ","0",0," "," ","0",0," "," ","0",0," "," ","0",0," "," ","0",0," "," ","0",0," "," ","0",0," "," ","0",0," "," ","0",0," "," ","0",0," "," ","0",0," "," ","0",0," "," ","0",0," "," ","0",0," "," ","0",0," "," ","0",0," "," ","0",0," "," ","0",0," "," ","0",0," "," ","0",0," "," ","0",0," "," ","0",0," "," ","0",0," "," ","0",0," "," ","0",0," "," ","0",0," "," ","0",0," "," ","0"
"130","USC00359461",1954,6,"PRCP",10," "," ","0",0," "," ","0",0," "," ","0",10," "," ","0",36," "," ","0",18," "," ","0",0," "," ","0",61," "," ","0",43," "," ","0",5," "," ","0",0," "," ","0",46," "," ","0",33," "," ","0",0," "," ","0",64," "," ","0",15," "," ","0",10," "," ","0",0," "," ","0",0,"T"," ","0",0," "," ","0",0," "," ","0",0," "," ","0",0," "," ","0",0," "," ","0",0," "," ","0",0," "," ","0",102," "," ","0",0," "," ","0",0," "," ","0",5," "," ","0",NA," "," "," "
"131","USC00359461",1954,6,"SNOW",0," "," ","0",0," "," ","0",0," "," ","0",0," "," ","0",0," "," ","0",0," "," ","0",0," "," ","0",0," "," ","0",0," "," ","0",0," "," ","0",0," "," ","0",0," "," ","0",0," "," ","0",0," "," ","0",0," "," ","0",0," "," ","0",0," "," ","0",0," "," ","0",0," "," ","0",0," "," ","0",0," "," ","0",0," "," ","0",0," "," ","0",0," "," ","0",0," "," ","0",0," "," ","0",0," "," ","0",0," "," ","0",0," "," ","0",0," "," ","0",NA," "," "," "
"132","USC00359461",1954,6,"SNWD",0," "," ","0",0," "," ","0",0," "," ","0",0," "," ","0",0," "," ","0",0," "," ","0",0," "," ","0",0," "," ","0",0," "," ","0",0," "," ","0",0," "," ","0",0," "," ","0",0," "," ","0",0," "," ","0",0," "," ","0",0," "," ","0",0," "," ","0",0," "," ","0",0," "," ","0",0," "," ","0",0," "," ","0",0," "," ","0",0," "," ","0",0," "," ","0",0," "," ","0",0," "," ","0",0," "," ","0",0," "," ","0",0," "," ","0",0," "," ","0",NA," "," "," "
"133","USC00359461",1954,7,"PRCP",18," "," ","0",0," "," ","0",0," "," ","0",0," "," ","0",0," "," ","0",0," "," ","0",5," "," ","0",0,"T"," ","0",3," "," ","0",0,"T"," ","0",0," "," ","0",0," "," ","0",0," "," ","0",0," "," ","0",0," "," ","0",0," "," ","0",0," "," ","0",0," "," ","0",0," "," ","0",0," "," ","0",3," "," ","0",0," "," ","0",0," "," ","0",0," "," ","0",0," "," ","0",0," "," ","0",0," "," ","0",0," "," ","0",0," "," ","0",0," "," ","0",0," "," ","0"
"134","USC00359461",1954,7,"SNOW",0," "," ","0",0," "," ","0",0," "," ","0",0," "," ","0",0," "," ","0",0," "," ","0",0," "," ","0",0," "," ","0",0," "," ","0",0," "," ","0",0," "," ","0",0," "," ","0",0," "," ","0",0," "," ","0",0," "," ","0",0,"T"," ","0",0," "," ","0",0," "," ","0",0," "," ","0",0," "," ","0",0," "," ","0",0," "," ","0",0," "," ","0",0," "," ","0",0," "," ","0",0," "," ","0",0," "," ","0",0," "," ","0",0," "," ","0",0," "," ","0",0," "," ","0"
"135","USC00359461",1954,7,"SNWD",0," "," ","0",0," "," ","0",0," "," ","0",0," "," ","0",0," "," ","0",0," "," ","0",0," "," ","0",0," "," ","0",0," "," ","0",0," "," ","0",0," "," ","0",0," "," ","0",0," "," ","0",0," "," ","0",0," "," ","0",NA," "," "," ",0," "," ","0",0," "," ","0",0," "," ","0",0," "," ","0",0," "," ","0",0," "," ","0",0," "," ","0",0," "," ","0",0," "," ","0",0," "," ","0",0," "," ","0",0," "," ","0",0," "," ","0",0," "," ","0",0," "," ","0"
"136","USC00359461",1954,8,"PRCP",0," "," ","0",0," "," ","0",0," "," ","0",0," "," ","0",0," "," ","0",0," "," ","0",0," "," ","0",0," "," ","0",0," "," ","0",0," "," ","0",0," "," ","0",0," "," ","0",0," "," ","0",5," "," ","0",13," "," ","0",3," "," ","0",0," "," ","0",0," "," ","0",5," "," ","0",23," "," ","0",5," "," ","0",0," "," ","0",0," "," ","0",0," "," ","0",3," "," ","0",157," "," ","0",41," "," ","0",33," "," ","0",20," "," ","0",0," "," ","0",46," "," ","0"
"137","USC00359461",1954,8,"SNOW",0," "," ","0",0," "," ","0",0," "," ","0",0," "," ","0",0," "," ","0",0," "," ","0",0," "," ","0",0," "," ","0",0," "," ","0",0," "," ","0",0," "," ","0",0," "," ","0",0," "," ","0",0," "," ","0",0," "," ","0",0," "," ","0",0," "," ","0",0," "," ","0",0," "," ","0",0," "," ","0",0," "," ","0",0," "," ","0",0," "," ","0",0," "," ","0",0," "," ","0",0," "," ","0",0," "," ","0",0," "," ","0",0," "," ","0",0," "," ","0",0," "," ","0"
"138","USC00359461",1954,8,"SNWD",0," "," ","0",0," "," ","0",0," "," ","0",0," "," ","0",0," "," ","0",0," "," ","0",0," "," ","0",0," "," ","0",0," "," ","0",0," "," ","0",0," "," ","0",0," "," ","0",0," "," ","0",0," "," ","0",0," "," ","0",0," "," ","0",0," "," ","0",0," "," ","0",0," "," ","0",0," "," ","0",0," "," ","0",0," "," ","0",0," "," ","0",0," "," ","0",0," "," ","0",0," "," ","0",0," "," ","0",0," "," ","0",0," "," ","0",0," "," ","0",0," "," ","0"
"139","USC00359461",1954,9,"PRCP",0," "," ","0",0," "," ","0",0," "," ","0",0," "," ","0",0," "," ","0",0," "," ","0",0," "," ","0",0," "," ","0",0," "," ","0",0," "," ","0",91," "," ","0",46," "," ","0",8," "," ","0",18," "," ","0",112," "," ","0",43," "," ","0",122," "," ","0",3," "," ","0",0," "," ","0",0," "," ","0",0," "," ","0",0," "," ","0",0," "," ","0",0," "," ","0",0," "," ","0",0," "," ","0",0," "," ","0",0," "," ","0",0," "," ","0",0," "," ","0",NA," "," "," "
"140","USC00359461",1954,9,"SNOW",0," "," ","0",0," "," ","0",0," "," ","0",0," "," ","0",0," "," ","0",0," "," ","0",0," "," ","0",0," "," ","0",0," "," ","0",0," "," ","0",0," "," ","0",0," "," ","0",0," "," ","0",0," "," ","0",0," "," ","0",0," "," ","0",0," "," ","0",0," "," ","0",0," "," ","0",0," "," ","0",0," "," ","0",0," "," ","0",0," "," ","0",0," "," ","0",0," "," ","0",0," "," ","0",0," "," ","0",0," "," ","0",0," "," ","0",0," "," ","0",NA," "," "," "
"141","USC00359461",1954,9,"SNWD",0," "," ","0",0," "," ","0",0," "," ","0",0," "," ","0",0," "," ","0",0," "," ","0",0," "," ","0",0," "," ","0",0," "," ","0",0," "," ","0",0," "," ","0",0," "," ","0",0," "," ","0",0," "," ","0",0," "," ","0",0," "," ","0",0," "," ","0",0," "," ","0",0," "," ","0",0," "," ","0",0," "," ","0",0," "," ","0",0," "," ","0",0," "," ","0",0," "," ","0",0," "," ","0",0," "," ","0",0," "," ","0",0," "," ","0",0," "," ","0",NA," "," "," "
"142","USC00359461",1954,9,"WT01",NA," "," "," ",NA," "," "," ",NA," "," "," ",NA," "," "," ",NA," "," "," ",NA," "," "," ",NA," "," "," ",1," "," ","0",1," "," ","0",1," "," ","0",NA," "," "," ",NA," "," "," ",NA," "," "," ",NA," "," "," ",NA," "," "," ",NA," "," "," ",NA," "," "," ",NA," "," "," ",NA," "," "," ",1," "," ","0",1," "," ","0",NA," "," "," ",NA," "," "," ",1," "," ","0",1," "," ","0",1," "," ","0",1," "," ","0",1," "," ","0",NA," "," "," ",NA," "," "," ",NA," "," "," "
"143","USC00359461",1954,10,"PRCP",0," "," ","0",0," "," ","0",0," "," ","0",0," "," ","0",0," "," ","0",0," "," ","0",3," "," ","0",0," "," ","0",0," "," ","0",5," "," ","0",5," "," ","0",3," "," ","0",99," "," ","0",0," "," ","0",0," "," ","0",0," "," ","0",0," "," ","0",0," "," ","0",130," "," ","0",28," "," ","0",0,"T"," ","0",23," "," ","0",33," "," ","0",0," "," ","0",0," "," ","0",0," "," ","0",0," "," ","0",0," "," ","0",0," "," ","0",0," "," ","0",0," "," ","0"
"144","USC00359461",1954,10,"SNOW",0," "," ","0",0," "," ","0",0," "," ","0",0," "," ","0",0," "," ","0",0," "," ","0",0," "," ","0",0," "," ","0",0," "," ","0",0," "," ","0",0," "," ","0",0," "," ","0",0," "," ","0",0," "," ","0",0," "," ","0",0," "," ","0",0," "," ","0",0," "," ","0",0," "," ","0",0," "," ","0",0," "," ","0",0," "," ","0",0," "," ","0",0," "," ","0",0," "," ","0",0," "," ","0",0," "," ","0",0," "," ","0",0," "," ","0",0," "," ","0",0," "," ","0"
"145","USC00359461",1954,10,"SNWD",0," "," ","0",0," "," ","0",0," "," ","0",0," "," ","0",0," "," ","0",0," "," ","0",0," "," ","0",0," "," ","0",0," "," ","0",0," "," ","0",0," "," ","0",0," "," ","0",0," "," ","0",0," "," ","0",0," "," ","0",0," "," ","0",0," "," ","0",0," "," ","0",0," "," ","0",0," "," ","0",0," "," ","0",0," "," ","0",0," "," ","0",0," "," ","0",0," "," ","0",0," "," ","0",0," "," ","0",0," "," ","0",0," "," ","0",0," "," ","0",0," "," ","0"
"146","USC00359461",1954,10,"WT01",NA," "," "," ",NA," "," "," ",1," "," ","0",NA," "," "," ",NA," "," "," ",NA," "," "," ",NA," "," "," ",NA," "," "," ",1," "," ","0",NA," "," "," ",NA," "," "," ",NA," "," "," ",NA," "," "," ",1," "," ","0",1," "," ","0",1," "," ","0",1," "," ","0",1," "," ","0",NA," "," "," ",NA," "," "," ",NA," "," "," ",NA," "," "," ",NA," "," "," ",1," "," ","0",1," "," ","0",1," "," ","0",1," "," ","0",1," "," ","0",1," "," ","0",1," "," ","0",1," "," ","0"
"147","USC00359461",1954,11,"PRCP",0," "," ","0",0," "," ","0",0," "," ","0",0," "," ","0",0," "," ","0",43," "," ","0",5," "," ","0",18," "," ","0",33," "," ","0",0," "," ","0",25," "," ","0",142," "," ","0",8," "," ","0",84," "," ","0",102," "," ","0",76," "," ","0",30," "," ","0",8," "," ","0",25," "," ","0",0," "," ","0",0," "," ","0",0," "," ","0",0," "," ","0",0," "," ","0",13," "," ","0",0," "," ","0",3," "," ","0",0," "," ","0",0," "," ","0",0," "," ","0",NA," "," "," "
"148","USC00359461",1954,11,"SNOW",0," "," ","0",0," "," ","0",0," "," ","0",0," "," ","0",0," "," ","0",0," "," ","0",0," "," ","0",0," "," ","0",0," "," ","0",0," "," ","0",0," "," ","0",0," "," ","0",0," "," ","0",0," "," ","0",0," "," ","0",0," "," ","0",0," "," ","0",0," "," ","0",0," "," ","0",0," "," ","0",0," "," ","0",0," "," ","0",0," "," ","0",0," "," ","0",0," "," ","0",0," "," ","0",0," "," ","0",0," "," ","0",0," "," ","0",0," "," ","0",NA," "," "," "
"149","USC00359461",1954,11,"SNWD",0," "," ","0",0," "," ","0",0," "," ","0",0," "," ","0",0," "," ","0",0," "," ","0",0," "," ","0",0," "," ","0",0," "," ","0",0," "," ","0",0," "," ","0",0," "," ","0",0," "," ","0",0," "," ","0",0," "," ","0",0," "," ","0",0," "," ","0",0," "," ","0",0," "," ","0",0," "," ","0",0," "," ","0",0," "," ","0",0," "," ","0",0," "," ","0",0," "," ","0",0," "," ","0",0," "," ","0",0," "," ","0",0," "," ","0",0," "," ","0",NA," "," "," "
"150","USC00359461",1954,11,"WT01",1," "," ","0",1," "," ","0",NA," "," "," ",1," "," ","0",NA," "," "," ",NA," "," "," ",NA," "," "," ",NA," "," "," ",NA," "," "," ",1," "," ","0",NA," "," "," ",1," "," ","0",NA," "," "," ",NA," "," "," ",NA," "," "," ",NA," "," "," ",NA," "," "," ",NA," "," "," ",NA," "," "," ",1," "," ","0",1," "," ","0",1," "," ","0",1," "," ","0",1," "," ","0",NA," "," "," ",NA," "," "," ",NA," "," "," ",NA," "," "," ",NA," "," "," ",1," "," ","0",NA," "," "," "
"151","USC00359461",1954,12,"PRCP",0," "," ","0",0," "," ","0",0," "," ","0",0," "," ","0",0," "," ","0",389," "," ","0",48," "," ","0",0," "," ","0",130," "," ","0",3," "," ","0",0," "," ","0",0," "," ","0",150," "," ","0",18," "," ","0",13," "," ","0",5," "," ","0",0," "," ","0",0," "," ","0",0," "," ","0",0," "," ","0",0," "," ","0",0," "," ","0",0," "," ","0",30," "," ","0",71," "," ","0",86," "," ","0",0," "," ","0",15," "," ","0",8," "," ","0",122," "," ","0",147," "," ","0"
"152","USC00359461",1954,12,"SNOW",0," "," ","0",0," "," ","0",0," "," ","0",0," "," ","0",0," "," ","0",0," "," ","0",0," "," ","0",0," "," ","0",0," "," ","0",0," "," ","0",0," "," ","0",0," "," ","0",0," "," ","0",0," "," ","0",0," "," ","0",0," "," ","0",0," "," ","0",0," "," ","0",0," "," ","0",0," "," ","0",0," "," ","0",0," "," ","0",0," "," ","0",0," "," ","0",0," "," ","0",13," "," ","0",0," "," ","0",0," "," ","0",0," "," ","0",0," "," ","0",0," "," ","0"
"153","USC00359461",1954,12,"SNWD",0," "," ","0",0," "," ","0",0," "," ","0",0," "," ","0",0," "," ","0",0," "," ","0",0," "," ","0",0," "," ","0",0," "," ","0",0," "," ","0",0," "," ","0",0," "," ","0",0," "," ","0",0," "," ","0",0," "," ","0",0," "," ","0",0," "," ","0",0," "," ","0",0," "," ","0",0," "," ","0",0," "," ","0",0," "," ","0",0," "," ","0",0," "," ","0",0," "," ","0",25," "," ","0",0," "," ","0",0," "," ","0",0," "," ","0",0," "," ","0",0," "," ","0"
"154","USC00359461",1955,1,"PRCP",147," "," ","0",23," "," ","0",36," "," ","0",8," "," ","0",99," "," ","0",10," "," ","0",0," "," ","0",0," "," ","0",51," "," ","0",0,"T"," ","0",0," "," ","0",0," "," ","0",51," "," ","0",10," "," ","0",36," "," ","0",249," "," ","0",58," "," ","0",56," "," ","0",0,"T"," ","0",3," "," ","0",89," "," ","0",36," "," ","0",0," "," ","0",3," "," ","0",0," "," ","0",0," "," ","0",0," "," ","0",0," "," ","0",0," "," ","0",38," "," ","0",20," "," ","0"
"155","USC00359461",1955,1,"SNOW",0," "," ","0",0," "," ","0",0," "," ","0",0,"T"," ","0",0," "," ","0",0," "," ","0",0," "," ","0",0," "," ","0",0," "," ","0",0," "," ","0",0," "," ","0",0," "," ","0",0," "," ","0",0," "," ","0",0," "," ","0",0," "," ","0",0," "," ","0",0," "," ","0",0," "," ","0",0," "," ","0",0," "," ","0",0," "," ","0",0," "," ","0",0," "," ","0",0," "," ","0",0," "," ","0",0," "," ","0",0," "," ","0",0," "," ","0",0," "," ","0",0," "," ","0"
"156","USC00359461",1955,1,"SNWD",0," "," ","0",0," "," ","0",0," "," ","0",0," "," ","0",0," "," ","0",0," "," ","0",0," "," ","0",0," "," ","0",0," "," ","0",0," "," ","0",0," "," ","0",0," "," ","0",0," "," ","0",0," "," ","0",0," "," ","0",0," "," ","0",0," "," ","0",0," "," ","0",0," "," ","0",0," "," ","0",0," "," ","0",0," "," ","0",0," "," ","0",0," "," ","0",0," "," ","0",0," "," ","0",0," "," ","0",0," "," ","0",0," "," ","0",0," "," ","0",0," "," ","0"
"157","USC00359461",1955,1,"WT01",NA," "," "," ",NA," "," "," ",NA," "," "," ",NA," "," "," ",NA," "," "," ",NA," "," "," ",NA," "," "," ",NA," "," "," ",1," "," ","0",NA," "," "," ",NA," "," "," ",NA," "," "," ",NA," "," "," ",NA," "," "," ",NA," "," "," ",NA," "," "," ",NA," "," "," ",NA," "," "," ",NA," "," "," ",NA," "," "," ",NA," "," "," ",NA," "," "," ",NA," "," "," ",NA," "," "," ",1," "," ","0",NA," "," "," ",1," "," ","0",1," "," ","0",1," "," ","0",NA," "," "," ",NA," "," "," "
"158","USC00359461",1955,2,"PRCP",84," "," ","0",61," "," ","0",0," "," ","0",0," "," ","0",23," "," ","0",30," "," ","0",5," "," ","0",36," "," ","0",112," "," ","0",0," "," ","0",0," "," ","0",0," "," ","0",0," "," ","0",0," "," ","0",0," "," ","0",23," "," ","0",8," "," ","0",20," "," ","0",0," "," ","0",0," "," ","0",0," "," ","0",5," "," ","0",10," "," ","0",0,"T"," ","0",48," "," ","0",41," "," ","0",51," "," ","0",13," "," ","0",NA," "," "," ",NA," "," "," ",NA," "," "," "
"159","USC00359461",1955,2,"SNOW",0,"T"," ","0",0," "," ","0",0," "," ","0",0," "," ","0",0," "," ","0",0," "," ","0",0," "," ","0",0," "," ","0",0," "," ","0",0," "," ","0",0," "," ","0",0," "," ","0",0," "," ","0",0," "," ","0",0," "," ","0",0," "," ","0",0," "," ","0",0," "," ","0",0," "," ","0",0," "," ","0",0," "," ","0",0," "," ","0",0," "," ","0",0," "," ","0",0," "," ","0",0," "," ","0",0,"T"," ","0",0,"T"," ","0",NA," "," "," ",NA," "," "," ",NA," "," "," "
"160","USC00359461",1955,2,"SNWD",0,"T"," ","0",0," "," ","0",0," "," ","0",0," "," ","0",0," "," ","0",0," "," ","0",0," "," ","0",0," "," ","0",0," "," ","0",0," "," ","0",0," "," ","0",0," "," ","0",0," "," ","0",0," "," ","0",0," "," ","0",0," "," ","0",0," "," ","0",0," "," ","0",0," "," ","0",0," "," ","0",0," "," ","0",0," "," ","0",0," "," ","0",0," "," ","0",0," "," ","0",0," "," ","0",0,"T"," ","0",0,"T"," ","0",NA," "," "," ",NA," "," "," ",NA," "," "," "
"161","USC00359461",1955,2,"WT01",NA," "," "," ",NA," "," "," ",NA," "," "," ",NA," "," "," ",1," "," ","0",NA," "," "," ",NA," "," "," ",NA," "," "," ",NA," "," "," ",NA," "," "," ",1," "," ","0",NA," "," "," ",NA," "," "," ",NA," "," "," ",NA," "," "," ",NA," "," "," ",NA," "," "," ",NA," "," "," ",NA," "," "," ",NA," "," "," ",NA," "," "," ",NA," "," "," ",NA," "," "," ",NA," "," "," ",1," "," ","0",NA," "," "," ",NA," "," "," ",NA," "," "," ",NA," "," "," ",NA," "," "," ",NA," "," "," "
"162","USC00359461",1955,3,"PRCP",10," "," ","0",117," "," ","0",8," "," ","0",3," "," ","0",0," "," ","0",0," "," ","0",0," "," ","0",0," "," ","0",0," "," ","0",0," "," ","0",53," "," ","0",13," "," ","0",46," "," ","0",102," "," ","0",56," "," ","0",0," "," ","0",0," "," ","0",0," "," ","0",0," "," ","0",0," "," ","0",0," "," ","0",3," "," ","0",221," "," ","0",102," "," ","0",18," "," ","0",0," "," ","0",0," "," ","0",102," "," ","0",81," "," ","0",99," "," ","0",3," "," ","0"
"163","USC00359461",1955,3,"SNOW",0," "," ","0",0," "," ","0",0,"T"," ","0",0,"T"," ","0",0," "," ","0",0," "," ","0",0," "," ","0",0," "," ","0",0," "," ","0",0," "," ","0",0," "," ","0",0," "," ","0",0," "," ","0",0,"T"," ","0",0," "," ","0",0," "," ","0",0," "," ","0",0," "," ","0",0," "," ","0",0," "," ","0",0," "," ","0",0," "," ","0",0," "," ","0",0," "," ","0",0," "," ","0",0," "," ","0",0," "," ","0",0," "," ","0",0," "," ","0",0," "," ","0",0," "," ","0"
"164","USC00359461",1955,3,"SNWD",0," "," ","0",0," "," ","0",0,"T"," ","0",0,"T"," ","0",0," "," ","0",0," "," ","0",0," "," ","0",0," "," ","0",0," "," ","0",0," "," ","0",0," "," ","0",0," "," ","0",0," "," ","0",0,"T"," ","0",0," "," ","0",0," "," ","0",0," "," ","0",0," "," ","0",0," "," ","0",0," "," ","0",0," "," ","0",0," "," ","0",0," "," ","0",0," "," ","0",0," "," ","0",0," "," ","0",0," "," ","0",0," "," ","0",0," "," ","0",0," "," ","0",0," "," ","0"
"165","USC00359461",1955,3,"WT01",NA," "," "," ",NA," "," "," ",NA," "," "," ",NA," "," "," ",NA," "," "," ",NA," "," "," ",NA," "," "," ",NA," "," "," ",NA," "," "," ",NA," "," "," ",NA," "," "," ",NA," "," "," ",NA," "," "," ",NA," "," "," ",NA," "," "," ",1," "," ","0",NA," "," "," ",1," "," ","0",NA," "," "," ",NA," "," "," ",NA," "," "," ",NA," "," "," ",NA," "," "," ",NA," "," "," ",1," "," ","0",NA," "," "," ",NA," "," "," ",NA," "," "," ",NA," "," "," ",NA," "," "," ",NA," "," "," "
"166","USC00359461",1955,4,"PRCP",28," "," ","0",58," "," ","0",15," "," ","0",13," "," ","0",0," "," ","0",0," "," ","0",0," "," ","0",0," "," ","0",5," "," ","0",61," "," ","0",81," "," ","0",38," "," ","0",168," "," ","0",20," "," ","0",3," "," ","0",48," "," ","0",48," "," ","0",15," "," ","0",28," "," ","0",145," "," ","0",104," "," ","0",5," "," ","0",8," "," ","0",8," "," ","0",5," "," ","0",56," "," ","0",53," "," ","0",8," "," ","0",53," "," ","0",13," "," ","0",NA," "," "," "
"167","USC00359461",1955,4,"SNOW",0," "," ","0",0," "," ","0",0," "," ","0",0," "," ","0",0," "," ","0",0," "," ","0",0," "," ","0",0," "," ","0",0," "," ","0",0," "," ","0",0," "," ","0",0," "," ","0",0," "," ","0",0," "," ","0",0," "," ","0",0," "," ","0",0," "," ","0",0," "," ","0",0," "," ","0",0," "," ","0",0," "," ","0",0," "," ","0",0," "," ","0",0," "," ","0",0," "," ","0",0," "," ","0",0," "," ","0",0," "," ","0",0," "," ","0",0," "," ","0",NA," "," "," "
"168","USC00359461",1955,4,"SNWD",0," "," ","0",0," "," ","0",0," "," ","0",0," "," ","0",0," "," ","0",0," "," ","0",0," "," ","0",0," "," ","0",0," "," ","0",0," "," ","0",0," "," ","0",0," "," ","0",0," "," ","0",0," "," ","0",0," "," ","0",0," "," ","0",0," "," ","0",0," "," ","0",0," "," ","0",0," "," ","0",0," "," ","0",0," "," ","0",0," "," ","0",0," "," ","0",0," "," ","0",0," "," ","0",0," "," ","0",0," "," ","0",0," "," ","0",0," "," ","0",NA," "," "," "
"169","USC00359461",1955,4,"WT01",NA," "," "," ",NA," "," "," ",NA," "," "," ",NA," "," "," ",NA," "," "," ",NA," "," "," ",NA," "," "," ",NA," "," "," ",NA," "," "," ",NA," "," "," ",NA," "," "," ",NA," "," "," ",NA," "," "," ",NA," "," "," ",1," "," ","0",NA," "," "," ",NA," "," "," ",NA," "," "," ",NA," "," "," ",NA," "," "," ",NA," "," "," ",NA," "," "," ",NA," "," "," ",NA," "," "," ",NA," "," "," ",NA," "," "," ",NA," "," "," ",NA," "," "," ",NA," "," "," ",NA," "," "," ",NA," "," "," "
"170","USC00359461",1955,5,"PRCP",0," "," ","0",0," "," ","0",0," "," ","0",8," "," ","0",0," "," ","0",0," "," ","0",0," "," ","0",0," "," ","0",0," "," ","0",0," "," ","0",0," "," ","0",0," "," ","0",3," "," ","0",43," "," ","0",53," "," ","0",3," "," ","0",10," "," ","0",0," "," ","0",0," "," ","0",0," "," ","0",0," "," ","0",0," "," ","0",0," "," ","0",15," "," ","0",3," "," ","0",0," "," ","0",0," "," ","0",0," "," ","0",0," "," ","0",3," "," ","0",23," "," ","0"
"171","USC00359461",1955,5,"SNOW",0," "," ","0",0," "," ","0",0," "," ","0",0," "," ","0",0," "," ","0",0," "," ","0",0," "," ","0",0," "," ","0",0," "," ","0",0," "," ","0",0," "," ","0",0," "," ","0",0," "," ","0",0," "," ","0",0," "," ","0",0," "," ","0",0," "," ","0",0," "," ","0",0," "," ","0",0," "," ","0",0," "," ","0",0," "," ","0",0," "," ","0",0," "," ","0",0," "," ","0",0," "," ","0",0," "," ","0",0," "," ","0",0," "," ","0",0," "," ","0",0," "," ","0"
"172","USC00359461",1955,5,"SNWD",0," "," ","0",0," "," ","0",0," "," ","0",0," "," ","0",0," "," ","0",0," "," ","0",0," "," ","0",0," "," ","0",0," "," ","0",0," "," ","0",0," "," ","0",0," "," ","0",0," "," ","0",0," "," ","0",0," "," ","0",0," "," ","0",0," "," ","0",0," "," ","0",0," "," ","0",0," "," ","0",0," "," ","0",0," "," ","0",0," "," ","0",0," "," ","0",0," "," ","0",0," "," ","0",0," "," ","0",0," "," ","0",0," "," ","0",0," "," ","0",0," "," ","0"
"173","USC00359461",1955,6,"PRCP",0," "," ","0",0," "," ","0",3," "," ","0",15," "," ","0",0," "," ","0",0," "," ","0",0," "," ","0",0," "," ","0",0," "," ","0",0," "," ","0",0," "," ","0",0," "," ","0",0," "," ","0",0," "," ","0",0," "," ","0",0," "," ","0",0," "," ","0",0," "," ","0",0," "," ","0",0," "," ","0",0," "," ","0",0," "," ","0",33," "," ","0",3," "," ","0",0," "," ","0",0," "," ","0",0," "," ","0",41," "," ","0",15," "," ","0",0,"T"," ","0",NA," "," "," "
"174","USC00359461",1955,6,"SNOW",0," "," ","0",0," "," ","0",0," "," ","0",0," "," ","0",0," "," ","0",0," "," ","0",0," "," ","0",0," "," ","0",0," "," ","0",0," "," ","0",0," "," ","0",0," "," ","0",0," "," ","0",0," "," ","0",0," "," ","0",0," "," ","0",0," "," ","0",0," "," ","0",0," "," ","0",0," "," ","0",0," "," ","0",0," "," ","0",0," "," ","0",0," "," ","0",0," "," ","0",0," "," ","0",0," "," ","0",0," "," ","0",0," "," ","0",0," "," ","0",NA," "," "," "
"175","USC00359461",1955,6,"SNWD",0," "," ","0",0," "," ","0",0," "," ","0",0," "," ","0",0," "," ","0",0," "," ","0",0," "," ","0",0," "," ","0",0," "," ","0",0," "," ","0",0," "," ","0",0," "," ","0",0," "," ","0",0," "," ","0",0," "," ","0",0," "," ","0",0," "," ","0",0," "," ","0",0," "," ","0",0," "," ","0",0," "," ","0",0," "," ","0",0," "," ","0",0," "," ","0",0," "," ","0",0," "," ","0",0," "," ","0",0," "," ","0",0," "," ","0",0," "," ","0",NA," "," "," "
"176","USC00359461",1955,7,"PRCP",3," "," ","0",3," "," ","0",0," "," ","0",0," "," ","0",0," "," ","0",0," "," ","0",0," "," ","0",25," "," ","0",0," "," ","0",0," "," ","0",0," "," ","0",0," "," ","0",0," "," ","0",0," "," ","0",0," "," ","0",0," "," ","0",0," "," ","0",0," "," ","0",0," "," ","0",0," "," ","0",0," "," ","0",0," "," ","0",0," "," ","0",0," "," ","0",0," "," ","0",3," "," ","0",3," "," ","0",0," "," ","0",0," "," ","0",0," "," ","0",0," "," ","0"
"177","USC00359461",1955,7,"SNOW",0," "," ","0",0," "," ","0",0," "," ","0",0," "," ","0",0," "," ","0",0," "," ","0",0," "," ","0",0," "," ","0",0," "," ","0",0," "," ","0",0," "," ","0",0," "," ","0",0," "," ","0",0," "," ","0",0," "," ","0",0," "," ","0",0," "," ","0",0," "," ","0",0," "," ","0",0," "," ","0",0," "," ","0",0," "," ","0",0," "," ","0",0," "," ","0",0," "," ","0",0," "," ","0",0," "," ","0",0," "," ","0",0," "," ","0",0," "," ","0",0," "," ","0"
"178","USC00359461",1955,7,"SNWD",0," "," ","0",0," "," ","0",0," "," ","0",0," "," ","0",0," "," ","0",0," "," ","0",0," "," ","0",0," "," ","0",0," "," ","0",0," "," ","0",0," "," ","0",0," "," ","0",0," "," ","0",0," "," ","0",0," "," ","0",0," "," ","0",0," "," ","0",0," "," ","0",0," "," ","0",0," "," ","0",0," "," ","0",0," "," ","0",0," "," ","0",0," "," ","0",0," "," ","0",0," "," ","0",0," "," ","0",0," "," ","0",0," "," ","0",0," "," ","0",0," "," ","0"
"179","USC00359461",1955,8,"PRCP",0," "," ","0",0," "," ","0",0," "," ","0",0," "," ","0",0," "," ","0",0," "," ","0",0," "," ","0",0," "," ","0",0," "," ","0",0," "," ","0",0," "," ","0",0," "," ","0",0," "," ","0",0," "," ","0",0," "," ","0",0," "," ","0",0," "," ","0",0," "," ","0",0," "," ","0",0," "," ","0",0," "," ","0",0," "," ","0",0," "," ","0",0," "," ","0",0," "," ","0",0," "," ","0",0," "," ","0",0," "," ","0",0," "," ","0",0," "," ","0",0," "," ","0"
"180","USC00359461",1955,8,"SNOW",0," "," ","0",0," "," ","0",0," "," ","0",0," "," ","0",0," "," ","0",0," "," ","0",0," "," ","0",0," "," ","0",0," "," ","0",0," "," ","0",0," "," ","0",0," "," ","0",0," "," ","0",0," "," ","0",0," "," ","0",0," "," ","0",0," "," ","0",0," "," ","0",0," "," ","0",0," "," ","0",0," "," ","0",0," "," ","0",0," "," ","0",0," "," ","0",0," "," ","0",0," "," ","0",0," "," ","0",0," "," ","0",0," "," ","0",0," "," ","0",0," "," ","0"
"181","USC00359461",1955,8,"SNWD",0," "," ","0",0," "," ","0",0," "," ","0",0," "," ","0",0," "," ","0",0," "," ","0",0," "," ","0",0," "," ","0",0," "," ","0",0," "," ","0",0," "," ","0",0," "," ","0",0," "," ","0",0," "," ","0",0," "," ","0",0," "," ","0",0," "," ","0",0," "," ","0",0," "," ","0",0," "," ","0",0," "," ","0",0," "," ","0",0," "," ","0",0," "," ","0",0," "," ","0",0," "," ","0",0," "," ","0",0," "," ","0",0," "," ","0",0," "," ","0",0," "," ","0"
"182","USC00359461",1955,9,"PRCP",0," "," ","0",0," "," ","0",0," "," ","0",0," "," ","0",0," "," ","0",0," "," ","0",0," "," ","0",0," "," ","0",0," "," ","0",0," "," ","0",0," "," ","0",0," "," ","0",0,"T"," ","0",53," "," ","0",15," "," ","0",97," "," ","0",33," "," ","0",10," "," ","0",0," "," ","0",0," "," ","0",0," "," ","0",0," "," ","0",0," "," ","0",18," "," ","0",0," "," ","0",0," "," ","0",0," "," ","0",15," "," ","0",0," "," ","0",0," "," ","0",NA," "," "," "
"183","USC00359461",1955,9,"SNOW",0," "," ","0",0," "," ","0",0," "," ","0",0," "," ","0",0," "," ","0",0," "," ","0",0," "," ","0",0," "," ","0",0," "," ","0",0," "," ","0",0," "," ","0",0," "," ","0",0," "," ","0",0," "," ","0",0," "," ","0",0," "," ","0",0," "," ","0",0," "," ","0",0," "," ","0",0," "," ","0",0," "," ","0",0," "," ","0",0," "," ","0",0," "," ","0",0," "," ","0",0," "," ","0",0," "," ","0",0," "," ","0",0," "," ","0",0," "," ","0",NA," "," "," "
"184","USC00359461",1955,9,"SNWD",0," "," ","0",0," "," ","0",0," "," ","0",0," "," ","0",0," "," ","0",0," "," ","0",0," "," ","0",0," "," ","0",0," "," ","0",0," "," ","0",0," "," ","0",0," "," ","0",0," "," ","0",0," "," ","0",0," "," ","0",0," "," ","0",0," "," ","0",0," "," ","0",0," "," ","0",0," "," ","0",0," "," ","0",0," "," ","0",0," "," ","0",0," "," ","0",0," "," ","0",0," "," ","0",0," "," ","0",0," "," ","0",0," "," ","0",0," "," ","0",NA," "," "," "
"185","USC00359461",1955,9,"WT01",NA," "," "," ",NA," "," "," ",NA," "," "," ",NA," "," "," ",NA," "," "," ",NA," "," "," ",NA," "," "," ",NA," "," "," ",NA," "," "," ",NA," "," "," ",NA," "," "," ",NA," "," "," ",NA," "," "," ",1," "," ","0",NA," "," "," ",NA," "," "," ",NA," "," "," ",NA," "," "," ",NA," "," "," ",NA," "," "," ",NA," "," "," ",NA," "," "," ",NA," "," "," ",NA," "," "," ",NA," "," "," ",NA," "," "," ",NA," "," "," ",1," "," ","0",NA," "," "," ",NA," "," "," ",NA," "," "," "
"186","USC00359461",1955,10,"PRCP",0," "," ","0",0," "," ","0",0," "," ","0",10," "," ","0",13," "," ","0",0," "," ","0",0," "," ","0",25," "," ","0",0,"T"," ","0",384," "," ","0",48," "," ","0",0,"T"," ","0",0," "," ","0",0," "," ","0",0," "," ","0",0," "," ","0",0,"T"," ","0",0," "," ","0",0," "," ","0",0," "," ","0",0," "," ","0",0," "," ","0",0," "," ","0",0," "," ","0",0," "," ","0",216," "," ","0",66," "," ","0",46," "," ","0",0," "," ","0",53," "," ","0",94," "," ","0"
"187","USC00359461",1955,10,"SNOW",0," "," ","0",0," "," ","0",0," "," ","0",0," "," ","0",0," "," ","0",0," "," ","0",0," "," ","0",0," "," ","0",0," "," ","0",0," "," ","0",0," "," ","0",0," "," ","0",0," "," ","0",0," "," ","0",0," "," ","0",0," "," ","0",0," "," ","0",0," "," ","0",0," "," ","0",0," "," ","0",0," "," ","0",0," "," ","0",0," "," ","0",0," "," ","0",0," "," ","0",0," "," ","0",0," "," ","0",0," "," ","0",0," "," ","0",0," "," ","0",0," "," ","0"
"188","USC00359461",1955,10,"SNWD",0," "," ","0",0," "," ","0",0," "," ","0",0," "," ","0",0," "," ","0",0," "," ","0",0," "," ","0",0," "," ","0",0," "," ","0",0," "," ","0",0," "," ","0",0," "," ","0",0," "," ","0",0," "," ","0",0," "," ","0",0," "," ","0",0," "," ","0",0," "," ","0",0," "," ","0",0," "," ","0",0," "," ","0",0," "," ","0",0," "," ","0",0," "," ","0",0," "," ","0",0," "," ","0",0," "," ","0",0," "," ","0",0," "," ","0",0," "," ","0",0," "," ","0"
"189","USC00359461",1955,10,"WT01",1," "," ","0",NA," "," "," ",NA," "," "," ",NA," "," "," ",NA," "," "," ",1," "," ","0",NA," "," "," ",1," "," ","0",NA," "," "," ",NA," "," "," ",NA," "," "," ",NA," "," "," ",NA," "," "," ",1," "," ","0",NA," "," "," ",NA," "," "," ",1," "," ","0",NA," "," "," ",NA," "," "," ",NA," "," "," ",1," "," ","0",1," "," ","0",1," "," ","0",1," "," ","0",NA," "," "," ",NA," "," "," ",NA," "," "," ",NA," "," "," ",NA," "," "," ",NA," "," "," ",NA," "," "," "
"190","USC00359461",1955,11,"PRCP",185," "," ","0",3," "," ","0",0," "," ","0",15," "," ","0",13," "," ","0",0,"T"," ","0",0,"T"," ","0",0," "," ","0",0," "," ","0",5," "," ","0",10," "," ","0",97," "," ","0",86," "," ","0",28," "," ","0",0," "," ","0",53," "," ","0",102," "," ","0",38," "," ","0",295," "," ","0",173," "," ","0",3," "," ","0",25," "," ","0",183," "," ","0",28," "," ","0",38," "," ","0",46," "," ","0",8," "," ","0",3," "," ","0",15," "," ","0",46," "," ","0",NA," "," "," "
"191","USC00359461",1955,11,"SNOW",0," "," ","0",0," "," ","0",0," "," ","0",0," "," ","0",0," "," ","0",0," "," ","0",0," "," ","0",0," "," ","0",0," "," ","0",0," "," ","0",0," "," ","0",0,"T"," ","0",51," "," ","0",13," "," ","0",0," "," ","0",51," "," ","0",0," "," ","0",0," "," ","0",0," "," ","0",0," "," ","0",0," "," ","0",0," "," ","0",0," "," ","0",0," "," ","0",0," "," ","0",0," "," ","0",0," "," ","0",0," "," ","0",0," "," ","0",0," "," ","0",NA," "," "," "
"192","USC00359461",1955,11,"SNWD",0," "," ","0",0," "," ","0",0," "," ","0",0," "," ","0",0," "," ","0",0," "," ","0",0," "," ","0",0," "," ","0",0," "," ","0",0," "," ","0",0," "," ","0",0,"T"," ","0",51," "," ","0",51," "," ","0",25," "," ","0",51," "," ","0",0,"T"," ","0",0," "," ","0",0," "," ","0",0," "," ","0",0," "," ","0",0," "," ","0",0," "," ","0",0," "," ","0",0," "," ","0",0," "," ","0",0," "," ","0",0," "," ","0",0," "," ","0",0," "," ","0",NA," "," "," "
"193","USC00359461",1955,12,"PRCP",178," "," ","0",152," "," ","0",74," "," ","0",0,"T"," ","0",28," "," ","0",71," "," ","0",53," "," ","0",5," "," ","0",305," "," ","0",79," "," ","0",74," "," ","0",91," "," ","0",10," "," ","0",0,"T"," ","0",0," "," ","0",267," "," ","0",140," "," ","0",163," "," ","0",208," "," ","0",160," "," ","0",434," "," ","0",490," "," ","0",165," "," ","0",30," "," ","0",61," "," ","0",1077," "," ","0",114," "," ","0",20," "," ","0",0," "," ","0",0," "," ","0",0," "," ","0"
"194","USC00359461",1955,12,"SNOW",0," "," ","0",0," "," ","0",0," "," ","0",0," "," ","0",0," "," ","0",0," "," ","0",0," "," ","0",0," "," ","0",0," "," ","0",0," "," ","0",0," "," ","0",0," "," ","0",0," "," ","0",0," "," ","0",0," "," ","0",0," "," ","0",0," "," ","0",0," "," ","0",0," "," ","0",0," "," ","0",0," "," ","0",0," "," ","0",0," "," ","0",0," "," ","0",0," "," ","0",0," "," ","0",0," "," ","0",0," "," ","0",0," "," ","0",0," "," ","0",0," "," ","0"
"195","USC00359461",1955,12,"SNWD",0," "," ","0",0," "," ","0",0," "," ","0",0," "," ","0",0," "," ","0",0," "," ","0",0," "," ","0",0," "," ","0",0," "," ","0",0," "," ","0",0," "," ","0",0," "," ","0",0," "," ","0",0," "," ","0",0," "," ","0",0," "," ","0",0," "," ","0",0," "," ","0",0," "," ","0",0," "," ","0",0," "," ","0",0," "," ","0",0," "," ","0",0," "," ","0",0," "," ","0",0," "," ","0",0," "," ","0",0," "," ","0",0," "," ","0",0," "," ","0",0," "," ","0"
"196","USC00359461",1955,12,"WT01",NA," "," "," ",NA," "," "," ",NA," "," "," ",NA," "," "," ",NA," "," "," ",NA," "," "," ",NA," "," "," ",NA," "," "," ",NA," "," "," ",NA," "," "," ",NA," "," "," ",NA," "," "," ",NA," "," "," ",NA," "," "," ",NA," "," "," ",NA," "," "," ",NA," "," "," ",NA," "," "," ",NA," "," "," ",NA," "," "," ",NA," "," "," ",NA," "," "," ",NA," "," "," ",NA," "," "," ",NA," "," "," ",NA," "," "," ",NA," "," "," ",NA," "," "," ",NA," "," "," ",1," "," ","0",1," "," ","0"
"197","USC00359461",1956,1,"PRCP",28," "," ","0",15," "," ","0",0,"T"," ","0",208," "," ","0",48," "," ","0",0,"T"," ","0",503," "," ","0",10," "," ","0",5," "," ","0",107," "," ","0",48," "," ","0",0," "," ","0",104," "," ","0",89," "," ","0",257," "," ","0",119," "," ","0",0,"T"," ","0",94," "," ","0",69," "," ","0",56," "," ","0",8," "," ","0",185," "," ","0",333," "," ","0",76," "," ","0",0," "," ","0",38," "," ","0",20," "," ","0",0," "," ","0",0," "," ","0",10," "," ","0",0," "," ","0"
"198","USC00359461",1956,1,"SNOW",0," "," ","0",0," "," ","0",0," "," ","0",0," "," ","0",0," "," ","0",0," "," ","0",140," "," ","0",0," "," ","0",0," "," ","0",0," "," ","0",0," "," ","0",0," "," ","0",0," "," ","0",0," "," ","0",0," "," ","0",0," "," ","0",0," "," ","0",0," "," ","0",0," "," ","0",0," "," ","0",0," "," ","0",0," "," ","0",0," "," ","0",0," "," ","0",0," "," ","0",0," "," ","0",0," "," ","0",0," "," ","0",0," "," ","0",0," "," ","0",0," "," ","0"
"199","USC00359461",1956,1,"SNWD",0," "," ","0",0," "," ","0",0," "," ","0",0," "," ","0",0," "," ","0",0," "," ","0",127," "," ","0",76," "," ","0",51," "," ","0",25," "," ","0",0,"T"," ","0",0," "," ","0",0," "," ","0",0," "," ","0",0," "," ","0",0," "," ","0",0," "," ","0",0," "," ","0",0," "," ","0",0," "," ","0",0," "," ","0",0," "," ","0",0," "," ","0",0," "," ","0",0," "," ","0",0," "," ","0",0," "," ","0",0," "," ","0",0," "," ","0",0," "," ","0",0," "," ","0"
"200","USC00359461",1956,2,"PRCP",0," "," ","0",0," "," ","0",0," "," ","0",0," "," ","0",15," "," ","0",0,"T"," ","0",0," "," ","0",0," "," ","0",0," "," ","0",0," "," ","0",0," "," ","0",18," "," ","0",3," "," ","0",3," "," ","0",18," "," ","0",8," "," ","0",74," "," ","0",66," "," ","0",25," "," ","0",269," "," ","0",635," "," ","0",155," "," ","0",91," "," ","0",69," "," ","0",117," "," ","0",36," "," ","0",25," "," ","0",0,"T"," ","0",76," "," ","0",NA," "," "," ",NA," "," "," "
"201","USC00359461",1956,2,"SNOW",0," "," ","0",0," "," ","0",0," "," ","0",0," "," ","0",0," "," ","0",0," "," ","0",0," "," ","0",0," "," ","0",0," "," ","0",0," "," ","0",0," "," ","0",0," "," ","0",0," "," ","0",0," "," ","0",0,"T"," ","0",0,"T"," ","0",0,"T"," ","0",0," "," ","0",0," "," ","0",0," "," ","0",0," "," ","0",0," "," ","0",0,"T"," ","0",0," "," ","0",0," "," ","0",0," "," ","0",0," "," ","0",0," "," ","0",0," "," ","0",NA," "," "," ",NA," "," "," "
"202","USC00359461",1956,2,"SNWD",0," "," ","0",0," "," ","0",0," "," ","0",0," "," ","0",0," "," ","0",0," "," ","0",0," "," ","0",0," "," ","0",0," "," ","0",0," "," ","0",0," "," ","0",0," "," ","0",0," "," ","0",0," "," ","0",0,"T"," ","0",0,"T"," ","0",0,"T"," ","0",0," "," ","0",0," "," ","0",0," "," ","0",0," "," ","0",0," "," ","0",0,"T"," ","0",0," "," ","0",0," "," ","0",0," "," ","0",0," "," ","0",0," "," ","0",0," "," ","0",NA," "," "," ",NA," "," "," "
"203","USC00359461",1956,2,"WT01",NA," "," "," ",1," "," ","0",NA," "," "," ",NA," "," "," ",NA," "," "," ",NA," "," "," ",NA," "," "," ",NA," "," "," ",1," "," ","0",1," "," ","0",1," "," ","0",NA," "," "," ",NA," "," "," ",NA," "," "," ",NA," "," "," ",NA," "," "," ",NA," "," "," ",NA," "," "," ",NA," "," "," ",NA," "," "," ",NA," "," "," ",NA," "," "," ",NA," "," "," ",NA," "," "," ",NA," "," "," ",NA," "," "," ",NA," "," "," ",NA," "," "," ",NA," "," "," ",NA," "," "," ",NA," "," "," "
"204","USC00359461",1956,3,"PRCP",3," "," ","0",3," "," ","0",38," "," ","0",229," "," ","0",99," "," ","0",104," "," ","0",0," "," ","0",5," "," ","0",3," "," ","0",5," "," ","0",0," "," ","0",0," "," ","0",0," "," ","0",0," "," ","0",0," "," ","0",0," "," ","0",0," "," ","0",0," "," ","0",0," "," ","0",0," "," ","0",18," "," ","0",79," "," ","0",0," "," ","0",0," "," ","0",0," "," ","0",51," "," ","0",84," "," ","0",0," "," ","0",0,"T"," ","0",0,"T"," ","0",51," "," ","0"
"205","USC00359461",1956,3,"SNOW",0," "," ","0",0," "," ","0",0," "," ","0",0," "," ","0",64," "," ","0",64," "," ","0",0," "," ","0",0," "," ","0",0," "," ","0",0," "," ","0",0," "," ","0",0," "," ","0",0," "," ","0",0," "," ","0",0," "," ","0",0," "," ","0",0," "," ","0",0," "," ","0",0," "," ","0",0," "," ","0",0," "," ","0",0," "," ","0",0," "," ","0",0," "," ","0",0," "," ","0",0," "," ","0",0," "," ","0",0," "," ","0",0," "," ","0",0," "," ","0",0," "," ","0"
"206","USC00359461",1956,3,"SNWD",0," "," ","0",0," "," ","0",0," "," ","0",0," "," ","0",76," "," ","0",102," "," ","0",0,"T"," ","0",0," "," ","0",0," "," ","0",0," "," ","0",0," "," ","0",0," "," ","0",0," "," ","0",0," "," ","0",0," "," ","0",0," "," ","0",0," "," ","0",0," "," ","0",0," "," ","0",0," "," ","0",0," "," ","0",0," "," ","0",0," "," ","0",0," "," ","0",0," "," ","0",0," "," ","0",0," "," ","0",0," "," ","0",0," "," ","0",0," "," ","0",0," "," ","0"
"207","USC00359461",1956,3,"WT01",NA," "," "," ",NA," "," "," ",NA," "," "," ",NA," "," "," ",NA," "," "," ",1," "," ","0",NA," "," "," ",NA," "," "," ",NA," "," "," ",NA," "," "," ",NA," "," "," ",NA," "," "," ",NA," "," "," ",NA," "," "," ",NA," "," "," ",NA," "," "," ",NA," "," "," ",NA," "," "," ",NA," "," "," ",NA," "," "," ",NA," "," "," ",NA," "," "," ",NA," "," "," ",NA," "," "," ",NA," "," "," ",NA," "," "," ",NA," "," "," ",NA," "," "," ",NA," "," "," ",NA," "," "," ",NA," "," "," "
"208","USC00359461",1956,4,"PRCP",5," "," ","0",46," "," ","0",0," "," ","0",0," "," ","0",0," "," ","0",0," "," ","0",13," "," ","0",5," "," ","0",0," "," ","0",0," "," ","0",89," "," ","0",0," "," ","0",0," "," ","0",0," "," ","0",0," "," ","0",20," "," ","0",0," "," ","0",0," "," ","0",0," "," ","0",0," "," ","0",0," "," ","0",0," "," ","0",0," "," ","0",0," "," ","0",0,"T"," ","0",10," "," ","0",0," "," ","0",0," "," ","0",0," "," ","0",0," "," ","0",NA," "," "," "
"209","USC00359461",1956,4,"SNOW",0," "," ","0",0," "," ","0",0," "," ","0",0," "," ","0",0," "," ","0",0," "," ","0",0," "," ","0",0," "," ","0",0," "," ","0",0," "," ","0",0," "," ","0",0," "," ","0",0," "," ","0",0," "," ","0",0," "," ","0",0," "," ","0",0," "," ","0",0," "," ","0",0," "," ","0",0," "," ","0",0," "," ","0",0," "," ","0",0," "," ","0",0," "," ","0",0," "," ","0",0," "," ","0",0," "," ","0",0," "," ","0",0," "," ","0",0," "," ","0",NA," "," "," "
"210","USC00359461",1956,4,"SNWD",0," "," ","0",0," "," ","0",0," "," ","0",0," "," ","0",0," "," ","0",0," "," ","0",0," "," ","0",0," "," ","0",0," "," ","0",0," "," ","0",0," "," ","0",0," "," ","0",0," "," ","0",0," "," ","0",0," "," ","0",0," "," ","0",0," "," ","0",0," "," ","0",0," "," ","0",0," "," ","0",0," "," ","0",0," "," ","0",0," "," ","0",0," "," ","0",0," "," ","0",0," "," ","0",0," "," ","0",0," "," ","0",0," "," ","0",0," "," ","0",NA," "," "," "
"211","USC00359461",1956,5,"PRCP",0," "," ","0",0," "," ","0",8," "," ","0",112," "," ","0",46," "," ","0",30," "," ","0",188," "," ","0",188," "," ","0",5," "," ","0",86," "," ","0",10," "," ","0",48," "," ","0",5," "," ","0",0," "," ","0",0," "," ","0",0," "," ","0",0," "," ","0",0," "," ","0",0," "," ","0",0," "," ","0",0," "," ","0",0," "," ","0",0," "," ","0",0," "," ","0",0," "," ","0",0," "," ","0",38," "," ","0",0," "," ","0",0," "," ","0",25," "," ","0",46," "," ","0"
"212","USC00359461",1956,5,"SNOW",0," "," ","0",0," "," ","0",0," "," ","0",0," "," ","0",0," "," ","0",0," "," ","0",0," "," ","0",0," "," ","0",0," "," ","0",0," "," ","0",0," "," ","0",0," "," ","0",0," "," ","0",0," "," ","0",0," "," ","0",0," "," ","0",0," "," ","0",0," "," ","0",0," "," ","0",0," "," ","0",0," "," ","0",0," "," ","0",0," "," ","0",0," "," ","0",0," "," ","0",0," "," ","0",0," "," ","0",0," "," ","0",0," "," ","0",0," "," ","0",0," "," ","0"
"213","USC00359461",1956,5,"SNWD",0," "," ","0",0," "," ","0",0," "," ","0",0," "," ","0",0," "," ","0",0," "," ","0",0," "," ","0",0," "," ","0",0," "," ","0",0," "," ","0",0," "," ","0",0," "," ","0",0," "," ","0",0," "," ","0",0," "," ","0",0," "," ","0",0," "," ","0",0," "," ","0",0," "," ","0",0," "," ","0",0," "," ","0",0," "," ","0",0," "," ","0",0," "," ","0",0," "," ","0",0," "," ","0",0," "," ","0",0," "," ","0",0," "," ","0",0," "," ","0",0," "," ","0"
"214","USC00359461",1956,6,"PRCP",0," "," ","0",0," "," ","0",0,"T"," ","0",89," "," ","0",15," "," ","0",0," "," ","0",0," "," ","0",0," "," ","0",0," "," ","0",18," "," ","0",5," "," ","0",0," "," ","0",0," "," ","0",97," "," ","0",10," "," ","0",5," "," ","0",0," "," ","0",0," "," ","0",119," "," ","0",0,"T"," ","0",0," "," ","0",0," "," ","0",0," "," ","0",0," "," ","0",0," "," ","0",0," "," ","0",0," "," ","0",0," "," ","0",0," "," ","0",0," "," ","0",NA," "," "," "
"215","USC00359461",1956,6,"SNOW",0," "," ","0",0," "," ","0",0," "," ","0",0," "," ","0",0," "," ","0",0," "," ","0",0," "," ","0",0," "," ","0",0," "," ","0",0," "," ","0",0," "," ","0",0," "," ","0",0," "," ","0",0," "," ","0",0," "," ","0",0," "," ","0",0," "," ","0",0," "," ","0",0," "," ","0",0," "," ","0",0," "," ","0",0," "," ","0",0," "," ","0",0," "," ","0",0," "," ","0",0," "," ","0",0," "," ","0",0," "," ","0",0," "," ","0",0," "," ","0",NA," "," "," "
"216","USC00359461",1956,6,"SNWD",0," "," ","0",0," "," ","0",0," "," ","0",0," "," ","0",0," "," ","0",0," "," ","0",0," "," ","0",0," "," ","0",0," "," ","0",0," "," ","0",0," "," ","0",0," "," ","0",0," "," ","0",0," "," ","0",0," "," ","0",0," "," ","0",0," "," ","0",0," "," ","0",0," "," ","0",0," "," ","0",0," "," ","0",0," "," ","0",0," "," ","0",0," "," ","0",0," "," ","0",0," "," ","0",0," "," ","0",0," "," ","0",0," "," ","0",0," "," ","0",NA," "," "," "
"217","USC00359461",1956,7,"PRCP",0," "," ","0",0," "," ","0",0," "," ","0",0," "," ","0",0,"T"," ","0",0,"T"," ","0",0," "," ","0",0," "," ","0",0," "," ","0",0," "," ","0",0," "," ","0",0," "," ","0",0," "," ","0",0," "," ","0",0," "," ","0",0," "," ","0",0," "," ","0",0," "," ","0",0," "," ","0",0," "," ","0",0," "," ","0",0," "," ","0",0," "," ","0",0," "," ","0",0," "," ","0",0," "," ","0",0," "," ","0",0," "," ","0",0," "," ","0",0," "," ","0",0," "," ","0"
"218","USC00359461",1956,7,"SNOW",0," "," ","0",0," "," ","0",0," "," ","0",0," "," ","0",0," "," ","0",0," "," ","0",0," "," ","0",0," "," ","0",0," "," ","0",0," "," ","0",0," "," ","0",0," "," ","0",0," "," ","0",0," "," ","0",0," "," ","0",0," "," ","0",0," "," ","0",0," "," ","0",0," "," ","0",0," "," ","0",0," "," ","0",0," "," ","0",0," "," ","0",0," "," ","0",0," "," ","0",0," "," ","0",0," "," ","0",0," "," ","0",0," "," ","0",0," "," ","0",0," "," ","0"
"219","USC00359461",1956,7,"SNWD",0," "," ","0",0," "," ","0",0," "," ","0",0," "," ","0",0," "," ","0",0," "," ","0",0," "," ","0",0," "," ","0",0," "," ","0",0," "," ","0",0," "," ","0",0," "," ","0",0," "," ","0",0," "," ","0",0," "," ","0",0," "," ","0",0," "," ","0",0," "," ","0",0," "," ","0",0," "," ","0",0," "," ","0",0," "," ","0",0," "," ","0",0," "," ","0",0," "," ","0",0," "," ","0",0," "," ","0",0," "," ","0",0," "," ","0",0," "," ","0",0," "," ","0"
"220","USC00359461",1956,8,"PRCP",0," "," ","0",8," "," ","0",10," "," ","0",0," "," ","0",0," "," ","0",0," "," ","0",0," "," ","0",0," "," ","0",0," "," ","0",0," "," ","0",0," "," ","0",0," "," ","0",0," "," ","0",0," "," ","0",0," "," ","0",0," "," ","0",0," "," ","0",0," "," ","0",0," "," ","0",0," "," ","0",0," "," ","0",0," "," ","0",0," "," ","0",0," "," ","0",0," "," ","0",0,"T"," ","0",0," "," ","0",0," "," ","0",0," "," ","0",0," "," ","0",0," "," ","0"
"221","USC00359461",1956,8,"SNOW",0," "," ","0",0," "," ","0",0," "," ","0",0," "," ","0",0," "," ","0",0," "," ","0",0," "," ","0",0," "," ","0",0," "," ","0",0," "," ","0",0," "," ","0",0," "," ","0",0," "," ","0",0," "," ","0",0," "," ","0",0," "," ","0",0," "," ","0",0," "," ","0",0," "," ","0",0," "," ","0",0," "," ","0",0," "," ","0",0," "," ","0",0," "," ","0",0," "," ","0",0," "," ","0",0," "," ","0",0," "," ","0",0," "," ","0",0," "," ","0",0," "," ","0"
"222","USC00359461",1956,8,"SNWD",0," "," ","0",0," "," ","0",0," "," ","0",0," "," ","0",0," "," ","0",0," "," ","0",0," "," ","0",0," "," ","0",0," "," ","0",0," "," ","0",0," "," ","0",0," "," ","0",0," "," ","0",0," "," ","0",0," "," ","0",0," "," ","0",0," "," ","0",0," "," ","0",0," "," ","0",0," "," ","0",0," "," ","0",0," "," ","0",0," "," ","0",0," "," ","0",0," "," ","0",0," "," ","0",0," "," ","0",0," "," ","0",0," "," ","0",0," "," ","0",0," "," ","0"
"223","USC00359461",1956,9,"PRCP",0," "," ","0",0," "," ","0",0," "," ","0",0," "," ","0",0," "," ","0",0," "," ","0",0," "," ","0",0," "," ","0",0,"T"," ","0",36," "," ","0",23," "," ","0",0," "," ","0",0," "," ","0",0," "," ","0",0," "," ","0",0," "," ","0",0," "," ","0",0," "," ","0",0," "," ","0",36," "," ","0",28," "," ","0",0," "," ","0",0," "," ","0",0," "," ","0",0," "," ","0",0," "," ","0",0," "," ","0",0," "," ","0",0," "," ","0",0," "," ","0",NA," "," "," "
"224","USC00359461",1956,9,"SNOW",0," "," ","0",0," "," ","0",0," "," ","0",0," "," ","0",0," "," ","0",0," "," ","0",0," "," ","0",0," "," ","0",0," "," ","0",0," "," ","0",0," "," ","0",0," "," ","0",0," "," ","0",0," "," ","0",0," "," ","0",0," "," ","0",0," "," ","0",0," "," ","0",0," "," ","0",0," "," ","0",0," "," ","0",0," "," ","0",0," "," ","0",0," "," ","0",0," "," ","0",0," "," ","0",0," "," ","0",0," "," ","0",0," "," ","0",0," "," ","0",NA," "," "," "
"225","USC00359461",1956,9,"SNWD",0," "," ","0",0," "," ","0",0," "," ","0",0," "," ","0",0," "," ","0",0," "," ","0",0," "," ","0",0," "," ","0",0," "," ","0",0," "," ","0",0," "," ","0",0," "," ","0",0," "," ","0",0," "," ","0",0," "," ","0",0," "," ","0",0," "," ","0",0," "," ","0",0," "," ","0",0," "," ","0",0," "," ","0",0," "," ","0",0," "," ","0",0," "," ","0",0," "," ","0",0," "," ","0",0," "," ","0",0," "," ","0",0," "," ","0",0," "," ","0",NA," "," "," "
"226","USC00359461",1956,9,"WT01",NA," "," "," ",NA," "," "," ",NA," "," "," ",NA," "," "," ",NA," "," "," ",NA," "," "," ",NA," "," "," ",NA," "," "," ",NA," "," "," ",NA," "," "," ",NA," "," "," ",NA," "," "," ",NA," "," "," ",NA," "," "," ",1," "," ","0",NA," "," "," ",NA," "," "," ",NA," "," "," ",NA," "," "," ",NA," "," "," ",1," "," ","0",NA," "," "," ",NA," "," "," ",NA," "," "," ",NA," "," "," ",NA," "," "," ",NA," "," "," ",NA," "," "," ",NA," "," "," ",NA," "," "," ",NA," "," "," "
"227","USC00359461",1956,10,"PRCP",0," "," ","0",0," "," ","0",0," "," ","0",0," "," ","0",0," "," ","0",0," "," ","0",0," "," ","0",0," "," ","0",0," "," ","0",89," "," ","0",107," "," ","0",0,"T"," ","0",20," "," ","0",0," "," ","0",0," "," ","0",0," "," ","0",0," "," ","0",185," "," ","0",25," "," ","0",0," "," ","0",74," "," ","0",0," "," ","0",155," "," ","0",13," "," ","0",224," "," ","0",445," "," ","0",48," "," ","0",38," "," ","0",13," "," ","0",384," "," ","0",114," "," ","0"
"228","USC00359461",1956,10,"SNOW",0," "," ","0",0," "," ","0",0," "," ","0",0," "," ","0",0," "," ","0",0," "," ","0",0," "," ","0",0," "," ","0",0," "," ","0",0," "," ","0",0," "," ","0",0," "," ","0",0," "," ","0",0," "," ","0",0," "," ","0",0," "," ","0",0," "," ","0",0," "," ","0",0," "," ","0",0," "," ","0",0," "," ","0",0," "," ","0",0," "," ","0",0," "," ","0",0," "," ","0",0," "," ","0",0," "," ","0",0," "," ","0",0," "," ","0",0," "," ","0",0," "," ","0"
"229","USC00359461",1956,10,"SNWD",0," "," ","0",0," "," ","0",0," "," ","0",0," "," ","0",0," "," ","0",0," "," ","0",0," "," ","0",0," "," ","0",0," "," ","0",0," "," ","0",0," "," ","0",0," "," ","0",0," "," ","0",0," "," ","0",0," "," ","0",0," "," ","0",0," "," ","0",0," "," ","0",0," "," ","0",0," "," ","0",0," "," ","0",0," "," ","0",0," "," ","0",0," "," ","0",0," "," ","0",0," "," ","0",0," "," ","0",0," "," ","0",0," "," ","0",0," "," ","0",0," "," ","0"
"230","USC00359461",1956,11,"PRCP",91," "," ","0",0," "," ","0",0," "," ","0",0," "," ","0",0," "," ","0",0," "," ","0",0," "," ","0",0," "," ","0",0," "," ","0",0," "," ","0",0," "," ","0",0," "," ","0",28," "," ","0",51," "," ","0",0," "," ","0",3," "," ","0",168," "," ","0",5," "," ","0",0," "," ","0",0," "," ","0",0," "," ","0",0," "," ","0",0," "," ","0",0," "," ","0",0," "," ","0",0," "," ","0",0," "," ","0",0," "," ","0",0," "," ","0",0," "," ","0",NA," "," "," "
"231","USC00359461",1956,11,"SNOW",0," "," ","0",0," "," ","0",0," "," ","0",0," "," ","0",0," "," ","0",0," "," ","0",0," "," ","0",0," "," ","0",0," "," ","0",0," "," ","0",0," "," ","0",0," "," ","0",0," "," ","0",0," "," ","0",0," "," ","0",0," "," ","0",0," "," ","0",0," "," ","0",0," "," ","0",0," "," ","0",0," "," ","0",0," "," ","0",0," "," ","0",0," "," ","0",0," "," ","0",0," "," ","0",0," "," ","0",0," "," ","0",0," "," ","0",0," "," ","0",NA," "," "," "
"232","USC00359461",1956,11,"SNWD",0," "," ","0",0," "," ","0",0," "," ","0",0," "," ","0",0," "," ","0",0," "," ","0",0," "," ","0",0," "," ","0",0," "," ","0",0," "," ","0",0," "," ","0",0," "," ","0",0," "," ","0",0," "," ","0",0," "," ","0",0," "," ","0",0," "," ","0",0," "," ","0",0," "," ","0",0," "," ","0",0," "," ","0",0," "," ","0",0," "," ","0",0," "," ","0",0," "," ","0",0," "," ","0",0," "," ","0",0," "," ","0",0," "," ","0",0," "," ","0",NA," "," "," "
"233","USC00359461",1956,11,"WT01",NA," "," "," ",NA," "," "," ",NA," "," "," ",NA," "," "," ",1," "," ","0",1," "," ","0",NA," "," "," ",1," "," ","0",1," "," ","0",1," "," ","0",1," "," ","0",NA," "," "," ",NA," "," "," ",1," "," ","0",NA," "," "," ",NA," "," "," ",NA," "," "," ",1," "," ","0",NA," "," "," ",1," "," ","0",1," "," ","0",1," "," ","0",1," "," ","0",1," "," ","0",1," "," ","0",1," "," ","0",1," "," ","0",NA," "," "," ",NA," "," "," ",NA," "," "," ",NA," "," "," "
"234","USC00359461",1956,12,"PRCP",0," "," ","0",0," "," ","0",0," "," ","0",76," "," ","0",132," "," ","0",18," "," ","0",10," "," ","0",0,"T"," ","0",0," "," ","0",89," "," ","0",234," "," ","0",64," "," ","0",69," "," ","0",15," "," ","0",0," "," ","0",30," "," ","0",0," "," ","0",5," "," ","0",0," "," ","0",0," "," ","0",81," "," ","0",0," "," ","0",13," "," ","0",8," "," ","0",0," "," ","0",0," "," ","0",0," "," ","0",0," "," ","0",0," "," ","0",0," "," ","0",13," "," ","0"
"235","USC00359461",1956,12,"SNOW",0," "," ","0",0," "," ","0",0," "," ","0",0," "," ","0",13," "," ","0",0,"T"," ","0",0," "," ","0",0," "," ","0",0," "," ","0",0," "," ","0",0," "," ","0",0," "," ","0",0," "," ","0",0," "," ","0",0," "," ","0",0," "," ","0",0," "," ","0",0," "," ","0",0," "," ","0",0," "," ","0",0," "," ","0",0," "," ","0",0," "," ","0",0," "," ","0",0," "," ","0",0," "," ","0",0," "," ","0",0," "," ","0",0," "," ","0",0," "," ","0",0," "," ","0"
"236","USC00359461",1956,12,"SNWD",0," "," ","0",0," "," ","0",0," "," ","0",0," "," ","0",25," "," ","0",0,"T"," ","0",0," "," ","0",0," "," ","0",0," "," ","0",0," "," ","0",0," "," ","0",0," "," ","0",0," "," ","0",0," "," ","0",0," "," ","0",0," "," ","0",0," "," ","0",0," "," ","0",0," "," ","0",0," "," ","0",0," "," ","0",0," "," ","0",0," "," ","0",0," "," ","0",0," "," ","0",0," "," ","0",0," "," ","0",0," "," ","0",0," "," ","0",0," "," ","0",0," "," ","0"
"237","USC00359461",1957,1,"PRCP",0," "," ","0",64," "," ","0",0," "," ","0",0," "," ","0",0," "," ","0",0," "," ","0",28," "," ","0",234," "," ","0",8," "," ","0",8," "," ","0",56," "," ","0",15," "," ","0",18," "," ","0",41," "," ","0",33," "," ","0",10," "," ","0",0," "," ","0",0," "," ","0",0," "," ","0",104," "," ","0",8," "," ","0",3," "," ","0",3," "," ","0",86," "," ","0",64," "," ","0",0," "," ","0",0," "," ","0",0," "," ","0",0," "," ","0",0," "," ","0",0," "," ","0"
"238","USC00359461",1957,1,"SNOW",0," "," ","0",0," "," ","0",0," "," ","0",0," "," ","0",0," "," ","0",0," "," ","0",0," "," ","0",13," "," ","0",0," "," ","0",0," "," ","0",0," "," ","0",0," "," ","0",0," "," ","0",0," "," ","0",0," "," ","0",0," "," ","0",0," "," ","0",0," "," ","0",0," "," ","0",0," "," ","0",0," "," ","0",0," "," ","0",0," "," ","0",13," "," ","0",20," "," ","0",0," "," ","0",0," "," ","0",0," "," ","0",0," "," ","0",0," "," ","0",0," "," ","0"
"239","USC00359461",1957,1,"SNWD",0," "," ","0",0," "," ","0",0," "," ","0",0," "," ","0",0," "," ","0",0," "," ","0",0," "," ","0",0,"T"," ","0",0," "," ","0",0," "," ","0",0," "," ","0",0," "," ","0",0," "," ","0",0," "," ","0",0," "," ","0",0," "," ","0",0," "," ","0",0," "," ","0",0," "," ","0",0," "," ","0",0," "," ","0",0," "," ","0",0," "," ","0",25," "," ","0",25," "," ","0",25," "," ","0",25," "," ","0",25," "," ","0",25," "," ","0",25," "," ","0",0,"T"," ","0"
"240","USC00359461",1957,2,"PRCP",56," "," ","0",84," "," ","0",0,"T"," ","0",0," "," ","0",0," "," ","0",0," "," ","0",0," "," ","0",43," "," ","0",3," "," ","0",0," "," ","0",13," "," ","0",0," "," ","0",33," "," ","0",66," "," ","0",0," "," ","0",0," "," ","0",0," "," ","0",0," "," ","0",0," "," ","0",25," "," ","0",97," "," ","0",114," "," ","0",18," "," ","0",279," "," ","0",279," "," ","0",381," "," ","0",8," "," ","0",0," "," ","0",NA," "," "," ",NA," "," "," ",NA," "," "," "
"241","USC00359461",1957,2,"SNOW",0," "," ","0",0," "," ","0",0," "," ","0",0," "," ","0",0," "," ","0",0," "," ","0",0," "," ","0",0," "," ","0",0," "," ","0",0," "," ","0",0," "," ","0",0," "," ","0",0," "," ","0",0," "," ","0",0," "," ","0",0," "," ","0",0," "," ","0",0," "," ","0",0," "," ","0",0," "," ","0",0," "," ","0",0," "," ","0",0," "," ","0",0," "," ","0",0," "," ","0",0," "," ","0",0," "," ","0",0," "," ","0",NA," "," "," ",NA," "," "," ",NA," "," "," "
"242","USC00359461",1957,2,"SNWD",0," "," ","0",0," "," ","0",0," "," ","0",0," "," ","0",0," "," ","0",0," "," ","0",0," "," ","0",0," "," ","0",0," "," ","0",0," "," ","0",0," "," ","0",0," "," ","0",0," "," ","0",0," "," ","0",0," "," ","0",0," "," ","0",0," "," ","0",0," "," ","0",0," "," ","0",0," "," ","0",0," "," ","0",0," "," ","0",0," "," ","0",0," "," ","0",0," "," ","0",0," "," ","0",0," "," ","0",0," "," ","0",NA," "," "," ",NA," "," "," ",NA," "," "," "
"243","USC00359461",1957,3,"PRCP",0," "," ","0",0," "," ","0",10," "," ","0",48," "," ","0",99," "," ","0",89," "," ","0",18," "," ","0",36," "," ","0",241," "," ","0",53," "," ","0",5," "," ","0",246," "," ","0",132," "," ","0",8," "," ","0",163," "," ","0",56," "," ","0",58," "," ","0",41," "," ","0",0," "," ","0",5," "," ","0",28," "," ","0",3," "," ","0",5," "," ","0",10," "," ","0",58," "," ","0",0," "," ","0",0," "," ","0",8," "," ","0",8," "," ","0",46," "," ","0",79," "," ","0"
"244","USC00359461",1957,3,"SNOW",0," "," ","0",0," "," ","0",0," "," ","0",0," "," ","0",0," "," ","0",0," "," ","0",0," "," ","0",0," "," ","0",0," "," ","0",0," "," ","0",0," "," ","0",0," "," ","0",0," "," ","0",0," "," ","0",0," "," ","0",0," "," ","0",0," "," ","0",0," "," ","0",0," "," ","0",0," "," ","0",0," "," ","0",0," "," ","0",0," "," ","0",0," "," ","0",0," "," ","0",0," "," ","0",0," "," ","0",0," "," ","0",0," "," ","0",0," "," ","0",0," "," ","0"
"245","USC00359461",1957,3,"SNWD",0," "," ","0",0," "," ","0",0," "," ","0",0," "," ","0",0," "," ","0",0," "," ","0",0," "," ","0",0," "," ","0",0," "," ","0",0," "," ","0",0," "," ","0",0," "," ","0",0," "," ","0",0," "," ","0",0," "," ","0",0," "," ","0",0," "," ","0",0," "," ","0",0," "," ","0",0," "," ","0",0," "," ","0",0," "," ","0",0," "," ","0",0," "," ","0",0," "," ","0",0," "," ","0",0," "," ","0",0," "," ","0",0," "," ","0",0," "," ","0",0," "," ","0"
"246","USC00359461",1957,4,"PRCP",20," "," ","0",5," "," ","0",0,"T"," ","0",0," "," ","0",3," "," ","0",76," "," ","0",0," "," ","0",0," "," ","0",0," "," ","0",0," "," ","0",10," "," ","0",36," "," ","0",10," "," ","0",66," "," ","0",13," "," ","0",0," "," ","0",30," "," ","0",25," "," ","0",38," "," ","0",0," "," ","0",0," "," ","0",0," "," ","0",0," "," ","0",0," "," ","0",0," "," ","0",0," "," ","0",0," "," ","0",0," "," ","0",0," "," ","0",112," "," ","0",NA," "," "," "
"247","USC00359461",1957,4,"SNOW",0," "," ","0",0," "," ","0",0," "," ","0",0," "," ","0",0," "," ","0",0," "," ","0",0," "," ","0",0," "," ","0",0," "," ","0",0," "," ","0",0," "," ","0",0," "," ","0",0," "," ","0",0," "," ","0",0," "," ","0",0," "," ","0",0," "," ","0",0," "," ","0",0," "," ","0",0," "," ","0",0," "," ","0",0," "," ","0",0," "," ","0",0," "," ","0",0," "," ","0",0," "," ","0",0," "," ","0",0," "," ","0",0," "," ","0",0," "," ","0",NA," "," "," "
"248","USC00359461",1957,4,"SNWD",0," "," ","0",0," "," ","0",0," "," ","0",0," "," ","0",0," "," ","0",0," "," ","0",0," "," ","0",0," "," ","0",0," "," ","0",0," "," ","0",0," "," ","0",0," "," ","0",0," "," ","0",0," "," ","0",0," "," ","0",0," "," ","0",0," "," ","0",0," "," ","0",0," "," ","0",0," "," ","0",0," "," ","0",0," "," ","0",0," "," ","0",0," "," ","0",0," "," ","0",0," "," ","0",0," "," ","0",0," "," ","0",0," "," ","0",0," "," ","0",NA," "," "," "
"249","USC00359461",1957,4,"WT06",NA," "," "," ",NA," "," "," ",NA," "," "," ",NA," "," "," ",NA," "," "," ",NA," "," "," ",NA," "," "," ",NA," "," "," ",NA," "," "," ",1," "," ","0",NA," "," "," ",NA," "," "," ",NA," "," "," ",NA," "," "," ",NA," "," "," ",NA," "," "," ",NA," "," "," ",NA," "," "," ",NA," "," "," ",NA," "," "," ",NA," "," "," ",NA," "," "," ",NA," "," "," ",NA," "," "," ",NA," "," "," ",NA," "," "," ",NA," "," "," ",NA," "," "," ",NA," "," "," ",NA," "," "," ",NA," "," "," "
"250","USC00359461",1957,5,"PRCP",5," "," ","0",140," "," ","0",66," "," ","0",0," "," ","0",0," "," ","0",0," "," ","0",0," "," ","0",13," "," ","0",10," "," ","0",0,"T"," ","0",10," "," ","0",0," "," ","0",15," "," ","0",30," "," ","0",0," "," ","0",0," "," ","0",0," "," ","0",157," "," ","0",33," "," ","0",30," "," ","0",0," "," ","0",0,"T"," ","0",38," "," ","0",0," "," ","0",0," "," ","0",0," "," ","0",0," "," ","0",0," "," ","0",0," "," ","0",0," "," ","0",0," "," ","0"
"251","USC00359461",1957,5,"SNOW",0," "," ","0",0," "," ","0",0," "," ","0",0," "," ","0",0," "," ","0",0," "," ","0",0," "," ","0",0," "," ","0",0," "," ","0",0," "," ","0",0," "," ","0",0," "," ","0",0," "," ","0",0," "," ","0",0," "," ","0",0," "," ","0",0," "," ","0",0," "," ","0",0," "," ","0",0," "," ","0",0," "," ","0",0," "," ","0",0," "," ","0",0," "," ","0",0," "," ","0",0," "," ","0",0," "," ","0",0," "," ","0",0," "," ","0",0," "," ","0",0," "," ","0"
"252","USC00359461",1957,5,"SNWD",0," "," ","0",0," "," ","0",0," "," ","0",0," "," ","0",0," "," ","0",0," "," ","0",0," "," ","0",0," "," ","0",0," "," ","0",0," "," ","0",0," "," ","0",0," "," ","0",0," "," ","0",0," "," ","0",0," "," ","0",0," "," ","0",0," "," ","0",0," "," ","0",0," "," ","0",0," "," ","0",0," "," ","0",0," "," ","0",0," "," ","0",0," "," ","0",0," "," ","0",0," "," ","0",0," "," ","0",0," "," ","0",0," "," ","0",0," "," ","0",0," "," ","0"
"253","USC00359461",1957,6,"PRCP",0," "," ","0",0," "," ","0",0," "," ","0",0," "," ","0",0," "," ","0",0," "," ","0",0," "," ","0",0," "," ","0",0," "," ","0",0," "," ","0",0," "," ","0",0,"T"," ","0",0," "," ","0",8," "," ","0",79," "," ","0",0," "," ","0",0," "," ","0",0," "," ","0",0," "," ","0",0," "," ","0",0," "," ","0",0," "," ","0",0," "," ","0",0," "," ","0",0," "," ","0",0," "," ","0",0," "," ","0",0," "," ","0",0," "," ","0",0," "," ","0",NA," "," "," "
"254","USC00359461",1957,6,"SNOW",0," "," ","0",0," "," ","0",0," "," ","0",0," "," ","0",0," "," ","0",0," "," ","0",0," "," ","0",0," "," ","0",0," "," ","0",0," "," ","0",0," "," ","0",0," "," ","0",0," "," ","0",0," "," ","0",0," "," ","0",0," "," ","0",0," "," ","0",0," "," ","0",0," "," ","0",0," "," ","0",0," "," ","0",0," "," ","0",0," "," ","0",0," "," ","0",0," "," ","0",0," "," ","0",0," "," ","0",0," "," ","0",0," "," ","0",0," "," ","0",NA," "," "," "
"255","USC00359461",1957,6,"SNWD",0," "," ","0",0," "," ","0",0," "," ","0",0," "," ","0",0," "," ","0",0," "," ","0",0," "," ","0",0," "," ","0",0," "," ","0",0," "," ","0",0," "," ","0",0," "," ","0",0," "," ","0",0," "," ","0",0," "," ","0",0," "," ","0",0," "," ","0",0," "," ","0",0," "," ","0",0," "," ","0",0," "," ","0",0," "," ","0",0," "," ","0",0," "," ","0",0," "," ","0",0," "," ","0",0," "," ","0",0," "," ","0",0," "," ","0",0," "," ","0",NA," "," "," "
"256","USC00359461",1957,7,"PRCP",0," "," ","0",0," "," ","0",0," "," ","0",0," "," ","0",0," "," ","0",0," "," ","0",0," "," ","0",0," "," ","0",0," "," ","0",0," "," ","0",0," "," ","0",0," "," ","0",8," "," ","0",97," "," ","0",0,"T"," ","0",0," "," ","0",0," "," ","0",0," "," ","0",0," "," ","0",0," "," ","0",0," "," ","0",0," "," ","0",0," "," ","0",0," "," ","0",0," "," ","0",0," "," ","0",0," "," ","0",0," "," ","0",0," "," ","0",0," "," ","0",0," "," ","0"
"257","USC00359461",1957,7,"SNOW",0," "," ","0",0," "," ","0",0," "," ","0",0," "," ","0",0," "," ","0",0," "," ","0",0," "," ","0",0," "," ","0",0," "," ","0",0," "," ","0",0," "," ","0",0," "," ","0",0," "," ","0",0," "," ","0",0," "," ","0",0," "," ","0",0," "," ","0",0," "," ","0",0," "," ","0",0," "," ","0",0," "," ","0",0," "," ","0",0," "," ","0",0," "," ","0",0," "," ","0",0," "," ","0",0," "," ","0",0," "," ","0",0," "," ","0",0," "," ","0",0," "," ","0"
"258","USC00359461",1957,7,"SNWD",0," "," ","0",0," "," ","0",0," "," ","0",0," "," ","0",0," "," ","0",0," "," ","0",0," "," ","0",0," "," ","0",0," "," ","0",0," "," ","0",0," "," ","0",0," "," ","0",0," "," ","0",0," "," ","0",0," "," ","0",0," "," ","0",0," "," ","0",0," "," ","0",0," "," ","0",0," "," ","0",0," "," ","0",0," "," ","0",0," "," ","0",0," "," ","0",0," "," ","0",0," "," ","0",0," "," ","0",0," "," ","0",0," "," ","0",0," "," ","0",0," "," ","0"
"259","USC00359461",1957,8,"PRCP",0," "," ","0",0," "," ","0",0," "," ","0",0," "," ","0",0," "," ","0",36," "," ","0",0,"T"," ","0",3," "," ","0",0,"T"," ","0",0," "," ","0",0," "," ","0",0," "," ","0",0," "," ","0",0," "," ","0",0," "," ","0",0," "," ","0",0," "," ","0",0," "," ","0",0," "," ","0",0," "," ","0",0," "," ","0",0," "," ","0",0," "," ","0",0," "," ","0",0," "," ","0",0," "," ","0",0," "," ","0",0," "," ","0",0," "," ","0",0," "," ","0",0," "," ","0"
"260","USC00359461",1957,8,"SNOW",0," "," ","0",0," "," ","0",0," "," ","0",0," "," ","0",0," "," ","0",0," "," ","0",0," "," ","0",0," "," ","0",0," "," ","0",0," "," ","0",0," "," ","0",0," "," ","0",0," "," ","0",0," "," ","0",0," "," ","0",0," "," ","0",0," "," ","0",0," "," ","0",0," "," ","0",0," "," ","0",0," "," ","0",0," "," ","0",0," "," ","0",0," "," ","0",0," "," ","0",0," "," ","0",0," "," ","0",0," "," ","0",0," "," ","0",0," "," ","0",0," "," ","0"
"261","USC00359461",1957,8,"SNWD",0," "," ","0",0," "," ","0",0," "," ","0",0," "," ","0",0," "," ","0",0," "," ","0",0," "," ","0",0," "," ","0",0," "," ","0",0," "," ","0",0," "," ","0",0," "," ","0",0," "," ","0",0," "," ","0",0," "," ","0",0," "," ","0",0," "," ","0",0," "," ","0",0," "," ","0",0," "," ","0",0," "," ","0",0," "," ","0",0," "," ","0",0," "," ","0",0," "," ","0",0," "," ","0",0," "," ","0",0," "," ","0",0," "," ","0",0," "," ","0",0," "," ","0"
"262","USC00359461",1957,9,"PRCP",0," "," ","0",0," "," ","0",0," "," ","0",0," "," ","0",0," "," ","0",0," "," ","0",0," "," ","0",0," "," ","0",0," "," ","0",0," "," ","0",0," "," ","0",0," "," ","0",0," "," ","0",0," "," ","0",0," "," ","0",0," "," ","0",0," "," ","0",0," "," ","0",0," "," ","0",0," "," ","0",0," "," ","0",0," "," ","0",0," "," ","0",0," "," ","0",0," "," ","0",10," "," ","0",239," "," ","0",3," "," ","0",3," "," ","0",15," "," ","0",NA," "," "," "
"263","USC00359461",1957,9,"SNOW",0," "," ","0",0," "," ","0",0," "," ","0",0," "," ","0",0," "," ","0",0," "," ","0",0," "," ","0",0," "," ","0",0," "," ","0",0," "," ","0",0," "," ","0",0," "," ","0",0," "," ","0",0," "," ","0",0," "," ","0",0," "," ","0",0," "," ","0",0," "," ","0",0," "," ","0",0," "," ","0",0," "," ","0",0," "," ","0",0," "," ","0",0," "," ","0",0," "," ","0",0," "," ","0",0," "," ","0",0," "," ","0",0," "," ","0",0," "," ","0",NA," "," "," "
"264","USC00359461",1957,9,"SNWD",0," "," ","0",0," "," ","0",0," "," ","0",0," "," ","0",0," "," ","0",0," "," ","0",0," "," ","0",0," "," ","0",0," "," ","0",0," "," ","0",0," "," ","0",0," "," ","0",0," "," ","0",0," "," ","0",0," "," ","0",0," "," ","0",0," "," ","0",0," "," ","0",0," "," ","0",0," "," ","0",0," "," ","0",0," "," ","0",0," "," ","0",0," "," ","0",0," "," ","0",0," "," ","0",0," "," ","0",0," "," ","0",0," "," ","0",0," "," ","0",NA," "," "," "
"265","USC00359461",1957,10,"PRCP",102," "," ","0",8," "," ","0",198," "," ","0",89," "," ","0",140," "," ","0",107," "," ","0",33," "," ","0",51," "," ","0",3," "," ","0",0,"T"," ","0",61," "," ","0",3," "," ","0",122," "," ","0",25," "," ","0",0," "," ","0",0," "," ","0",0," "," ","0",0," "," ","0",0," "," ","0",0," "," ","0",0," "," ","0",0," "," ","0",5," "," ","0",8," "," ","0",61," "," ","0",3," "," ","0",0," "," ","0",0," "," ","0",0," "," ","0",0," "," ","0",5," "," ","0"
"266","USC00359461",1957,10,"SNOW",0," "," ","0",0," "," ","0",0," "," ","0",0," "," ","0",0," "," ","0",0," "," ","0",0," "," ","0",0," "," ","0",0," "," ","0",0," "," ","0",0," "," ","0",0," "," ","0",0," "," ","0",0," "," ","0",0," "," ","0",0," "," ","0",0," "," ","0",0," "," ","0",0," "," ","0",0," "," ","0",0," "," ","0",0," "," ","0",0," "," ","0",0," "," ","0",0," "," ","0",0," "," ","0",0," "," ","0",0," "," ","0",0," "," ","0",0," "," ","0",0," "," ","0"
"267","USC00359461",1957,10,"SNWD",0," "," ","0",0," "," ","0",0," "," ","0",0," "," ","0",0," "," ","0",0," "," ","0",0," "," ","0",0," "," ","0",0," "," ","0",0," "," ","0",0," "," ","0",0," "," ","0",0," "," ","0",0," "," ","0",0," "," ","0",0," "," ","0",0," "," ","0",0," "," ","0",0," "," ","0",0," "," ","0",0," "," ","0",0," "," ","0",0," "," ","0",0," "," ","0",0," "," ","0",0," "," ","0",0," "," ","0",0," "," ","0",0," "," ","0",0," "," ","0",0," "," ","0"
"268","USC00359461",1957,10,"WT01",NA," "," "," ",NA," "," "," ",NA," "," "," ",NA," "," "," ",NA," "," "," ",NA," "," "," ",1," "," ","0",NA," "," "," ",NA," "," "," ",NA," "," "," ",NA," "," "," ",NA," "," "," ",NA," "," "," ",NA," "," "," ",1," "," ","0",1," "," ","0",1," "," ","0",1," "," ","0",1," "," ","0",NA," "," "," ",1," "," ","0",NA," "," "," ",NA," "," "," ",NA," "," "," ",NA," "," "," ",1," "," ","0",NA," "," "," ",NA," "," "," ",1," "," ","0",NA," "," "," ",NA," "," "," "
"269","USC00359461",1957,11,"PRCP",0," "," ","0",0," "," ","0",0," "," ","0",0," "," ","0",0," "," ","0",0," "," ","0",0," "," ","0",15," "," ","0",0," "," ","0",81," "," ","0",86," "," ","0",36," "," ","0",198," "," ","0",114," "," ","0",18," "," ","0",0," "," ","0",0," "," ","0",48," "," ","0",5," "," ","0",0," "," ","0",0," "," ","0",0," "," ","0",0," "," ","0",0," "," ","0",0," "," ","0",0," "," ","0",0," "," ","0",10," "," ","0",0,"T"," ","0",0," "," ","0",NA," "," "," "
"270","USC00359461",1957,11,"SNOW",0," "," ","0",0," "," ","0",0," "," ","0",0," "," ","0",0," "," ","0",0," "," ","0",0," "," ","0",0," "," ","0",0," "," ","0",0," "," ","0",0," "," ","0",0," "," ","0",0," "," ","0",0," "," ","0",0," "," ","0",0," "," ","0",0," "," ","0",0," "," ","0",0," "," ","0",0," "," ","0",0," "," ","0",0," "," ","0",0," "," ","0",0," "," ","0",0," "," ","0",0," "," ","0",0," "," ","0",0," "," ","0",0," "," ","0",0," "," ","0",NA," "," "," "
"271","USC00359461",1957,11,"SNWD",0," "," ","0",0," "," ","0",0," "," ","0",0," "," ","0",0," "," ","0",0," "," ","0",0," "," ","0",0," "," ","0",0," "," ","0",0," "," ","0",0," "," ","0",0," "," ","0",0," "," ","0",0," "," ","0",0," "," ","0",0," "," ","0",0," "," ","0",0," "," ","0",0," "," ","0",0," "," ","0",0," "," ","0",0," "," ","0",0," "," ","0",0," "," ","0",0," "," ","0",0," "," ","0",0," "," ","0",0," "," ","0",0," "," ","0",0," "," ","0",NA," "," "," "
"272","USC00359461",1957,12,"PRCP",3," "," ","0",20," "," ","0",0," "," ","0",0," "," ","0",3," "," ","0",33," "," ","0",51," "," ","0",0,"T"," ","0",0," "," ","0",0," "," ","0",0," "," ","0",0," "," ","0",0,"T"," ","0",0," "," ","0",3," "," ","0",58," "," ","0",168," "," ","0",249," "," ","0",218," "," ","0",272," "," ","0",572," "," ","0",163," "," ","0",28," "," ","0",53," "," ","0",36," "," ","0",168," "," ","0",71," "," ","0",132," "," ","0",36," "," ","0",5," "," ","0",0," "," ","0"
"273","USC00359461",1957,12,"SNOW",0," "," ","0",0," "," ","0",0," "," ","0",0," "," ","0",0," "," ","0",0," "," ","0",0," "," ","0",0," "," ","0",0," "," ","0",0," "," ","0",0," "," ","0",0," "," ","0",0," "," ","0",0," "," ","0",0," "," ","0",0," "," ","0",0," "," ","0",0," "," ","0",0," "," ","0",0," "," ","0",0," "," ","0",0," "," ","0",0," "," ","0",0," "," ","0",0," "," ","0",0," "," ","0",0," "," ","0",0," "," ","0",0," "," ","0",0," "," ","0",0," "," ","0"
"274","USC00359461",1957,12,"SNWD",0," "," ","0",0," "," ","0",0," "," ","0",0," "," ","0",0," "," ","0",0," "," ","0",0," "," ","0",0," "," ","0",0," "," ","0",0," "," ","0",0," "," ","0",0," "," ","0",0," "," ","0",0," "," ","0",0," "," ","0",0," "," ","0",0," "," ","0",0," "," ","0",0," "," ","0",0," "," ","0",0," "," ","0",0," "," ","0",0," "," ","0",0," "," ","0",0," "," ","0",0," "," ","0",0," "," ","0",0," "," ","0",0," "," ","0",0," "," ","0",0," "," ","0"
"275","USC00359461",1958,1,"PRCP",0," "," ","0",84," "," ","0",0," "," ","0",0," "," ","0",0," "," ","0",0," "," ","0",0," "," ","0",5," "," ","0",25," "," ","0",25," "," ","0",109," "," ","0",183," "," ","0",132," "," ","0",18," "," ","0",61," "," ","0",0," "," ","0",36," "," ","0",3," "," ","0",0," "," ","0",25," "," ","0",102," "," ","0",0," "," ","0",0," "," ","0",76," "," ","0",53," "," ","0",23," "," ","0",0,"T"," ","0",185," "," ","0",307," "," ","0",229," "," ","0",86," "," ","0"
"276","USC00359461",1958,1,"SNOW",0," "," ","0",0," "," ","0",0," "," ","0",0," "," ","0",0," "," ","0",0," "," ","0",0," "," ","0",0," "," ","0",0," "," ","0",0," "," ","0",0," "," ","0",0," "," ","0",0," "," ","0",0," "," ","0",0," "," ","0",0," "," ","0",0," "," ","0",0," "," ","0",0," "," ","0",0," "," ","0",0," "," ","0",0," "," ","0",0," "," ","0",0," "," ","0",0," "," ","0",0," "," ","0",0," "," ","0",0," "," ","0",0," "," ","0",0," "," ","0",0," "," ","0"
"277","USC00359461",1958,1,"SNWD",0," "," ","0",0," "," ","0",0," "," ","0",0," "," ","0",0," "," ","0",0," "," ","0",0," "," ","0",0," "," ","0",0," "," ","0",0," "," ","0",0," "," ","0",0," "," ","0",0," "," ","0",0," "," ","0",0," "," ","0",0," "," ","0",0," "," ","0",0," "," ","0",0," "," ","0",0," "," ","0",0," "," ","0",0," "," ","0",0," "," ","0",0," "," ","0",0," "," ","0",0," "," ","0",0," "," ","0",0," "," ","0",0," "," ","0",0," "," ","0",0," "," ","0"
"278","USC00359461",1958,1,"WT01",1," "," ","0",NA," "," "," ",1," "," ","0",1," "," ","0",1," "," ","0",1," "," ","0",1," "," ","0",NA," "," "," ",1," "," ","0",NA," "," "," ",NA," "," "," ",NA," "," "," ",NA," "," "," ",NA," "," "," ",NA," "," "," ",NA," "," "," ",NA," "," "," ",NA," "," "," ",1," "," ","0",NA," "," "," ",1," "," ","0",NA," "," "," ",NA," "," "," ",NA," "," "," ",NA," "," "," ",NA," "," "," ",NA," "," "," ",NA," "," "," ",NA," "," "," ",NA," "," "," ",NA," "," "," "
"279","USC00359461",1958,2,"PRCP",3," "," ","0",0," "," ","0",0," "," ","0",0," "," ","0",25," "," ","0",8," "," ","0",74," "," ","0",25," "," ","0",23," "," ","0",124," "," ","0",0," "," ","0",175," "," ","0",48," "," ","0",117," "," ","0",259," "," ","0",498," "," ","0",64," "," ","0",15," "," ","0",66," "," ","0",5," "," ","0",0," "," ","0",0," "," ","0",36," "," ","0",142," "," ","0",462," "," ","0",257," "," ","0",46," "," ","0",3," "," ","0",NA," "," "," ",NA," "," "," ",NA," "," "," "
"280","USC00359461",1958,2,"SNOW",0," "," ","0",0," "," ","0",0," "," ","0",0," "," ","0",0," "," ","0",0," "," ","0",0," "," ","0",0," "," ","0",0," "," ","0",0," "," ","0",0," "," ","0",0," "," ","0",0," "," ","0",0," "," ","0",0," "," ","0",0," "," ","0",0," "," ","0",0," "," ","0",0," "," ","0",0," "," ","0",0," "," ","0",0," "," ","0",0," "," ","0",0," "," ","0",0," "," ","0",0," "," ","0",0," "," ","0",0," "," ","0",NA," "," "," ",NA," "," "," ",NA," "," "," "
"281","USC00359461",1958,2,"SNWD",0," "," ","0",0," "," ","0",0," "," ","0",0," "," ","0",0," "," ","0",0," "," ","0",0," "," ","0",0," "," ","0",0," "," ","0",0," "," ","0",0," "," ","0",0," "," ","0",0," "," ","0",0," "," ","0",0," "," ","0",0," "," ","0",0," "," ","0",0," "," ","0",0," "," ","0",0," "," ","0",0," "," ","0",0," "," ","0",0," "," ","0",0," "," ","0",0," "," ","0",0," "," ","0",0," "," ","0",0," "," ","0",NA," "," "," ",NA," "," "," ",NA," "," "," "
"282","USC00359461",1958,2,"WT01",1," "," ","0",NA," "," "," ",NA," "," "," ",NA," "," "," ",NA," "," "," ",1," "," ","0",NA," "," "," ",NA," "," "," ",NA," "," "," ",NA," "," "," ",NA," "," "," ",NA," "," "," ",NA," "," "," ",NA," "," "," ",NA," "," "," ",NA," "," "," ",NA," "," "," ",NA," "," "," ",NA," "," "," ",NA," "," "," ",1," "," ","0",NA," "," "," ",1," "," ","0",NA," "," "," ",NA," "," "," ",NA," "," "," ",NA," "," "," ",NA," "," "," ",NA," "," "," ",NA," "," "," ",NA," "," "," "
"283","USC00359461",1958,3,"PRCP",0," "," ","0",0," "," ","0",0," "," ","0",0," "," ","0",0,"T"," ","0",41," "," ","0",0," "," ","0",38," "," ","0",89," "," ","0",3," "," ","0",0," "," ","0",0," "," ","0",69," "," ","0",0,"T"," ","0",0," "," ","0",0,"T"," ","0",0," "," ","0",3," "," ","0",0," "," ","0",0,"T"," ","0",10," "," ","0",3," "," ","0",53," "," ","0",20," "," ","0",71," "," ","0",30," "," ","0",0," "," ","0",3," "," ","0",0," "," ","0",122," "," ","0",198," "," ","0"
"284","USC00359461",1958,3,"SNOW",0," "," ","0",0," "," ","0",0," "," ","0",0," "," ","0",0," "," ","0",0," "," ","0",0," "," ","0",0," "," ","0",0," "," ","0",0," "," ","0",0," "," ","0",0," "," ","0",0," "," ","0",0," "," ","0",0," "," ","0",0," "," ","0",0," "," ","0",0," "," ","0",0," "," ","0",0," "," ","0",0," "," ","0",0," "," ","0",0," "," ","0",0," "," ","0",0," "," ","0",0," "," ","0",0," "," ","0",0," "," ","0",0," "," ","0",0," "," ","0",0," "," ","0"
"285","USC00359461",1958,3,"SNWD",0," "," ","0",0," "," ","0",0," "," ","0",0," "," ","0",0," "," ","0",0," "," ","0",0," "," ","0",0," "," ","0",0," "," ","0",0," "," ","0",0," "," ","0",0," "," ","0",0," "," ","0",0," "," ","0",0," "," ","0",0," "," ","0",0," "," ","0",0," "," ","0",0," "," ","0",0," "," ","0",0," "," ","0",0," "," ","0",0," "," ","0",0," "," ","0",0," "," ","0",0," "," ","0",0," "," ","0",0," "," ","0",0," "," ","0",0," "," ","0",0," "," ","0"
"286","USC00359461",1958,3,"WT01",1," "," ","0",1," "," ","0",NA," "," "," ",NA," "," "," ",NA," "," "," ",NA," "," "," ",NA," "," "," ",NA," "," "," ",NA," "," "," ",NA," "," "," ",NA," "," "," ",NA," "," "," ",NA," "," "," ",NA," "," "," ",NA," "," "," ",NA," "," "," ",NA," "," "," ",NA," "," "," ",NA," "," "," ",NA," "," "," ",NA," "," "," ",NA," "," "," ",NA," "," "," ",NA," "," "," ",NA," "," "," ",NA," "," "," ",NA," "," "," ",NA," "," "," ",NA," "," "," ",NA," "," "," ",NA," "," "," "
"287","USC00359461",1958,4,"PRCP",5," "," ","0",64," "," ","0",28," "," ","0",3," "," ","0",10," "," ","0",10," "," ","0",56," "," ","0",0,"T"," ","0",0," "," ","0",8," "," ","0",0," "," ","0",0," "," ","0",0," "," ","0",0," "," ","0",0," "," ","0",20," "," ","0",43," "," ","0",84," "," ","0",5," "," ","0",10," "," ","0",15," "," ","0",51," "," ","0",43," "," ","0",58," "," ","0",0,"T"," ","0",0," "," ","0",0," "," ","0",0," "," ","0",0," "," ","0",0," "," ","0",NA," "," "," "
"288","USC00359461",1958,4,"SNOW",0," "," ","0",0," "," ","0",0," "," ","0",0," "," ","0",0," "," ","0",0," "," ","0",0," "," ","0",0," "," ","0",0," "," ","0",0," "," ","0",0," "," ","0",0," "," ","0",0," "," ","0",0," "," ","0",0," "," ","0",0," "," ","0",0," "," ","0",0," "," ","0",0," "," ","0",0," "," ","0",0," "," ","0",0," "," ","0",0," "," ","0",0," "," ","0",0," "," ","0",0," "," ","0",0," "," ","0",0," "," ","0",0," "," ","0",0," "," ","0",NA," "," "," "
"289","USC00359461",1958,4,"SNWD",0," "," ","0",0," "," ","0",0," "," ","0",0," "," ","0",0," "," ","0",0," "," ","0",0," "," ","0",0," "," ","0",0," "," ","0",0," "," ","0",0," "," ","0",0," "," ","0",0," "," ","0",0," "," ","0",0," "," ","0",0," "," ","0",0," "," ","0",0," "," ","0",0," "," ","0",0," "," ","0",0," "," ","0",0," "," ","0",0," "," ","0",0," "," ","0",0," "," ","0",0," "," ","0",0," "," ","0",0," "," ","0",0," "," ","0",0," "," ","0",NA," "," "," "
"290","USC00359461",1958,4,"WT01",NA," "," "," ",NA," "," "," ",NA," "," "," ",NA," "," "," ",NA," "," "," ",NA," "," "," ",NA," "," "," ",NA," "," "," ",NA," "," "," ",NA," "," "," ",NA," "," "," ",1," "," ","0",NA," "," "," ",1," "," ","0",NA," "," "," ",NA," "," "," ",NA," "," "," ",NA," "," "," ",NA," "," "," ",NA," "," "," ",NA," "," "," ",NA," "," "," ",NA," "," "," ",NA," "," "," ",NA," "," "," ",NA," "," "," ",NA," "," "," ",NA," "," "," ",NA," "," "," ",NA," "," "," ",NA," "," "," "
"291","USC00359461",1958,5,"PRCP",0," "," ","0",0," "," ","0",0," "," ","0",0," "," ","0",0," "," ","0",0," "," ","0",0," "," ","0",0," "," ","0",0," "," ","0",0," "," ","0",28," "," ","0",15," "," ","0",0," "," ","0",0," "," ","0",0," "," ","0",0," "," ","0",0," "," ","0",0," "," ","0",13," "," ","0",0," "," ","0",0," "," ","0",0," "," ","0",66," "," ","0",18," "," ","0",0,"T"," ","0",0," "," ","0",0," "," ","0",84," "," ","0",3," "," ","0",0," "," ","0",43," "," ","0"
"292","USC00359461",1958,5,"SNOW",0," "," ","0",0," "," ","0",0," "," ","0",0," "," ","0",0," "," ","0",0," "," ","0",0," "," ","0",0," "," ","0",0," "," ","0",0," "," ","0",0," "," ","0",0," "," ","0",0," "," ","0",0," "," ","0",0," "," ","0",0," "," ","0",0," "," ","0",0," "," ","0",0," "," ","0",0," "," ","0",0," "," ","0",0," "," ","0",0," "," ","0",0," "," ","0",0," "," ","0",0," "," ","0",0," "," ","0",0," "," ","0",0," "," ","0",0," "," ","0",0," "," ","0"
"293","USC00359461",1958,5,"SNWD",0," "," ","0",0," "," ","0",0," "," ","0",0," "," ","0",0," "," ","0",0," "," ","0",0," "," ","0",0," "," ","0",0," "," ","0",0," "," ","0",0," "," ","0",0," "," ","0",0," "," ","0",0," "," ","0",0," "," ","0",0," "," ","0",0," "," ","0",0," "," ","0",0," "," ","0",0," "," ","0",0," "," ","0",0," "," ","0",0," "," ","0",0," "," ","0",0," "," ","0",0," "," ","0",0," "," ","0",0," "," ","0",0," "," ","0",0," "," ","0",0," "," ","0"
"294","USC00359461",1958,6,"PRCP",71," "," ","0",183," "," ","0",165," "," ","0",69," "," ","0",3," "," ","0",30," "," ","0",66," "," ","0",251," "," ","0",38," "," ","0",0," "," ","0",0," "," ","0",0," "," ","0",0," "," ","0",0," "," ","0",0," "," ","0",0," "," ","0",0," "," ","0",0," "," ","0",0," "," ","0",0,"T"," ","0",0," "," ","0",0," "," ","0",8," "," ","0",163," "," ","0",0,"T"," ","0",0," "," ","0",18," "," ","0",13," "," ","0",0," "," ","0",0," "," ","0",NA," "," "," "
"295","USC00359461",1958,6,"SNOW",0," "," ","0",0," "," ","0",0," "," ","0",0," "," ","0",0," "," ","0",0," "," ","0",0," "," ","0",0," "," ","0",0," "," ","0",0," "," ","0",0," "," ","0",0," "," ","0",0," "," ","0",0," "," ","0",0," "," ","0",0," "," ","0",0," "," ","0",0," "," ","0",0," "," ","0",0," "," ","0",0," "," ","0",0," "," ","0",0," "," ","0",0," "," ","0",0," "," ","0",0," "," ","0",0," "," ","0",0," "," ","0",0," "," ","0",0," "," ","0",NA," "," "," "
"296","USC00359461",1958,6,"SNWD",0," "," ","0",0," "," ","0",0," "," ","0",0," "," ","0",0," "," ","0",0," "," ","0",0," "," ","0",0," "," ","0",0," "," ","0",0," "," ","0",0," "," ","0",0," "," ","0",0," "," ","0",0," "," ","0",0," "," ","0",0," "," ","0",0," "," ","0",0," "," ","0",0," "," ","0",0," "," ","0",0," "," ","0",0," "," ","0",0," "," ","0",0," "," ","0",0," "," ","0",0," "," ","0",0," "," ","0",0," "," ","0",0," "," ","0",0," "," ","0",NA," "," "," "
"297","USC00359461",1958,7,"PRCP",132," "," ","0",8," "," ","0",0," "," ","0",0," "," ","0",0," "," ","0",0," "," ","0",0," "," ","0",0," "," ","0",0," "," ","0",0," "," ","0",0," "," ","0",0," "," ","0",0," "," ","0",0," "," ","0",0," "," ","0",0," "," ","0",0," "," ","0",0," "," ","0",0," "," ","0",0," "," ","0",0," "," ","0",0," "," ","0",0," "," ","0",0," "," ","0",0," "," ","0",0," "," ","0",0," "," ","0",0," "," ","0",0," "," ","0",0," "," ","0",0," "," ","0"
"298","USC00359461",1958,7,"SNOW",0," "," ","0",0," "," ","0",0," "," ","0",0," "," ","0",0," "," ","0",0," "," ","0",0," "," ","0",0," "," ","0",0," "," ","0",0," "," ","0",0," "," ","0",0," "," ","0",0," "," ","0",0," "," ","0",0," "," ","0",0," "," ","0",0," "," ","0",0," "," ","0",0," "," ","0",0," "," ","0",0," "," ","0",0," "," ","0",0," "," ","0",0," "," ","0",0," "," ","0",0," "," ","0",0," "," ","0",0," "," ","0",0," "," ","0",0," "," ","0",0," "," ","0"
"299","USC00359461",1958,7,"SNWD",0," "," ","0",0," "," ","0",0," "," ","0",0," "," ","0",0," "," ","0",0," "," ","0",0," "," ","0",0," "," ","0",0," "," ","0",0," "," ","0",0," "," ","0",0," "," ","0",0," "," ","0",0," "," ","0",0," "," ","0",0," "," ","0",0," "," ","0",0," "," ","0",0," "," ","0",0," "," ","0",0," "," ","0",0," "," ","0",0," "," ","0",0," "," ","0",0," "," ","0",0," "," ","0",0," "," ","0",0," "," ","0",0," "," ","0",0," "," ","0",0," "," ","0"
"300","USC00359461",1958,8,"PRCP",0," "," ","0",0," "," ","0",0," "," ","0",0," "," ","0",0," "," ","0",0," "," ","0",0," "," ","0",0," "," ","0",0," "," ","0",0," "," ","0",0," "," ","0",0," "," ","0",0," "," ","0",0," "," ","0",0," "," ","0",0," "," ","0",0," "," ","0",0," "," ","0",0," "," ","0",0," "," ","0",0," "," ","0",0," "," ","0",0," "," ","0",0," "," ","0",0," "," ","0",0," "," ","0",0," "," ","0",0," "," ","0",0," "," ","0",8," "," ","0",0," "," ","0"
"301","USC00359461",1958,8,"SNOW",0," "," ","0",0," "," ","0",0," "," ","0",0," "," ","0",0," "," ","0",0," "," ","0",0," "," ","0",0," "," ","0",0," "," ","0",0," "," ","0",0," "," ","0",0," "," ","0",0," "," ","0",0," "," ","0",0," "," ","0",0," "," ","0",0," "," ","0",0," "," ","0",0," "," ","0",0," "," ","0",0," "," ","0",0," "," ","0",0," "," ","0",0," "," ","0",0," "," ","0",0," "," ","0",0," "," ","0",0," "," ","0",0," "," ","0",0," "," ","0",0," "," ","0"
"302","USC00359461",1958,8,"SNWD",0," "," ","0",0," "," ","0",0," "," ","0",0," "," ","0",0," "," ","0",0," "," ","0",0," "," ","0",0," "," ","0",0," "," ","0",0," "," ","0",0," "," ","0",0," "," ","0",0," "," ","0",0," "," ","0",0," "," ","0",0," "," ","0",0," "," ","0",0," "," ","0",0," "," ","0",0," "," ","0",0," "," ","0",0," "," ","0",0," "," ","0",0," "," ","0",0," "," ","0",0," "," ","0",0," "," ","0",0," "," ","0",0," "," ","0",0," "," ","0",0," "," ","0"
"303","USC00359461",1958,9,"PRCP",0,"T"," ","0",0," "," ","0",0," "," ","0",0," "," ","0",0," "," ","0",0," "," ","0",0," "," ","0",3," "," ","0",10," "," ","0",0," "," ","0",41," "," ","0",0," "," ","0",43," "," ","0",0," "," ","0",0," "," ","0",0," "," ","0",0," "," ","0",0," "," ","0",8," "," ","0",0," "," ","0",0," "," ","0",0,"T"," ","0",0," "," ","0",0," "," ","0",0," "," ","0",0," "," ","0",0," "," ","0",0," "," ","0",0," "," ","0",0," "," ","0",NA," "," "," "
"304","USC00359461",1958,9,"SNOW",0," "," ","0",0," "," ","0",0," "," ","0",0," "," ","0",0," "," ","0",0," "," ","0",0," "," ","0",0," "," ","0",0," "," ","0",0," "," ","0",0," "," ","0",0," "," ","0",0," "," ","0",0," "," ","0",0," "," ","0",0," "," ","0",0," "," ","0",0," "," ","0",0," "," ","0",0," "," ","0",0," "," ","0",0," "," ","0",0," "," ","0",0," "," ","0",0," "," ","0",0," "," ","0",0," "," ","0",0," "," ","0",0," "," ","0",0," "," ","0",NA," "," "," "
"305","USC00359461",1958,9,"SNWD",0," "," ","0",0," "," ","0",0," "," ","0",0," "," ","0",0," "," ","0",0," "," ","0",0," "," ","0",0," "," ","0",0," "," ","0",0," "," ","0",0," "," ","0",0," "," ","0",0," "," ","0",0," "," ","0",0," "," ","0",0," "," ","0",0," "," ","0",0," "," ","0",0," "," ","0",0," "," ","0",0," "," ","0",0," "," ","0",0," "," ","0",0," "," ","0",0," "," ","0",0," "," ","0",0," "," ","0",0," "," ","0",0," "," ","0",0," "," ","0",NA," "," "," "
"306","USC00359461",1958,10,"PRCP",0," "," ","0",0," "," ","0",0," "," ","0",0," "," ","0",0," "," ","0",0," "," ","0",0," "," ","0",3," "," ","0",3," "," ","0",0," "," ","0",0," "," ","0",0," "," ","0",0," "," ","0",0," "," ","0",0," "," ","0",0," "," ","0",0," "," ","0",10," "," ","0",292," "," ","0",56," "," ","0",0," "," ","0",0," "," ","0",8," "," ","0",0," "," ","0",0," "," ","0",0," "," ","0",0," "," ","0",0," "," ","0",0," "," ","0",0," "," ","0",28," "," ","0"
"307","USC00359461",1958,10,"SNOW",0," "," ","0",0," "," ","0",0," "," ","0",0," "," ","0",0," "," ","0",0," "," ","0",0," "," ","0",0," "," ","0",0," "," ","0",0," "," ","0",0," "," ","0",0," "," ","0",0," "," ","0",0," "," ","0",0," "," ","0",0," "," ","0",0," "," ","0",0," "," ","0",0," "," ","0",0," "," ","0",0," "," ","0",0," "," ","0",0," "," ","0",0," "," ","0",0," "," ","0",0," "," ","0",0," "," ","0",0," "," ","0",0," "," ","0",0," "," ","0",0," "," ","0"
"308","USC00359461",1958,10,"SNWD",0," "," ","0",0," "," ","0",0," "," ","0",0," "," ","0",0," "," ","0",0," "," ","0",0," "," ","0",0," "," ","0",0," "," ","0",0," "," ","0",0," "," ","0",0," "," ","0",0," "," ","0",0," "," ","0",0," "," ","0",0," "," ","0",0," "," ","0",0," "," ","0",0," "," ","0",0," "," ","0",0," "," ","0",0," "," ","0",0," "," ","0",0," "," ","0",0," "," ","0",0," "," ","0",0," "," ","0",0," "," ","0",0," "," ","0",0," "," ","0",0," "," ","0"
"309","USC00359461",1958,11,"PRCP",135," "," ","0",25," "," ","0",53," "," ","0",58," "," ","0",69," "," ","0",36," "," ","0",74," "," ","0",61," "," ","0",15," "," ","0",71," "," ","0",0," "," ","0",0," "," ","0",180," "," ","0",206," "," ","0",76," "," ","0",0," "," ","0",0," "," ","0",0," "," ","0",320," "," ","0",18," "," ","0",0," "," ","0",0," "," ","0",0," "," ","0",0," "," ","0",3," "," ","0",0," "," ","0",0," "," ","0",0," "," ","0",0," "," ","0",3," "," ","0",NA," "," "," "
"310","USC00359461",1958,11,"SNOW",0," "," ","0",0," "," ","0",0," "," ","0",0," "," ","0",0," "," ","0",0," "," ","0",0," "," ","0",0," "," ","0",0," "," ","0",0," "," ","0",0," "," ","0",0," "," ","0",0," "," ","0",0," "," ","0",0," "," ","0",0," "," ","0",0," "," ","0",0," "," ","0",0," "," ","0",0," "," ","0",0," "," ","0",0," "," ","0",0," "," ","0",0," "," ","0",0," "," ","0",0," "," ","0",0," "," ","0",0," "," ","0",0," "," ","0",0," "," ","0",NA," "," "," "
"311","USC00359461",1958,11,"SNWD",0," "," ","0",0," "," ","0",0," "," ","0",0," "," ","0",0," "," ","0",0," "," ","0",0," "," ","0",0," "," ","0",0," "," ","0",0," "," ","0",0," "," ","0",0," "," ","0",0," "," ","0",0," "," ","0",0," "," ","0",0," "," ","0",0," "," ","0",0," "," ","0",0," "," ","0",0," "," ","0",0," "," ","0",0," "," ","0",0," "," ","0",0," "," ","0",0," "," ","0",0," "," ","0",0," "," ","0",0," "," ","0",0," "," ","0",0," "," ","0",NA," "," "," "
"312","USC00359461",1958,12,"PRCP",13," "," ","0",3," "," ","0",5," "," ","0",0,"T"," ","0",0," "," ","0",0,"T"," ","0",20," "," ","0",84," "," ","0",51," "," ","0",48," "," ","0",10," "," ","0",43," "," ","0",0," "," ","0",0," "," ","0",0," "," ","0",0," "," ","0",0," "," ","0",0," "," ","0",0," "," ","0",0," "," ","0",84," "," ","0",0,"T"," ","0",0," "," ","0",5," "," ","0",137," "," ","0",28," "," ","0",282," "," ","0",79," "," ","0",13," "," ","0",5," "," ","0",0," "," ","0"
"313","USC00359461",1958,12,"SNOW",0," "," ","0",0," "," ","0",0," "," ","0",0," "," ","0",0," "," ","0",0," "," ","0",0," "," ","0",0," "," ","0",0," "," ","0",0," "," ","0",0," "," ","0",0," "," ","0",0," "," ","0",0," "," ","0",0," "," ","0",0," "," ","0",0," "," ","0",0," "," ","0",0," "," ","0",0," "," ","0",0," "," ","0",0," "," ","0",0," "," ","0",0," "," ","0",0," "," ","0",0," "," ","0",0," "," ","0",0," "," ","0",0," "," ","0",0," "," ","0",0," "," ","0"
"314","USC00359461",1958,12,"SNWD",0," "," ","0",0," "," ","0",0," "," ","0",0," "," ","0",0," "," ","0",0," "," ","0",0," "," ","0",0," "," ","0",0," "," ","0",0," "," ","0",0," "," ","0",0," "," ","0",0," "," ","0",0," "," ","0",0," "," ","0",0," "," ","0",0," "," ","0",0," "," ","0",0," "," ","0",0," "," ","0",0," "," ","0",0," "," ","0",0," "," ","0",0," "," ","0",0," "," ","0",0," "," ","0",0," "," ","0",0," "," ","0",0," "," ","0",0," "," ","0",0," "," ","0"
"315","USC00359461",1959,1,"PRCP",8," "," ","0",41," "," ","0",0,"T"," ","0",0," "," ","0",36," "," ","0",10," "," ","0",0," "," ","0",84," "," ","0",523," "," ","0",211," "," ","0",58," "," ","0",467," "," ","0",0,"T"," ","0",0," "," ","0",0,"T"," ","0",0,"T"," ","0",15," "," ","0",13," "," ","0",28," "," ","0",5," "," ","0",8," "," ","0",5," "," ","0",3," "," ","0",130," "," ","0",13," "," ","0",18," "," ","0",216," "," ","0",127," "," ","0",13," "," ","0",99," "," ","0",3," "," ","0"
"316","USC00359461",1959,1,"SNOW",0," "," ","0",0," "," ","0",0," "," ","0",0," "," ","0",0," "," ","0",0," "," ","0",0," "," ","0",0," "," ","0",0," "," ","0",0," "," ","0",0," "," ","0",0," "," ","0",0," "," ","0",0," "," ","0",0," "," ","0",0," "," ","0",0," "," ","0",0," "," ","0",0," "," ","0",0," "," ","0",0," "," ","0",0," "," ","0",0," "," ","0",0," "," ","0",0," "," ","0",0," "," ","0",0," "," ","0",0," "," ","0",0," "," ","0",0," "," ","0",0," "," ","0"
"317","USC00359461",1959,1,"SNWD",0," "," ","0",0," "," ","0",0," "," ","0",0," "," ","0",0," "," ","0",0," "," ","0",0," "," ","0",0," "," ","0",0," "," ","0",0," "," ","0",0," "," ","0",0," "," ","0",0," "," ","0",0," "," ","0",0," "," ","0",0," "," ","0",0," "," ","0",0," "," ","0",0," "," ","0",0," "," ","0",0," "," ","0",0," "," ","0",0," "," ","0",0," "," ","0",0," "," ","0",0," "," ","0",0," "," ","0",0," "," ","0",0," "," ","0",0," "," ","0",0," "," ","0"
"318","USC00359461",1959,2,"PRCP",0," "," ","0",0," "," ","0",0," "," ","0",0," "," ","0",0," "," ","0",13," "," ","0",66," "," ","0",3," "," ","0",10," "," ","0",279," "," ","0",28," "," ","0",5," "," ","0",0," "," ","0",NA," "," "," ",NA," "," "," ",3," "," ","0",0," "," ","0",13," "," ","0",8," "," ","0",0,"T"," ","0",53," "," ","0",5," "," ","0",13," "," ","0",3," "," ","0",0," "," ","0",0,"T"," ","0",53," "," ","0",0," "," ","0",NA," "," "," ",NA," "," "," ",NA," "," "," "
"319","USC00359461",1959,2,"SNOW",0," "," ","0",0," "," ","0",0," "," ","0",0," "," ","0",0," "," ","0",0," "," ","0",0," "," ","0",0," "," ","0",0," "," ","0",0," "," ","0",0," "," ","0",0," "," ","0",0," "," ","0",0," "," ","0",25," "," ","0",0," "," ","0",0," "," ","0",0," "," ","0",0," "," ","0",0," "," ","0",0," "," ","0",0," "," ","0",0," "," ","0",0," "," ","0",0," "," ","0",0," "," ","0",0," "," ","0",0," "," ","0",NA," "," "," ",NA," "," "," ",NA," "," "," "
"320","USC00359461",1959,2,"SNWD",0," "," ","0",0," "," ","0",0," "," ","0",0," "," ","0",0," "," ","0",0," "," ","0",0," "," ","0",0," "," ","0",0," "," ","0",0," "," ","0",0," "," ","0",0," "," ","0",0," "," ","0",0," "," ","0",25," "," ","0",0," "," ","0",0," "," ","0",0," "," ","0",0," "," ","0",0," "," ","0",0," "," ","0",0," "," ","0",0," "," ","0",0," "," ","0",0," "," ","0",0," "," ","0",0," "," ","0",0," "," ","0",NA," "," "," ",NA," "," "," ",NA," "," "," "
"321","USC00359461",1959,3,"PRCP",0," "," ","0",0," "," ","0",0," "," ","0",0," "," ","0",0," "," ","0",0," "," ","0",0," "," ","0",5," "," ","0",0," "," ","0",5," "," ","0",0," "," ","0",0," "," ","0",5," "," ","0",58," "," ","0",0," "," ","0",0," "," ","0",0," "," ","0",38," "," ","0",20," "," ","0",0," "," ","0",18," "," ","0",3," "," ","0",51," "," ","0",30," "," ","0",5," "," ","0",147," "," ","0",18," "," ","0",48," "," ","0",20," "," ","0",137," "," ","0",15," "," ","0"
"322","USC00359461",1959,3,"SNOW",0," "," ","0",0," "," ","0",0," "," ","0",0," "," ","0",0," "," ","0",0," "," ","0",0," "," ","0",0," "," ","0",0," "," ","0",0," "," ","0",0," "," ","0",0," "," ","0",0," "," ","0",0," "," ","0",0," "," ","0",0," "," ","0",0," "," ","0",0," "," ","0",0," "," ","0",0," "," ","0",0," "," ","0",0," "," ","0",0," "," ","0",0," "," ","0",0," "," ","0",0," "," ","0",0," "," ","0",0," "," ","0",0," "," ","0",0," "," ","0",0," "," ","0"
"323","USC00359461",1959,3,"SNWD",0," "," ","0",0," "," ","0",0," "," ","0",0," "," ","0",0," "," ","0",0," "," ","0",0," "," ","0",0," "," ","0",0," "," ","0",0," "," ","0",0," "," ","0",0," "," ","0",0," "," ","0",0," "," ","0",0," "," ","0",0," "," ","0",0," "," ","0",0," "," ","0",0," "," ","0",0," "," ","0",0," "," ","0",0," "," ","0",0," "," ","0",0," "," ","0",0," "," ","0",0," "," ","0",0," "," ","0",0," "," ","0",0," "," ","0",0," "," ","0",0," "," ","0"
"324","USC00359461",1959,4,"PRCP",NA," "," "," ",0,"T"," ","0",0," "," ","0",0," "," ","0",0," "," ","0",0," "," ","0",0," "," ","0",0," "," ","0",0," "," ","0",0," "," ","0",0," "," ","0",0," "," ","0",0," "," ","0",0," "," ","0",0," "," ","0",0," "," ","0",0," "," ","0",3," "," ","0",0,"T"," ","0",0," "," ","0",0," "," ","0",0," "," ","0",0," "," ","0",0," "," ","0",0," "," ","0",81," "," ","0",13," "," ","0",0," "," ","0",3," "," ","0",25," "," ","0",NA," "," "," "
"325","USC00359461",1959,4,"SNOW",0," "," ","0",0," "," ","0",0," "," ","0",0," "," ","0",0," "," ","0",0," "," ","0",0," "," ","0",0," "," ","0",0," "," ","0",0," "," ","0",0," "," ","0",0," "," ","0",0," "," ","0",0," "," ","0",0," "," ","0",0," "," ","0",0," "," ","0",0," "," ","0",0," "," ","0",0," "," ","0",0," "," ","0",0," "," ","0",0," "," ","0",0," "," ","0",0," "," ","0",0," "," ","0",0," "," ","0",0," "," ","0",0," "," ","0",0," "," ","0",NA," "," "," "
"326","USC00359461",1959,4,"SNWD",0," "," ","0",0," "," ","0",0," "," ","0",0," "," ","0",0," "," ","0",0," "," ","0",0," "," ","0",0," "," ","0",0," "," ","0",0," "," ","0",0," "," ","0",0," "," ","0",0," "," ","0",0," "," ","0",0," "," ","0",0," "," ","0",0," "," ","0",0," "," ","0",0," "," ","0",0," "," ","0",0," "," ","0",0," "," ","0",0," "," ","0",0," "," ","0",0," "," ","0",0," "," ","0",0," "," ","0",0," "," ","0",0," "," ","0",0," "," ","0",NA," "," "," "
"327","USC00359461",1959,4,"WT14",NA," "," "," ",NA," "," "," ",NA," "," "," ",1," "," ","0",NA," "," "," ",NA," "," "," ",NA," "," "," ",NA," "," "," ",NA," "," "," ",NA," "," "," ",NA," "," "," ",NA," "," "," ",NA," "," "," ",NA," "," "," ",NA," "," "," ",NA," "," "," ",NA," "," "," ",NA," "," "," ",NA," "," "," ",NA," "," "," ",NA," "," "," ",NA," "," "," ",NA," "," "," ",NA," "," "," ",NA," "," "," ",NA," "," "," ",NA," "," "," ",NA," "," "," ",NA," "," "," ",NA," "," "," ",NA," "," "," "
"328","USC00359461",1959,5,"PRCP",8," "," ","0",46," "," ","0",20," "," ","0",0," "," ","0",102," "," ","0",0,"T"," ","0",0," "," ","0",0," "," ","0",33," "," ","0",0,"T"," ","0",0," "," ","0",0," "," ","0",0," "," ","0",112," "," ","0",69," "," ","0",0,"T"," ","0",89," "," ","0",25," "," ","0",30," "," ","0",0,"T"," ","0",0," "," ","0",0," "," ","0",0," "," ","0",0," "," ","0",0," "," ","0",15," "," ","0",79," "," ","0",28," "," ","0",0,"T"," ","0",0," "," ","0",0," "," ","0"
"329","USC00359461",1959,5,"SNOW",0," "," ","0",0," "," ","0",0," "," ","0",0," "," ","0",0," "," ","0",0," "," ","0",0," "," ","0",0," "," ","0",0," "," ","0",0," "," ","0",0," "," ","0",0," "," ","0",0," "," ","0",0," "," ","0",0," "," ","0",0," "," ","0",0," "," ","0",0," "," ","0",0," "," ","0",0," "," ","0",0," "," ","0",0," "," ","0",0," "," ","0",0," "," ","0",0," "," ","0",0," "," ","0",0," "," ","0",0," "," ","0",0," "," ","0",0," "," ","0",0," "," ","0"
"330","USC00359461",1959,5,"SNWD",0," "," ","0",0," "," ","0",0," "," ","0",0," "," ","0",0," "," ","0",0," "," ","0",0," "," ","0",0," "," ","0",0," "," ","0",0," "," ","0",0," "," ","0",0," "," ","0",0," "," ","0",0," "," ","0",0," "," ","0",0," "," ","0",0," "," ","0",0," "," ","0",0," "," ","0",0," "," ","0",0," "," ","0",0," "," ","0",0," "," ","0",0," "," ","0",0," "," ","0",0," "," ","0",0," "," ","0",0," "," ","0",0," "," ","0",0," "," ","0",0," "," ","0"
"331","USC00359461",1959,6,"PRCP",0," "," ","0",0," "," ","0",0," "," ","0",0," "," ","0",81," "," ","0",20," "," ","0",0," "," ","0",0," "," ","0",51," "," ","0",5," "," ","0",0,"T"," ","0",0," "," ","0",0," "," ","0",0," "," ","0",0,"T"," ","0",0," "," ","0",0," "," ","0",0," "," ","0",0," "," ","0",0," "," ","0",0," "," ","0",0," "," ","0",0," "," ","0",0," "," ","0",0," "," ","0",0," "," ","0",0," "," ","0",0," "," ","0",0,"T"," ","0",0," "," ","0",NA," "," "," "
"332","USC00359461",1959,6,"SNOW",0," "," ","0",0," "," ","0",0," "," ","0",0," "," ","0",0," "," ","0",0," "," ","0",0," "," ","0",0," "," ","0",0," "," ","0",0," "," ","0",0," "," ","0",0," "," ","0",0," "," ","0",0," "," ","0",0," "," ","0",0," "," ","0",0," "," ","0",0," "," ","0",0," "," ","0",0," "," ","0",0," "," ","0",0," "," ","0",0," "," ","0",0," "," ","0",0," "," ","0",0," "," ","0",0," "," ","0",0," "," ","0",0," "," ","0",0," "," ","0",NA," "," "," "
"333","USC00359461",1959,6,"SNWD",0," "," ","0",0," "," ","0",0," "," ","0",0," "," ","0",0," "," ","0",0," "," ","0",0," "," ","0",0," "," ","0",0," "," ","0",0," "," ","0",0," "," ","0",0," "," ","0",0," "," ","0",0," "," ","0",0," "," ","0",0," "," ","0",0," "," ","0",0," "," ","0",0," "," ","0",0," "," ","0",0," "," ","0",0," "," ","0",0," "," ","0",0," "," ","0",0," "," ","0",0," "," ","0",0," "," ","0",0," "," ","0",0," "," ","0",0," "," ","0",NA," "," "," "
"334","USC00359461",1959,7,"PRCP",0," "," ","0",0," "," ","0",0," "," ","0",0," "," ","0",0,"T"," ","0",3," "," ","0",0," "," ","0",0," "," ","0",0," "," ","0",0," "," ","0",0," "," ","0",0," "," ","0",0," "," ","0",0," "," ","0",0," "," ","0",0," "," ","0",0," "," ","0",0," "," ","0",0," "," ","0",0," "," ","0",0," "," ","0",0," "," ","0",0," "," ","0",0," "," ","0",0," "," ","0",0," "," ","0",0," "," ","0",0," "," ","0",0," "," ","0",0," "," ","0",0," "," ","0"
"335","USC00359461",1959,7,"SNOW",0," "," ","0",0," "," ","0",0," "," ","0",0," "," ","0",0," "," ","0",0," "," ","0",0," "," ","0",0," "," ","0",0," "," ","0",0," "," ","0",0," "," ","0",0," "," ","0",0," "," ","0",0," "," ","0",0," "," ","0",0," "," ","0",0," "," ","0",0," "," ","0",0," "," ","0",0," "," ","0",0," "," ","0",0," "," ","0",0," "," ","0",0," "," ","0",0," "," ","0",0," "," ","0",0," "," ","0",0," "," ","0",0," "," ","0",0," "," ","0",0," "," ","0"
"336","USC00359461",1959,7,"SNWD",0," "," ","0",0," "," ","0",0," "," ","0",0," "," ","0",0," "," ","0",0," "," ","0",0," "," ","0",0," "," ","0",0," "," ","0",0," "," ","0",0," "," ","0",0," "," ","0",0," "," ","0",0," "," ","0",0," "," ","0",0," "," ","0",0," "," ","0",0," "," ","0",0," "," ","0",0," "," ","0",0," "," ","0",0," "," ","0",0," "," ","0",0," "," ","0",0," "," ","0",0," "," ","0",0," "," ","0",0," "," ","0",0," "," ","0",0," "," ","0",0," "," ","0"
"337","USC00359461",1959,8,"PRCP",0," "," ","0",0," "," ","0",0," "," ","0",0," "," ","0",0," "," ","0",0," "," ","0",0," "," ","0",0," "," ","0",0," "," ","0",0," "," ","0",0," "," ","0",0," "," ","0",0," "," ","0",0," "," ","0",0," "," ","0",0," "," ","0",0," "," ","0",0," "," ","0",0," "," ","0",0," "," ","0",0," "," ","0",0," "," ","0",0," "," ","0",0," "," ","0",0," "," ","0",0," "," ","0",0," "," ","0",0," "," ","0",0," "," ","0",0," "," ","0",0," "," ","0"
"338","USC00359461",1959,8,"SNOW",0," "," ","0",0," "," ","0",0," "," ","0",0," "," ","0",0," "," ","0",0," "," ","0",0," "," ","0",0," "," ","0",0," "," ","0",0," "," ","0",0," "," ","0",0," "," ","0",0," "," ","0",0," "," ","0",0," "," ","0",0," "," ","0",0," "," ","0",0," "," ","0",0," "," ","0",0," "," ","0",0," "," ","0",0," "," ","0",0," "," ","0",0," "," ","0",0," "," ","0",0," "," ","0",0," "," ","0",0," "," ","0",0," "," ","0",0," "," ","0",0," "," ","0"
"339","USC00359461",1959,8,"SNWD",0," "," ","0",0," "," ","0",0," "," ","0",0," "," ","0",0," "," ","0",0," "," ","0",0," "," ","0",0," "," ","0",0," "," ","0",0," "," ","0",0," "," ","0",0," "," ","0",0," "," ","0",0," "," ","0",0," "," ","0",0," "," ","0",0," "," ","0",0," "," ","0",0," "," ","0",0," "," ","0",0," "," ","0",0," "," ","0",0," "," ","0",0," "," ","0",0," "," ","0",0," "," ","0",0," "," ","0",0," "," ","0",0," "," ","0",0," "," ","0",0," "," ","0"
"340","USC00359461",1959,9,"PRCP",0," "," ","0",0," "," ","0",0," "," ","0",0," "," ","0",0," "," ","0",0,"T"," ","0",0,"T"," ","0",0," "," ","0",0," "," ","0",0," "," ","0",5," "," ","0",0," "," ","0",0," "," ","0",0,"T"," ","0",20," "," ","0",0," "," ","0",0," "," ","0",13," "," ","0",89," "," ","0",86," "," ","0",48," "," ","0",0," "," ","0",0," "," ","0",0," "," ","0",0,"T"," ","0",28," "," ","0",38," "," ","0",5," "," ","0",0," "," ","0",0,"T"," ","0",NA," "," "," "
"341","USC00359461",1959,9,"SNOW",0," "," ","0",0," "," ","0",0," "," ","0",0," "," ","0",0," "," ","0",0," "," ","0",0," "," ","0",0," "," ","0",0," "," ","0",0," "," ","0",0," "," ","0",0," "," ","0",0," "," ","0",0," "," ","0",0," "," ","0",0," "," ","0",0," "," ","0",0," "," ","0",0," "," ","0",0," "," ","0",0," "," ","0",0," "," ","0",0," "," ","0",0," "," ","0",0," "," ","0",0," "," ","0",0," "," ","0",0," "," ","0",0," "," ","0",0," "," ","0",NA," "," "," "
"342","USC00359461",1959,9,"SNWD",0," "," ","0",0," "," ","0",0," "," ","0",0," "," ","0",0," "," ","0",0," "," ","0",0," "," ","0",0," "," ","0",0," "," ","0",0," "," ","0",0," "," ","0",0," "," ","0",0," "," ","0",0," "," ","0",0," "," ","0",0," "," ","0",0," "," ","0",0," "," ","0",0," "," ","0",0," "," ","0",0," "," ","0",0," "," ","0",0," "," ","0",0," "," ","0",0," "," ","0",0," "," ","0",0," "," ","0",0," "," ","0",0," "," ","0",0," "," ","0",NA," "," "," "
"343","USC00359461",1959,10,"PRCP",0," "," ","0",0," "," ","0",0," "," ","0",0," "," ","0",0," "," ","0",0,"T"," ","0",15," "," ","0",196," "," ","0",109," "," ","0",0,"T"," ","0",0,"T"," ","0",0," "," ","0",0," "," ","0",0," "," ","0",0," "," ","0",0," "," ","0",0," "," ","0",3," "," ","0",0," "," ","0",56," "," ","0",33," "," ","0",124," "," ","0",0,"T"," ","0",0," "," ","0",5," "," ","0",0," "," ","0",0," "," ","0",0,"T"," ","0",0," "," ","0",0," "," ","0",0," "," ","0"
"344","USC00359461",1959,10,"SNOW",0," "," ","0",0," "," ","0",0," "," ","0",0," "," ","0",0," "," ","0",0," "," ","0",0," "," ","0",0," "," ","0",0," "," ","0",0," "," ","0",0," "," ","0",0," "," ","0",0," "," ","0",0," "," ","0",0," "," ","0",0," "," ","0",0," "," ","0",0," "," ","0",0," "," ","0",0," "," ","0",0," "," ","0",0," "," ","0",0," "," ","0",0," "," ","0",0," "," ","0",0," "," ","0",0," "," ","0",0," "," ","0",0," "," ","0",0," "," ","0",0," "," ","0"
"345","USC00359461",1959,10,"SNWD",0," "," ","0",0," "," ","0",0," "," ","0",0," "," ","0",0," "," ","0",0," "," ","0",0," "," ","0",0," "," ","0",0," "," ","0",0," "," ","0",0," "," ","0",0," "," ","0",0," "," ","0",0," "," ","0",0," "," ","0",0," "," ","0",0," "," ","0",0," "," ","0",0," "," ","0",0," "," ","0",0," "," ","0",0," "," ","0",0," "," ","0",0," "," ","0",0," "," ","0",0," "," ","0",0," "," ","0",0," "," ","0",0," "," ","0",0," "," ","0",0," "," ","0"
"346","USC00359461",1959,11,"PRCP",0," "," ","0",3," "," ","0",10," "," ","0",3," "," ","0",0," "," ","0",3," "," ","0",0," "," ","0",0," "," ","0",3," "," ","0",0," "," ","0",0," "," ","0",0," "," ","0",0," "," ","0",0," "," ","0",0,"T"," ","0",0,"T"," ","0",0," "," ","0",0," "," ","0",13," "," ","0",0," "," ","0",74," "," ","0",20," "," ","0",81," "," ","0",3," "," ","0",0,"T"," ","0",0,"T"," ","0",0," "," ","0",5," "," ","0",0,"T"," ","0",0," "," ","0",NA," "," "," "
"347","USC00359461",1959,11,"SNOW",0," "," ","0",0," "," ","0",0," "," ","0",0," "," ","0",0," "," ","0",0," "," ","0",0," "," ","0",0," "," ","0",0," "," ","0",0," "," ","0",0," "," ","0",0," "," ","0",0," "," ","0",0," "," ","0",0," "," ","0",0," "," ","0",0," "," ","0",0," "," ","0",0," "," ","0",0," "," ","0",0," "," ","0",0," "," ","0",0," "," ","0",0," "," ","0",0," "," ","0",0," "," ","0",0," "," ","0",0," "," ","0",0," "," ","0",0," "," ","0",NA," "," "," "
"348","USC00359461",1959,11,"SNWD",0," "," ","0",0," "," ","0",0," "," ","0",0," "," ","0",0," "," ","0",0," "," ","0",0," "," ","0",0," "," ","0",0," "," ","0",0," "," ","0",0," "," ","0",0," "," ","0",0," "," ","0",0," "," ","0",0," "," ","0",0," "," ","0",0," "," ","0",0," "," ","0",0," "," ","0",0," "," ","0",0," "," ","0",0," "," ","0",0," "," ","0",0," "," ","0",0," "," ","0",0," "," ","0",0," "," ","0",0," "," ","0",0," "," ","0",0," "," ","0",NA," "," "," "
"349","USC00359461",1959,11,"WT01",1," "," ","0",1," "," ","0",NA," "," "," ",NA," "," "," ",1," "," ","0",1," "," ","0",1," "," ","0",1," "," ","0",1," "," ","0",1," "," ","0",1," "," ","0",1," "," ","0",NA," "," "," ",NA," "," "," ",NA," "," "," ",NA," "," "," ",1," "," ","0",1," "," ","0",1," "," ","0",NA," "," "," ",NA," "," "," ",NA," "," "," ",NA," "," "," ",NA," "," "," ",1," "," ","0",NA," "," "," ",1," "," ","0",1," "," ","0",1," "," ","0",1," "," ","0",NA," "," "," "
"350","USC00359461",1959,12,"PRCP",0," "," ","0",3," "," ","0",15," "," ","0",0," "," ","0",0," "," ","0",0," "," ","0",0," "," ","0",0," "," ","0",0," "," ","0",3," "," ","0",58," "," ","0",203," "," ","0",58," "," ","0",0,"T"," ","0",0," "," ","0",0," "," ","0",0," "," ","0",0," "," ","0",0," "," ","0",0," "," ","0",0," "," ","0",0," "," ","0",0," "," ","0",231," "," ","0",137," "," ","0",8," "," ","0",0," "," ","0",0," "," ","0",0," "," ","0",13," "," ","0",109," "," ","0"
"351","USC00359461",1959,12,"SNOW",0," "," ","0",0," "," ","0",0," "," ","0",0," "," ","0",0," "," ","0",0," "," ","0",0," "," ","0",0," "," ","0",0," "," ","0",0," "," ","0",0," "," ","0",0," "," ","0",0," "," ","0",0," "," ","0",0," "," ","0",0," "," ","0",0," "," ","0",0," "," ","0",0," "," ","0",0," "," ","0",0," "," ","0",0," "," ","0",0," "," ","0",0," "," ","0",0," "," ","0",0," "," ","0",0," "," ","0",0," "," ","0",0," "," ","0",0," "," ","0",25," "," ","0"
"352","USC00359461",1959,12,"SNWD",0," "," ","0",0," "," ","0",0," "," ","0",0," "," ","0",0," "," ","0",0," "," ","0",0," "," ","0",0," "," ","0",0," "," ","0",0," "," ","0",0," "," ","0",0," "," ","0",0," "," ","0",0," "," ","0",0," "," ","0",0," "," ","0",0," "," ","0",0," "," ","0",0," "," ","0",0," "," ","0",0," "," ","0",0," "," ","0",0," "," ","0",0," "," ","0",0," "," ","0",0," "," ","0",0," "," ","0",0," "," ","0",0," "," ","0",0," "," ","0",25," "," ","0"
"353","USC00359461",1959,12,"WT01",1," "," ","0",1," "," ","0",1," "," ","0",NA," "," "," ",NA," "," "," ",1," "," ","0",NA," "," "," ",NA," "," "," ",1," "," ","0",NA," "," "," ",NA," "," "," ",NA," "," "," ",NA," "," "," ",NA," "," "," ",NA," "," "," ",NA," "," "," ",NA," "," "," ",NA," "," "," ",1," "," ","0",NA," "," "," ",NA," "," "," ",NA," "," "," ",1," "," ","0",NA," "," "," ",NA," "," "," ",1," "," ","0",1," "," ","0",1," "," ","0",1," "," ","0",NA," "," "," ",NA," "," "," "
"354","USC00359461",1960,1,"PRCP",3," "," ","0",10," "," ","0",3," "," ","0",0," "," ","0",0," "," ","0",0," "," ","0",38," "," ","0",221," "," ","0",142," "," ","0",0," "," ","0",61," "," ","0",89," "," ","0",0,"T"," ","0",18," "," ","0",0," "," ","0",61," "," ","0",79," "," ","0",43," "," ","0",8," "," ","0",0," "," ","0",0," "," ","0",0," "," ","0",0," "," ","0",0,"T"," ","0",10," "," ","0",15," "," ","0",28," "," ","0",79," "," ","0",5," "," ","0",30," "," ","0",0," "," ","0"
"355","USC00359461",1960,1,"SNOW",0," "," ","0",33," "," ","0",0," "," ","0",0," "," ","0",0," "," ","0",0," "," ","0",0," "," ","0",0," "," ","0",0," "," ","0",0," "," ","0",0," "," ","0",0," "," ","0",0," "," ","0",0," "," ","0",0," "," ","0",0," "," ","0",0," "," ","0",0," "," ","0",0," "," ","0",0," "," ","0",0," "," ","0",0," "," ","0",0," "," ","0",0," "," ","0",0," "," ","0",0," "," ","0",0," "," ","0",0," "," ","0",0," "," ","0",0," "," ","0",0," "," ","0"
"356","USC00359461",1960,1,"SNWD",25," "," ","0",25," "," ","0",0,"T"," ","0",0," "," ","0",0," "," ","0",0," "," ","0",0," "," ","0",0," "," ","0",0," "," ","0",0," "," ","0",0," "," ","0",0," "," ","0",0," "," ","0",0," "," ","0",0," "," ","0",0," "," ","0",0," "," ","0",0," "," ","0",0," "," ","0",0," "," ","0",0," "," ","0",0," "," ","0",0," "," ","0",0," "," ","0",0," "," ","0",0," "," ","0",0," "," ","0",0," "," ","0",0," "," ","0",0," "," ","0",0," "," ","0"
"357","USC00359461",1960,1,"WT01",NA," "," "," ",NA," "," "," ",NA," "," "," ",NA," "," "," ",NA," "," "," ",NA," "," "," ",NA," "," "," ",NA," "," "," ",NA," "," "," ",NA," "," "," ",NA," "," "," ",1," "," ","0",NA," "," "," ",NA," "," "," ",1," "," ","0",NA," "," "," ",NA," "," "," ",NA," "," "," ",1," "," ","0",NA," "," "," ",NA," "," "," ",NA," "," "," ",NA," "," "," ",NA," "," "," ",NA," "," "," ",NA," "," "," ",NA," "," "," ",NA," "," "," ",NA," "," "," ",1," "," ","0",NA," "," "," "
"358","USC00359461",1960,2,"PRCP",5," "," ","0",165," "," ","0",0,"T"," ","0",145," "," ","0",86," "," ","0",3," "," ","0",132," "," ","0",290," "," ","0",338," "," ","0",71," "," ","0",5," "," ","0",0," "," ","0",69," "," ","0",5," "," ","0",23," "," ","0",8," "," ","0",0," "," ","0",38," "," ","0",5," "," ","0",0," "," ","0",8," "," ","0",5," "," ","0",0," "," ","0",0," "," ","0",3," "," ","0",20," "," ","0",0,"T"," ","0",0," "," ","0",0," "," ","0",NA," "," "," ",NA," "," "," "
"359","USC00359461",1960,2,"SNOW",0," "," ","0",0," "," ","0",0," "," ","0",0," "," ","0",0," "," ","0",0," "," ","0",0," "," ","0",0," "," ","0",0," "," ","0",0," "," ","0",0," "," ","0",0," "," ","0",0," "," ","0",0," "," ","0",0," "," ","0",0," "," ","0",0," "," ","0",0," "," ","0",0," "," ","0",0," "," ","0",0," "," ","0",0," "," ","0",0," "," ","0",0," "," ","0",0," "," ","0",0," "," ","0",0," "," ","0",0," "," ","0",0," "," ","0",NA," "," "," ",NA," "," "," "
"360","USC00359461",1960,2,"SNWD",0," "," ","0",0," "," ","0",0," "," ","0",0," "," ","0",0," "," ","0",0," "," ","0",0," "," ","0",0," "," ","0",0," "," ","0",0," "," ","0",0," "," ","0",0," "," ","0",0," "," ","0",0," "," ","0",0," "," ","0",0," "," ","0",0," "," ","0",0," "," ","0",0," "," ","0",0," "," ","0",0," "," ","0",0," "," ","0",0," "," ","0",0," "," ","0",0," "," ","0",0," "," ","0",0," "," ","0",0," "," ","0",0," "," ","0",NA," "," "," ",NA," "," "," "
"361","USC00359461",1960,2,"WT01",NA," "," "," ",NA," "," "," ",NA," "," "," ",1," "," ","0",NA," "," "," ",NA," "," "," ",1," "," ","0",NA," "," "," ",NA," "," "," ",NA," "," "," ",NA," "," "," ",NA," "," "," ",1," "," ","0",NA," "," "," ",NA," "," "," ",1," "," ","0",1," "," ","0",NA," "," "," ",NA," "," "," ",NA," "," "," ",NA," "," "," ",NA," "," "," ",1," "," ","0",NA," "," "," ",NA," "," "," ",NA," "," "," ",NA," "," "," ",NA," "," "," ",NA," "," "," ",NA," "," "," ",NA," "," "," "
"362","USC00359461",1960,3,"PRCP",0," "," ","0",5," "," ","0",130," "," ","0",147," "," ","0",170," "," ","0",74," "," ","0",231," "," ","0",81," "," ","0",198," "," ","0",13," "," ","0",0,"T"," ","0",38," "," ","0",28," "," ","0",5," "," ","0",64," "," ","0",30," "," ","0",0," "," ","0",0,"T"," ","0",0,"T"," ","0",0," "," ","0",0," "," ","0",0," "," ","0",0," "," ","0",0," "," ","0",0,"T"," ","0",0," "," ","0",53," "," ","0",20," "," ","0",5," "," ","0",279," "," ","0",94," "," ","0"
"363","USC00359461",1960,3,"SNOW",0," "," ","0",0," "," ","0",0," "," ","0",0," "," ","0",0," "," ","0",0," "," ","0",0," "," ","0",0," "," ","0",0," "," ","0",0," "," ","0",0," "," ","0",0," "," ","0",0," "," ","0",0," "," ","0",0," "," ","0",0," "," ","0",0," "," ","0",0," "," ","0",0," "," ","0",0," "," ","0",0," "," ","0",0," "," ","0",0," "," ","0",0," "," ","0",0," "," ","0",0," "," ","0",0," "," ","0",0," "," ","0",0," "," ","0",0," "," ","0",0," "," ","0"
"364","USC00359461",1960,3,"SNWD",0," "," ","0",0," "," ","0",0," "," ","0",0," "," ","0",0," "," ","0",0," "," ","0",0," "," ","0",0," "," ","0",0," "," ","0",0," "," ","0",0," "," ","0",0," "," ","0",0," "," ","0",0," "," ","0",0," "," ","0",0," "," ","0",0," "," ","0",0," "," ","0",0," "," ","0",0," "," ","0",0," "," ","0",0," "," ","0",0," "," ","0",0," "," ","0",0," "," ","0",0," "," ","0",0," "," ","0",0," "," ","0",0," "," ","0",0," "," ","0",0," "," ","0"
"365","USC00359461",1960,3,"WT01",NA," "," "," ",NA," "," "," ",NA," "," "," ",NA," "," "," ",NA," "," "," ",NA," "," "," ",NA," "," "," ",NA," "," "," ",NA," "," "," ",1," "," ","0",NA," "," "," ",1," "," ","0",NA," "," "," ",NA," "," "," ",NA," "," "," ",NA," "," "," ",NA," "," "," ",1," "," ","0",1," "," ","0",NA," "," "," ",NA," "," "," ",1," "," ","0",NA," "," "," ",NA," "," "," ",1," "," ","0",NA," "," "," ",NA," "," "," ",NA," "," "," ",NA," "," "," ",NA," "," "," ",NA," "," "," "
"366","USC00359461",1960,4,"PRCP",64," "," ","0",5," "," ","0",0," "," ","0",0," "," ","0",0," "," ","0",0," "," ","0",3," "," ","0",0," "," ","0",23," "," ","0",0," "," ","0",81," "," ","0",0,"T"," ","0",0,"T"," ","0",97," "," ","0",99," "," ","0",13," "," ","0",0,"T"," ","0",30," "," ","0",5," "," ","0",13," "," ","0",64," "," ","0",46," "," ","0",0," "," ","0",0," "," ","0",38," "," ","0",28," "," ","0",3," "," ","0",3," "," ","0",0,"T"," ","0",0," "," ","0",NA," "," "," "
"367","USC00359461",1960,4,"SNOW",0," "," ","0",0," "," ","0",0," "," ","0",0," "," ","0",0," "," ","0",0," "," ","0",0," "," ","0",0," "," ","0",0," "," ","0",0," "," ","0",0," "," ","0",0," "," ","0",0," "," ","0",0," "," ","0",0," "," ","0",0," "," ","0",0," "," ","0",0," "," ","0",0," "," ","0",0," "," ","0",0," "," ","0",0," "," ","0",0," "," ","0",0," "," ","0",0," "," ","0",0," "," ","0",0," "," ","0",0," "," ","0",0," "," ","0",0," "," ","0",NA," "," "," "
"368","USC00359461",1960,4,"SNWD",0," "," ","0",0," "," ","0",0," "," ","0",0," "," ","0",0," "," ","0",0," "," ","0",0," "," ","0",0," "," ","0",0," "," ","0",0," "," ","0",0," "," ","0",0," "," ","0",0," "," ","0",0," "," ","0",0," "," ","0",0," "," ","0",0," "," ","0",0," "," ","0",0," "," ","0",0," "," ","0",0," "," ","0",0," "," ","0",0," "," ","0",0," "," ","0",0," "," ","0",0," "," ","0",0," "," ","0",0," "," ","0",0," "," ","0",0," "," ","0",NA," "," "," "
"369","USC00359461",1960,4,"WT01",NA," "," "," ",NA," "," "," ",NA," "," "," ",NA," "," "," ",NA," "," "," ",NA," "," "," ",NA," "," "," ",NA," "," "," ",NA," "," "," ",1," "," ","0",NA," "," "," ",NA," "," "," ",NA," "," "," ",NA," "," "," ",NA," "," "," ",NA," "," "," ",NA," "," "," ",NA," "," "," ",NA," "," "," ",NA," "," "," ",NA," "," "," ",NA," "," "," ",NA," "," "," ",NA," "," "," ",NA," "," "," ",NA," "," "," ",NA," "," "," ",NA," "," "," ",NA," "," "," ",NA," "," "," ",NA," "," "," "
"370","USC00359461",1960,5,"PRCP",0," "," ","0",0," "," ","0",8," "," ","0",71," "," ","0",0,"T"," ","0",3," "," ","0",135," "," ","0",3," "," ","0",0," "," ","0",0," "," ","0",0," "," ","0",13," "," ","0",33," "," ","0",10," "," ","0",0,"T"," ","0",25," "," ","0",8," "," ","0",64," "," ","0",0," "," ","0",79," "," ","0",109," "," ","0",41," "," ","0",8," "," ","0",41," "," ","0",130," "," ","0",287," "," ","0",3," "," ","0",0," "," ","0",0," "," ","0",0," "," ","0",0," "," ","0"
"371","USC00359461",1960,5,"SNOW",0," "," ","0",0," "," ","0",0," "," ","0",0," "," ","0",0," "," ","0",0," "," ","0",0," "," ","0",0," "," ","0",0," "," ","0",0," "," ","0",0," "," ","0",0," "," ","0",0," "," ","0",0," "," ","0",0," "," ","0",0," "," ","0",0," "," ","0",0," "," ","0",0," "," ","0",0," "," ","0",0," "," ","0",0," "," ","0",0," "," ","0",0," "," ","0",0," "," ","0",0," "," ","0",0," "," ","0",0," "," ","0",0," "," ","0",0," "," ","0",0," "," ","0"
"372","USC00359461",1960,5,"SNWD",0," "," ","0",0," "," ","0",0," "," ","0",0," "," ","0",0," "," ","0",0," "," ","0",0," "," ","0",0," "," ","0",0," "," ","0",0," "," ","0",0," "," ","0",0," "," ","0",0," "," ","0",0," "," ","0",0," "," ","0",0," "," ","0",0," "," ","0",0," "," ","0",0," "," ","0",0," "," ","0",0," "," ","0",0," "," ","0",0," "," ","0",0," "," ","0",0," "," ","0",0," "," ","0",0," "," ","0",0," "," ","0",0," "," ","0",0," "," ","0",0," "," ","0"
"373","USC00359461",1960,6,"PRCP",0," "," ","0",0," "," ","0",0," "," ","0",0," "," ","0",0," "," ","0",0," "," ","0",0," "," ","0",0," "," ","0",0," "," ","0",0," "," ","0",0," "," ","0",0," "," ","0",0," "," ","0",0," "," ","0",0,"T"," ","0",0," "," ","0",0," "," ","0",0," "," ","0",0," "," ","0",0," "," ","0",0," "," ","0",0," "," ","0",0," "," ","0",0," "," ","0",0," "," ","0",0," "," ","0",0," "," ","0",0," "," ","0",0," "," ","0",0," "," ","0",NA," "," "," "
"374","USC00359461",1960,6,"SNOW",0," "," ","0",0," "," ","0",0," "," ","0",0," "," ","0",0," "," ","0",0," "," ","0",0," "," ","0",0," "," ","0",0," "," ","0",0," "," ","0",0," "," ","0",0," "," ","0",0," "," ","0",0," "," ","0",0," "," ","0",0," "," ","0",0," "," ","0",0," "," ","0",0," "," ","0",0," "," ","0",0," "," ","0",0," "," ","0",0," "," ","0",0," "," ","0",0," "," ","0",0," "," ","0",0," "," ","0",0," "," ","0",0," "," ","0",0," "," ","0",NA," "," "," "
"375","USC00359461",1960,6,"SNWD",0," "," ","0",0," "," ","0",0," "," ","0",0," "," ","0",0," "," ","0",0," "," ","0",0," "," ","0",0," "," ","0",0," "," ","0",0," "," ","0",0," "," ","0",0," "," ","0",0," "," ","0",0," "," ","0",0," "," ","0",0," "," ","0",0," "," ","0",0," "," ","0",0," "," ","0",0," "," ","0",0," "," ","0",0," "," ","0",0," "," ","0",0," "," ","0",0," "," ","0",0," "," ","0",0," "," ","0",0," "," ","0",0," "," ","0",0," "," ","0",NA," "," "," "
"376","USC00359461",1960,7,"PRCP",0," "," ","0",0," "," ","0",0," "," ","0",0," "," ","0",0," "," ","0",0," "," ","0",0," "," ","0",0," "," ","0",0," "," ","0",0," "," ","0",0," "," ","0",0," "," ","0",0,"T"," ","0",0," "," ","0",0," "," ","0",0," "," ","0",0," "," ","0",0," "," ","0",0," "," ","0",0," "," ","0",0," "," ","0",0," "," ","0",0," "," ","0",0," "," ","0",0," "," ","0",0,"T"," ","0",0," "," ","0",0," "," ","0",0," "," ","0",0," "," ","0",0," "," ","0"
"377","USC00359461",1960,7,"SNOW",0," "," ","0",0," "," ","0",0," "," ","0",0," "," ","0",0," "," ","0",0," "," ","0",0," "," ","0",0," "," ","0",0," "," ","0",0," "," ","0",0," "," ","0",0," "," ","0",0," "," ","0",0," "," ","0",0," "," ","0",0," "," ","0",0," "," ","0",0," "," ","0",0," "," ","0",0," "," ","0",0," "," ","0",0," "," ","0",0," "," ","0",0," "," ","0",0," "," ","0",0," "," ","0",0," "," ","0",0," "," ","0",0," "," ","0",0," "," ","0",0," "," ","0"
"378","USC00359461",1960,7,"SNWD",0," "," ","0",0," "," ","0",0," "," ","0",0," "," ","0",0," "," ","0",0," "," ","0",0," "," ","0",0," "," ","0",0," "," ","0",0," "," ","0",0," "," ","0",0," "," ","0",0," "," ","0",0," "," ","0",0," "," ","0",0," "," ","0",0," "," ","0",0," "," ","0",0," "," ","0",0," "," ","0",0," "," ","0",0," "," ","0",0," "," ","0",0," "," ","0",0," "," ","0",0," "," ","0",0," "," ","0",0," "," ","0",0," "," ","0",0," "," ","0",0," "," ","0"
"379","USC00359461",1960,8,"PRCP",0," "," ","0",0," "," ","0",0," "," ","0",0," "," ","0",0," "," ","0",0," "," ","0",0," "," ","0",0," "," ","0",0," "," ","0",0," "," ","0",0," "," ","0",0," "," ","0",0," "," ","0",0," "," ","0",3," "," ","0",0,"T"," ","0",0," "," ","0",0," "," ","0",0," "," ","0",0," "," ","0",0," "," ","0",64," "," ","0",51," "," ","0",13," "," ","0",0," "," ","0",0," "," ","0",0," "," ","0",0," "," ","0",0," "," ","0",0," "," ","0",3," "," ","0"
"380","USC00359461",1960,8,"SNOW",0," "," ","0",0," "," ","0",0," "," ","0",0," "," ","0",0," "," ","0",0," "," ","0",0," "," ","0",0," "," ","0",0," "," ","0",0," "," ","0",0," "," ","0",0," "," ","0",0," "," ","0",0," "," ","0",0," "," ","0",0," "," ","0",0," "," ","0",0," "," ","0",0," "," ","0",0," "," ","0",0," "," ","0",0," "," ","0",0," "," ","0",0," "," ","0",0," "," ","0",0," "," ","0",0," "," ","0",0," "," ","0",0," "," ","0",0," "," ","0",0," "," ","0"
"381","USC00359461",1960,8,"SNWD",0," "," ","0",0," "," ","0",0," "," ","0",0," "," ","0",0," "," ","0",0," "," ","0",0," "," ","0",0," "," ","0",0," "," ","0",0," "," ","0",0," "," ","0",0," "," ","0",0," "," ","0",0," "," ","0",0," "," ","0",0," "," ","0",0," "," ","0",0," "," ","0",0," "," ","0",0," "," ","0",0," "," ","0",0," "," ","0",0," "," ","0",0," "," ","0",0," "," ","0",0," "," ","0",0," "," ","0",0," "," ","0",0," "," ","0",0," "," ","0",0," "," ","0"
"382","USC00359461",1960,9,"PRCP",30," "," ","0",13," "," ","0",0," "," ","0",137," "," ","0",5," "," ","0",0," "," ","0",0," "," ","0",0," "," ","0",0," "," ","0",0,"T"," ","0",0," "," ","0",0," "," ","0",0," "," ","0",0," "," ","0",0," "," ","0",0," "," ","0",0," "," ","0",0," "," ","0",0," "," ","0",0," "," ","0",0," "," ","0",0," "," ","0",0," "," ","0",0," "," ","0",0," "," ","0",0,"T"," ","0",0," "," ","0",0," "," ","0",0," "," ","0",0," "," ","0",NA," "," "," "
"383","USC00359461",1960,9,"SNOW",0," "," ","0",0," "," ","0",0," "," ","0",0," "," ","0",0," "," ","0",0," "," ","0",0," "," ","0",0," "," ","0",0," "," ","0",0," "," ","0",0," "," ","0",0," "," ","0",0," "," ","0",0," "," ","0",0," "," ","0",0," "," ","0",0," "," ","0",0," "," ","0",0," "," ","0",0," "," ","0",0," "," ","0",0," "," ","0",0," "," ","0",0," "," ","0",0," "," ","0",0," "," ","0",0," "," ","0",0," "," ","0",0," "," ","0",0," "," ","0",NA," "," "," "
"384","USC00359461",1960,9,"SNWD",0," "," ","0",0," "," ","0",0," "," ","0",0," "," ","0",0," "," ","0",0," "," ","0",0," "," ","0",0," "," ","0",0," "," ","0",0," "," ","0",0," "," ","0",0," "," ","0",0," "," ","0",0," "," ","0",0," "," ","0",0," "," ","0",0," "," ","0",0," "," ","0",0," "," ","0",0," "," ","0",0," "," ","0",0," "," ","0",0," "," ","0",0," "," ","0",0," "," ","0",0," "," ","0",0," "," ","0",0," "," ","0",0," "," ","0",0," "," ","0",NA," "," "," "
"385","USC00359461",1960,10,"PRCP",0," "," ","0",0," "," ","0",0," "," ","0",0," "," ","0",0," "," ","0",117," "," ","0",124," "," ","0",58," "," ","0",38," "," ","0",0," "," ","0",0," "," ","0",23," "," ","0",0,"T"," ","0",0," "," ","0",0," "," ","0",0," "," ","0",0," "," ","0",0," "," ","0",0," "," ","0",0,"T"," ","0",0," "," ","0",0,"T"," ","0",0,"T"," ","0",0," "," ","0",0," "," ","0",13," "," ","0",0,"T"," ","0",15," "," ","0",5," "," ","0",0," "," ","0",0,"T"," ","0"
"386","USC00359461",1960,10,"SNOW",0," "," ","0",0," "," ","0",0," "," ","0",0," "," ","0",0," "," ","0",0," "," ","0",0," "," ","0",0," "," ","0",0," "," ","0",0," "," ","0",0," "," ","0",0," "," ","0",0," "," ","0",0," "," ","0",0," "," ","0",0," "," ","0",0," "," ","0",0," "," ","0",0," "," ","0",0," "," ","0",0," "," ","0",0," "," ","0",0," "," ","0",0," "," ","0",0," "," ","0",0," "," ","0",0," "," ","0",0," "," ","0",0," "," ","0",0," "," ","0",0," "," ","0"
"387","USC00359461",1960,10,"SNWD",0," "," ","0",0," "," ","0",0," "," ","0",0," "," ","0",0," "," ","0",0," "," ","0",0," "," ","0",0," "," ","0",0," "," ","0",0," "," ","0",0," "," ","0",0," "," ","0",0," "," ","0",0," "," ","0",0," "," ","0",0," "," ","0",0," "," ","0",0," "," ","0",0," "," ","0",0," "," ","0",0," "," ","0",0," "," ","0",0," "," ","0",0," "," ","0",0," "," ","0",0," "," ","0",0," "," ","0",0," "," ","0",0," "," ","0",0," "," ","0",0," "," ","0"
"388","USC00359461",1960,11,"PRCP",10," "," ","0",0," "," ","0",25," "," ","0",0,"T"," ","0",0," "," ","0",0," "," ","0",0," "," ","0",0,"T"," ","0",0," "," ","0",0,"T"," ","0",216," "," ","0",3," "," ","0",30," "," ","0",145," "," ","0",41," "," ","0",48," "," ","0",5," "," ","0",262," "," ","0",58," "," ","0",0," "," ","0",36," "," ","0",8," "," ","0",36," "," ","0",612," "," ","0",546," "," ","0",15," "," ","0",0," "," ","0",0," "," ","0",0," "," ","0",0,"T"," ","0",NA," "," "," "
"389","USC00359461",1960,11,"SNOW",0," "," ","0",0," "," ","0",0," "," ","0",0," "," ","0",0," "," ","0",0," "," ","0",0," "," ","0",0," "," ","0",0," "," ","0",0," "," ","0",0," "," ","0",0," "," ","0",0," "," ","0",0," "," ","0",0," "," ","0",0," "," ","0",0," "," ","0",0," "," ","0",0," "," ","0",0," "," ","0",0," "," ","0",0," "," ","0",0," "," ","0",0," "," ","0",0," "," ","0",0," "," ","0",0," "," ","0",0," "," ","0",0," "," ","0",0," "," ","0",NA," "," "," "
"390","USC00359461",1960,11,"SNWD",0," "," ","0",0," "," ","0",0," "," ","0",0," "," ","0",0," "," ","0",0," "," ","0",0," "," ","0",0," "," ","0",0," "," ","0",0," "," ","0",0," "," ","0",0," "," ","0",0," "," ","0",0," "," ","0",0," "," ","0",0," "," ","0",0," "," ","0",0," "," ","0",0," "," ","0",0," "," ","0",0," "," ","0",0," "," ","0",0," "," ","0",0," "," ","0",0," "," ","0",0," "," ","0",0," "," ","0",0," "," ","0",0," "," ","0",0," "," ","0",NA," "," "," "
"391","USC00359461",1960,12,"PRCP",28," "," ","0",109," "," ","0",3," "," ","0",25," "," ","0",13," "," ","0",0,"T"," ","0",0," "," ","0",0," "," ","0",0," "," ","0",0," "," ","0",8," "," ","0",5," "," ","0",0," "," ","0",0," "," ","0",0," "," ","0",66," "," ","0",33," "," ","0",127," "," ","0",127," "," ","0",0,"T"," ","0",0," "," ","0",0," "," ","0",0,"T"," ","0",0,"T"," ","0",0," "," ","0",15," "," ","0",10," "," ","0",0," "," ","0",0," "," ","0",0," "," ","0",13," "," ","0"
"392","USC00359461",1960,12,"SNOW",0," "," ","0",0," "," ","0",0," "," ","0",0," "," ","0",0," "," ","0",0," "," ","0",0," "," ","0",0," "," ","0",0," "," ","0",0," "," ","0",0," "," ","0",0," "," ","0",0," "," ","0",0," "," ","0",0," "," ","0",0," "," ","0",0," "," ","0",0," "," ","0",0," "," ","0",0," "," ","0",0," "," ","0",0," "," ","0",0," "," ","0",0," "," ","0",0," "," ","0",0," "," ","0",0," "," ","0",0," "," ","0",0," "," ","0",0," "," ","0",0,"T"," ","0"
"393","USC00359461",1960,12,"SNWD",0," "," ","0",0," "," ","0",0," "," ","0",0," "," ","0",0," "," ","0",0," "," ","0",0," "," ","0",0," "," ","0",0," "," ","0",0," "," ","0",0," "," ","0",0," "," ","0",0," "," ","0",0," "," ","0",0," "," ","0",0," "," ","0",0," "," ","0",0," "," ","0",0," "," ","0",0," "," ","0",0," "," ","0",0," "," ","0",0," "," ","0",0," "," ","0",0," "," ","0",0," "," ","0",0," "," ","0",0," "," ","0",0," "," ","0",0," "," ","0",0,"T"," ","0"
"394","USC00359461",1961,1,"PRCP",8," "," ","0",0,"T"," ","0",0," "," ","0",0," "," ","0",0,"T"," ","0",10," "," ","0",3," "," ","0",25," "," ","0",8," "," ","0",0,"T"," ","0",0," "," ","0",23," "," ","0",41," "," ","0",38," "," ","0",8," "," ","0",0," "," ","0",0," "," ","0",0," "," ","0",0," "," ","0",0," "," ","0",0," "," ","0",0," "," ","0",20," "," ","0",0,"T"," ","0",0," "," ","0",0," "," ","0",0," "," ","0",0," "," ","0",41," "," ","0",30," "," ","0",295," "," ","0"
"395","USC00359461",1961,1,"SNOW",0," "," ","0",0," "," ","0",0," "," ","0",0," "," ","0",0," "," ","0",0," "," ","0",0," "," ","0",0," "," ","0",0," "," ","0",0," "," ","0",0," "," ","0",0," "," ","0",0," "," ","0",0," "," ","0",0," "," ","0",0," "," ","0",0," "," ","0",0," "," ","0",0," "," ","0",0," "," ","0",0," "," ","0",0," "," ","0",0," "," ","0",0," "," ","0",0," "," ","0",0," "," ","0",0," "," ","0",0," "," ","0",0," "," ","0",0," "," ","0",0," "," ","0"
"396","USC00359461",1961,1,"SNWD",0," "," ","0",0," "," ","0",0," "," ","0",0," "," ","0",0," "," ","0",0," "," ","0",0," "," ","0",0," "," ","0",0," "," ","0",0," "," ","0",0," "," ","0",0," "," ","0",0," "," ","0",0," "," ","0",0," "," ","0",0," "," ","0",0," "," ","0",0," "," ","0",0," "," ","0",0," "," ","0",0," "," ","0",0," "," ","0",0," "," ","0",0," "," ","0",0," "," ","0",0," "," ","0",0," "," ","0",0," "," ","0",0," "," ","0",0," "," ","0",0," "," ","0"
"397","USC00359461",1961,2,"PRCP",0," "," ","0",132," "," ","0",5," "," ","0",3," "," ","0",8," "," ","0",48," "," ","0",0,"T"," ","0",10," "," ","0",41," "," ","0",759," "," ","0",653," "," ","0",102," "," ","0",53," "," ","0",36," "," ","0",84," "," ","0",20," "," ","0",30," "," ","0",48," "," ","0",0,"T"," ","0",0," "," ","0",15," "," ","0",69," "," ","0",10," "," ","0",0," "," ","0",109," "," ","0",33," "," ","0",71," "," ","0",33," "," ","0",NA," "," "," ",NA," "," "," ",NA," "," "," "
"398","USC00359461",1961,2,"SNOW",0," "," ","0",0," "," ","0",0," "," ","0",0," "," ","0",0," "," ","0",0," "," ","0",0," "," ","0",0," "," ","0",0," "," ","0",0," "," ","0",0," "," ","0",0," "," ","0",0," "," ","0",0," "," ","0",0," "," ","0",0," "," ","0",0," "," ","0",0," "," ","0",0," "," ","0",0," "," ","0",0," "," ","0",0," "," ","0",0," "," ","0",0," "," ","0",0," "," ","0",0," "," ","0",0," "," ","0",0," "," ","0",NA," "," "," ",NA," "," "," ",NA," "," "," "
"399","USC00359461",1961,2,"SNWD",0," "," ","0",0," "," ","0",0," "," ","0",0," "," ","0",0," "," ","0",0," "," ","0",0," "," ","0",0," "," ","0",0," "," ","0",0," "," ","0",0," "," ","0",0," "," ","0",0," "," ","0",0," "," ","0",0," "," ","0",0," "," ","0",0," "," ","0",0," "," ","0",0," "," ","0",0," "," ","0",0," "," ","0",0," "," ","0",0," "," ","0",0," "," ","0",0," "," ","0",0," "," ","0",0," "," ","0",0," "," ","0",NA," "," "," ",NA," "," "," ",NA," "," "," "
"400","USC00359461",1961,3,"PRCP",43," "," ","0",107," "," ","0",28," "," ","0",33," "," ","0",41," "," ","0",295," "," ","0",89," "," ","0",3," "," ","0",13," "," ","0",94," "," ","0",124," "," ","0",NA," "," "," ",48," "," ","0",33," "," ","0",41," "," ","0",13," "," ","0",38," "," ","0",140," "," ","0",36," "," ","0",86," "," ","0",3," "," ","0",58," "," ","0",46," "," ","0",48," "," ","0",43," "," ","0",48," "," ","0",147," "," ","0",5," "," ","0",0," "," ","0",0," "," ","0",0," "," ","0"
"401","USC00359461",1961,3,"SNOW",0," "," ","0",0," "," ","0",0," "," ","0",0," "," ","0",0," "," ","0",0," "," ","0",0," "," ","0",0," "," ","0",0," "," ","0",0," "," ","0",0," "," ","0",0," "," ","0",0," "," ","0",0," "," ","0",0," "," ","0",0," "," ","0",0," "," ","0",0," "," ","0",0," "," ","0",0," "," ","0",0," "," ","0",0," "," ","0",0," "," ","0",0," "," ","0",0," "," ","0",0," "," ","0",0," "," ","0",0," "," ","0",0," "," ","0",0," "," ","0",0," "," ","0"
"402","USC00359461",1961,3,"SNWD",0," "," ","0",0," "," ","0",0," "," ","0",0," "," ","0",0," "," ","0",0," "," ","0",0," "," ","0",0," "," ","0",0," "," ","0",0," "," ","0",0," "," ","0",0," "," ","0",0," "," ","0",0," "," ","0",0," "," ","0",0," "," ","0",0," "," ","0",0," "," ","0",0," "," ","0",0," "," ","0",0," "," ","0",0," "," ","0",0," "," ","0",0," "," ","0",0," "," ","0",0," "," ","0",0," "," ","0",0," "," ","0",0," "," ","0",0," "," ","0",0," "," ","0"
"403","USC00359461",1961,4,"PRCP",0," "," ","0",0," "," ","0",0," "," ","0",0," "," ","0",0," "," ","0",0," "," ","0",0," "," ","0",0," "," ","0",0," "," ","0",0," "," ","0",0," "," ","0",28," "," ","0",5," "," ","0",0,"T"," ","0",0," "," ","0",0," "," ","0",3," "," ","0",20," "," ","0",53," "," ","0",8," "," ","0",13," "," ","0",53," "," ","0",0,"T"," ","0",5," "," ","0",0," "," ","0",0," "," ","0",0," "," ","0",0," "," ","0",28," "," ","0",15," "," ","0",NA," "," "," "
"404","USC00359461",1961,4,"SNOW",0," "," ","0",0," "," ","0",0," "," ","0",0," "," ","0",0," "," ","0",0," "," ","0",0," "," ","0",0," "," ","0",0," "," ","0",0," "," ","0",0," "," ","0",0," "," ","0",0," "," ","0",0," "," ","0",0," "," ","0",0," "," ","0",0," "," ","0",0," "," ","0",0,"T"," ","0",0," "," ","0",0," "," ","0",0," "," ","0",0," "," ","0",0," "," ","0",0," "," ","0",0," "," ","0",0," "," ","0",0," "," ","0",0," "," ","0",0," "," ","0",NA," "," "," "
"405","USC00359461",1961,4,"SNWD",0," "," ","0",0," "," ","0",0," "," ","0",0," "," ","0",0," "," ","0",0," "," ","0",0," "," ","0",0," "," ","0",0," "," ","0",0," "," ","0",0," "," ","0",0," "," ","0",0," "," ","0",0," "," ","0",0," "," ","0",0," "," ","0",0," "," ","0",0," "," ","0",0," "," ","0",0," "," ","0",0," "," ","0",0," "," ","0",0," "," ","0",0," "," ","0",0," "," ","0",0," "," ","0",0," "," ","0",0," "," ","0",0," "," ","0",0," "," ","0",NA," "," "," "
"406","USC00359461",1961,5,"PRCP",61," "," ","0",8," "," ","0",0,"T"," ","0",33," "," ","0",46," "," ","0",66," "," ","0",41," "," ","0",0,"T"," ","0",38," "," ","0",114," "," ","0",64," "," ","0",0,"T"," ","0",0," "," ","0",13," "," ","0",0,"T"," ","0",0," "," ","0",0," "," ","0",0," "," ","0",0," "," ","0",0," "," ","0",0,"T"," ","0",0," "," ","0",5," "," ","0",0," "," ","0",0," "," ","0",61," "," ","0",0,"T"," ","0",0," "," ","0",0," "," ","0",25," "," ","0",3," "," ","0"
"407","USC00359461",1961,5,"SNOW",0," "," ","0",0," "," ","0",0," "," ","0",0," "," ","0",0," "," ","0",0," "," ","0",0," "," ","0",0," "," ","0",0," "," ","0",0," "," ","0",0," "," ","0",0," "," ","0",0," "," ","0",0," "," ","0",0," "," ","0",0," "," ","0",0," "," ","0",0," "," ","0",0," "," ","0",0," "," ","0",0," "," ","0",0," "," ","0",0," "," ","0",0," "," ","0",0," "," ","0",0," "," ","0",0," "," ","0",0," "," ","0",0," "," ","0",0," "," ","0",0," "," ","0"
"408","USC00359461",1961,5,"SNWD",0," "," ","0",0," "," ","0",0," "," ","0",0," "," ","0",0," "," ","0",0," "," ","0",0," "," ","0",0," "," ","0",0," "," ","0",0," "," ","0",0," "," ","0",0," "," ","0",0," "," ","0",0," "," ","0",0," "," ","0",0," "," ","0",0," "," ","0",0," "," ","0",0," "," ","0",0," "," ","0",0," "," ","0",0," "," ","0",0," "," ","0",0," "," ","0",0," "," ","0",0," "," ","0",0," "," ","0",0," "," ","0",0," "," ","0",0," "," ","0",0," "," ","0"
"409","USC00359461",1961,6,"PRCP",0," "," ","0",0," "," ","0",0," "," ","0",0," "," ","0",0," "," ","0",51," "," ","0",15," "," ","0",0," "," ","0",13," "," ","0",0," "," ","0",36," "," ","0",13," "," ","0",0," "," ","0",0," "," ","0",0," "," ","0",0," "," ","0",0," "," ","0",0," "," ","0",0,"T"," ","0",0," "," ","0",0," "," ","0",0," "," ","0",0," "," ","0",0," "," ","0",0," "," ","0",0," "," ","0",0," "," ","0",0," "," ","0",0," "," ","0",0," "," ","0",NA," "," "," "
"410","USC00359461",1961,6,"SNOW",0," "," ","0",0," "," ","0",0," "," ","0",0," "," ","0",0," "," ","0",0," "," ","0",0," "," ","0",0," "," ","0",0," "," ","0",0," "," ","0",0," "," ","0",0," "," ","0",0," "," ","0",0," "," ","0",0," "," ","0",0," "," ","0",0," "," ","0",0," "," ","0",0," "," ","0",0," "," ","0",0," "," ","0",0," "," ","0",0," "," ","0",0," "," ","0",0," "," ","0",0," "," ","0",0," "," ","0",0," "," ","0",0," "," ","0",0," "," ","0",NA," "," "," "
"411","USC00359461",1961,6,"SNWD",0," "," ","0",0," "," ","0",0," "," ","0",0," "," ","0",0," "," ","0",0," "," ","0",0," "," ","0",0," "," ","0",0," "," ","0",0," "," ","0",0," "," ","0",0," "," ","0",0," "," ","0",0," "," ","0",0," "," ","0",0," "," ","0",0," "," ","0",0," "," ","0",0," "," ","0",0," "," ","0",0," "," ","0",0," "," ","0",0," "," ","0",0," "," ","0",0," "," ","0",0," "," ","0",0," "," ","0",0," "," ","0",0," "," ","0",0," "," ","0",NA," "," "," "
"412","USC00359461",1961,7,"PRCP",0," "," ","0",0," "," ","0",0," "," ","0",0,"T"," ","0",36," "," ","0",20," "," ","0",0," "," ","0",0," "," ","0",0," "," ","0",0," "," ","0",0," "," ","0",0," "," ","0",0," "," ","0",0," "," ","0",0," "," ","0",0," "," ","0",0," "," ","0",0," "," ","0",0," "," ","0",0," "," ","0",0," "," ","0",0," "," ","0",0," "," ","0",0," "," ","0",0," "," ","0",0," "," ","0",0," "," ","0",0," "," ","0",0," "," ","0",0," "," ","0",0," "," ","0"
"413","USC00359461",1961,7,"SNOW",0," "," ","0",0," "," ","0",0," "," ","0",0," "," ","0",0," "," ","0",0," "," ","0",0," "," ","0",0," "," ","0",0," "," ","0",0," "," ","0",0," "," ","0",0," "," ","0",0," "," ","0",0," "," ","0",0," "," ","0",0," "," ","0",0," "," ","0",0," "," ","0",0," "," ","0",0," "," ","0",0," "," ","0",0," "," ","0",0," "," ","0",0," "," ","0",0," "," ","0",0," "," ","0",0," "," ","0",0," "," ","0",0," "," ","0",0," "," ","0",0," "," ","0"
"414","USC00359461",1961,7,"SNWD",0," "," ","0",0," "," ","0",0," "," ","0",0," "," ","0",0," "," ","0",0," "," ","0",0," "," ","0",0," "," ","0",0," "," ","0",0," "," ","0",0," "," ","0",0," "," ","0",0," "," ","0",0," "," ","0",0," "," ","0",0," "," ","0",0," "," ","0",0," "," ","0",0," "," ","0",0," "," ","0",0," "," ","0",0," "," ","0",0," "," ","0",0," "," ","0",0," "," ","0",0," "," ","0",0," "," ","0",0," "," ","0",0," "," ","0",0," "," ","0",0," "," ","0"
"415","USC00359461",1961,8,"PRCP",0," "," ","0",0," "," ","0",0," "," ","0",0," "," ","0",0,"T"," ","0",0," "," ","0",0," "," ","0",0," "," ","0",0," "," ","0",0," "," ","0",0," "," ","0",3," "," ","0",0," "," ","0",0," "," ","0",0,"T"," ","0",0," "," ","0",0," "," ","0",0," "," ","0",0," "," ","0",0," "," ","0",0," "," ","0",0," "," ","0",0," "," ","0",0," "," ","0",0," "," ","0",0,"T"," ","0",5," "," ","0",0," "," ","0",0," "," ","0",0," "," ","0",0," "," ","0"
"416","USC00359461",1961,8,"SNOW",0," "," ","0",0," "," ","0",0," "," ","0",0," "," ","0",0," "," ","0",0," "," ","0",0," "," ","0",0," "," ","0",0," "," ","0",0," "," ","0",0," "," ","0",0," "," ","0",0," "," ","0",0," "," ","0",0," "," ","0",0," "," ","0",0," "," ","0",0," "," ","0",0," "," ","0",0," "," ","0",0," "," ","0",0," "," ","0",0," "," ","0",0," "," ","0",0," "," ","0",0," "," ","0",0," "," ","0",0," "," ","0",0," "," ","0",0," "," ","0",0," "," ","0"
"417","USC00359461",1961,8,"SNWD",0," "," ","0",0," "," ","0",0," "," ","0",0," "," ","0",0," "," ","0",0," "," ","0",0," "," ","0",0," "," ","0",0," "," ","0",0," "," ","0",0," "," ","0",0," "," ","0",0," "," ","0",0," "," ","0",0," "," ","0",0," "," ","0",0," "," ","0",0," "," ","0",0," "," ","0",0," "," ","0",0," "," ","0",0," "," ","0",0," "," ","0",0," "," ","0",0," "," ","0",0," "," ","0",0," "," ","0",0," "," ","0",0," "," ","0",0," "," ","0",0," "," ","0"
"418","USC00359461",1961,9,"PRCP",8," "," ","0",28," "," ","0",0," "," ","0",0," "," ","0",0," "," ","0",0," "," ","0",0," "," ","0",0," "," ","0",0," "," ","0",0," "," ","0",0," "," ","0",0," "," ","0",0," "," ","0",0," "," ","0",41," "," ","0",84," "," ","0",3," "," ","0",0," "," ","0",0," "," ","0",15," "," ","0",0,"T"," ","0",0," "," ","0",0," "," ","0",0," "," ","0",0," "," ","0",0," "," ","0",0," "," ","0",0,"T"," ","0",0," "," ","0",0," "," ","0",NA," "," "," "
"419","USC00359461",1961,9,"SNOW",0," "," ","0",0," "," ","0",0," "," ","0",0," "," ","0",0," "," ","0",0," "," ","0",0," "," ","0",0," "," ","0",0," "," ","0",0," "," ","0",0," "," ","0",0," "," ","0",0," "," ","0",0," "," ","0",0," "," ","0",0," "," ","0",0," "," ","0",0," "," ","0",0," "," ","0",0," "," ","0",0," "," ","0",0," "," ","0",0," "," ","0",0," "," ","0",0," "," ","0",0," "," ","0",0," "," ","0",0," "," ","0",0," "," ","0",0," "," ","0",NA," "," "," "
"420","USC00359461",1961,9,"SNWD",0," "," ","0",0," "," ","0",0," "," ","0",0," "," ","0",0," "," ","0",0," "," ","0",0," "," ","0",0," "," ","0",0," "," ","0",0," "," ","0",0," "," ","0",0," "," ","0",0," "," ","0",0," "," ","0",0," "," ","0",0," "," ","0",0," "," ","0",0," "," ","0",0," "," ","0",0," "," ","0",0," "," ","0",0," "," ","0",0," "," ","0",0," "," ","0",0," "," ","0",0," "," ","0",0," "," ","0",0," "," ","0",0," "," ","0",0," "," ","0",NA," "," "," "
"421","USC00359461",1961,10,"PRCP",0," "," ","0",0," "," ","0",0," "," ","0",0," "," ","0",0," "," ","0",3," "," ","0",20," "," ","0",23," "," ","0",0," "," ","0",104," "," ","0",157," "," ","0",33," "," ","0",3," "," ","0",3," "," ","0",0,"T"," ","0",0,"T"," ","0",0," "," ","0",0," "," ","0",0," "," ","0",0,"T"," ","0",124," "," ","0",5," "," ","0",23," "," ","0",5," "," ","0",0," "," ","0",51," "," ","0",239," "," ","0",257," "," ","0",0," "," ","0",0," "," ","0",0," "," ","0"
"422","USC00359461",1961,10,"SNOW",0," "," ","0",0," "," ","0",0," "," ","0",0," "," ","0",0," "," ","0",0," "," ","0",0," "," ","0",0," "," ","0",0," "," ","0",0," "," ","0",0," "," ","0",0," "," ","0",0," "," ","0",0," "," ","0",0," "," ","0",0," "," ","0",0," "," ","0",0," "," ","0",0," "," ","0",0," "," ","0",0," "," ","0",0," "," ","0",0," "," ","0",0," "," ","0",0," "," ","0",0," "," ","0",0," "," ","0",0," "," ","0",0," "," ","0",0," "," ","0",0," "," ","0"
"423","USC00359461",1961,10,"SNWD",0," "," ","0",0," "," ","0",0," "," ","0",0," "," ","0",0," "," ","0",0," "," ","0",0," "," ","0",0," "," ","0",0," "," ","0",0," "," ","0",0," "," ","0",0," "," ","0",0," "," ","0",0," "," ","0",0," "," ","0",0," "," ","0",0," "," ","0",0," "," ","0",0," "," ","0",0," "," ","0",0," "," ","0",0," "," ","0",0," "," ","0",0," "," ","0",0," "," ","0",0," "," ","0",0," "," ","0",0," "," ","0",0," "," ","0",0," "," ","0",0," "," ","0"
"424","USC00359461",1961,11,"PRCP",20," "," ","0",28," "," ","0",58," "," ","0",3," "," ","0",0," "," ","0",0," "," ","0",0," "," ","0",0," "," ","0",0," "," ","0",15," "," ","0",20," "," ","0",3," "," ","0",0," "," ","0",0," "," ","0",0," "," ","0",0," "," ","0",0," "," ","0",48," "," ","0",0," "," ","0",0,"T"," ","0",20," "," ","0",338," "," ","0",1245," "," ","0",584," "," ","0",43," "," ","0",5," "," ","0",5," "," ","0",5," "," ","0",5," "," ","0",155," "," ","0",NA," "," "," "
"425","USC00359461",1961,11,"SNOW",0," "," ","0",0," "," ","0",0," "," ","0",0," "," ","0",0," "," ","0",0," "," ","0",0," "," ","0",0," "," ","0",0," "," ","0",0," "," ","0",0," "," ","0",0," "," ","0",0," "," ","0",0," "," ","0",0," "," ","0",0," "," ","0",0," "," ","0",0," "," ","0",0," "," ","0",0," "," ","0",0," "," ","0",0," "," ","0",0," "," ","0",203," "," ","0",43," "," ","0",5," "," ","0",0," "," ","0",0," "," ","0",0," "," ","0",0," "," ","0",NA," "," "," "
"426","USC00359461",1961,11,"SNWD",0," "," ","0",0," "," ","0",0," "," ","0",0," "," ","0",0," "," ","0",0," "," ","0",0," "," ","0",0," "," ","0",0," "," ","0",0," "," ","0",0," "," ","0",0," "," ","0",0," "," ","0",0," "," ","0",0," "," ","0",0," "," ","0",0," "," ","0",0," "," ","0",0," "," ","0",0," "," ","0",0," "," ","0",0," "," ","0",0," "," ","0",203," "," ","0",152," "," ","0",51," "," ","0",0,"T"," ","0",0," "," ","0",0," "," ","0",0," "," ","0",NA," "," "," "
"427","USC00359461",1961,12,"PRCP",168," "," ","0",36," "," ","0",10," "," ","0",0,"T"," ","0",28," "," ","0",0," "," ","0",10," "," ","0",38," "," ","0",0," "," ","0",0," "," ","0",0," "," ","0",0," "," ","0",0," "," ","0",173," "," ","0",30," "," ","0",58," "," ","0",140," "," ","0",89," "," ","0",104," "," ","0",71," "," ","0",178," "," ","0",0,"T"," ","0",0," "," ","0",3," "," ","0",46," "," ","0",0,"T"," ","0",43," "," ","0",8," "," ","0",0," "," ","0",0,"T"," ","0",0," "," ","0"
"428","USC00359461",1961,12,"SNOW",0," "," ","0",0," "," ","0",0," "," ","0",0," "," ","0",0," "," ","0",0," "," ","0",0," "," ","0",0," "," ","0",0," "," ","0",0," "," ","0",0," "," ","0",0," "," ","0",0," "," ","0",0," "," ","0",0," "," ","0",0," "," ","0",0," "," ","0",0," "," ","0",0," "," ","0",0," "," ","0",0," "," ","0",0," "," ","0",0," "," ","0",0," "," ","0",0," "," ","0",0," "," ","0",0," "," ","0",0," "," ","0",0," "," ","0",0," "," ","0",0," "," ","0"
"429","USC00359461",1961,12,"SNWD",0," "," ","0",0," "," ","0",0," "," ","0",0," "," ","0",0," "," ","0",0," "," ","0",0," "," ","0",0," "," ","0",0," "," ","0",0," "," ","0",0," "," ","0",0," "," ","0",0," "," ","0",0," "," ","0",0," "," ","0",0," "," ","0",0," "," ","0",0," "," ","0",0," "," ","0",0," "," ","0",0," "," ","0",0," "," ","0",0," "," ","0",0," "," ","0",0," "," ","0",0," "," ","0",0," "," ","0",0," "," ","0",0," "," ","0",0," "," ","0",0," "," ","0"
"430","USC00359461",1961,12,"WT06",NA," "," "," ",NA," "," "," ",NA," "," "," ",NA," "," "," ",1," "," ","0",NA," "," "," ",NA," "," "," ",NA," "," "," ",NA," "," "," ",NA," "," "," ",NA," "," "," ",NA," "," "," ",NA," "," "," ",NA," "," "," ",NA," "," "," ",NA," "," "," ",NA," "," "," ",NA," "," "," ",NA," "," "," ",NA," "," "," ",NA," "," "," ",NA," "," "," ",NA," "," "," ",NA," "," "," ",NA," "," "," ",NA," "," "," ",NA," "," "," ",NA," "," "," ",NA," "," "," ",NA," "," "," ",NA," "," "," "
"431","USC00359461",1962,1,"PRCP",0," "," ","0",0," "," ","0",36," "," ","0",23," "," ","0",0,"T"," ","0",8," "," ","0",5," "," ","0",0,"T"," ","0",0," "," ","0",0," "," ","0",0," "," ","0",48," "," ","0",13," "," ","0",5," "," ","0",23," "," ","0",0," "," ","0",0," "," ","0",23," "," ","0",69," "," ","0",155," "," ","0",0," "," ","0",0," "," ","0",0," "," ","0",0," "," ","0",0,"T"," ","0",3," "," ","0",0," "," ","0",0," "," ","0",0," "," ","0",0," "," ","0",0," "," ","0"
"432","USC00359461",1962,1,"SNOW",0," "," ","0",0," "," ","0",0," "," ","0",0," "," ","0",0," "," ","0",0," "," ","0",0," "," ","0",0," "," ","0",0," "," ","0",0," "," ","0",0," "," ","0",0," "," ","0",0," "," ","0",0," "," ","0",0," "," ","0",0," "," ","0",0," "," ","0",0," "," ","0",38," "," ","0",165," "," ","0",0," "," ","0",0," "," ","0",0," "," ","0",0," "," ","0",0," "," ","0",0," "," ","0",0," "," ","0",0," "," ","0",0," "," ","0",0," "," ","0",0," "," ","0"
"433","USC00359461",1962,1,"SNWD",0," "," ","0",0," "," ","0",0," "," ","0",0," "," ","0",0," "," ","0",0," "," ","0",0," "," ","0",0," "," ","0",0," "," ","0",0," "," ","0",0," "," ","0",0," "," ","0",0," "," ","0",0," "," ","0",0," "," ","0",0," "," ","0",0," "," ","0",0," "," ","0",51," "," ","0",178," "," ","0",152," "," ","0",127," "," ","0",127," "," ","0",102," "," ","0",76," "," ","0",51," "," ","0",0,"T"," ","0",0,"T"," ","0",0," "," ","0",0," "," ","0",0," "," ","0"
"434","USC00359461",1962,2,"PRCP",0," "," ","0",0," "," ","0",0," "," ","0",0,"T"," ","0",0,"T"," ","0",13," "," ","0",33," "," ","0",109," "," ","0",99," "," ","0",124," "," ","0",8," "," ","0",43," "," ","0",66," "," ","0",79," "," ","0",3," "," ","0",3," "," ","0",53," "," ","0",0,"T"," ","0",91," "," ","0",15," "," ","0",0," "," ","0",0," "," ","0",51," "," ","0",33," "," ","0",0,"T"," ","0",0,"T"," ","0",0," "," ","0",8," "," ","0",NA," "," "," ",NA," "," "," ",NA," "," "," "
"435","USC00359461",1962,2,"SNOW",0," "," ","0",0," "," ","0",0," "," ","0",0," "," ","0",0," "," ","0",0," "," ","0",0," "," ","0",0," "," ","0",0," "," ","0",0," "," ","0",0," "," ","0",0," "," ","0",0," "," ","0",0," "," ","0",0," "," ","0",0," "," ","0",0," "," ","0",0," "," ","0",0," "," ","0",0," "," ","0",0," "," ","0",0," "," ","0",0," "," ","0",0," "," ","0",0,"T"," ","0",0,"T"," ","0",0," "," ","0",0,"T"," ","0",NA," "," "," ",NA," "," "," ",NA," "," "," "
"436","USC00359461",1962,2,"SNWD",0," "," ","0",0," "," ","0",0," "," ","0",0," "," ","0",0," "," ","0",0," "," ","0",0," "," ","0",0," "," ","0",0," "," ","0",0," "," ","0",0," "," ","0",0," "," ","0",0," "," ","0",0," "," ","0",0," "," ","0",0," "," ","0",0," "," ","0",0," "," ","0",0," "," ","0",0," "," ","0",0," "," ","0",0," "," ","0",0," "," ","0",0," "," ","0",0," "," ","0",0," "," ","0",0," "," ","0",0,"T"," ","0",NA," "," "," ",NA," "," "," ",NA," "," "," "
"437","USC00359461",1962,3,"PRCP",254," "," ","0",145," "," ","0",25," "," ","0",5," "," ","0",0,"T"," ","0",20," "," ","0",10," "," ","0",0," "," ","0",48," "," ","0",41," "," ","0",114," "," ","0",0,"T"," ","0",0," "," ","0",0," "," ","0",0," "," ","0",8," "," ","0",0," "," ","0",0," "," ","0",0," "," ","0",107," "," ","0",8," "," ","0",61," "," ","0",97," "," ","0",30," "," ","0",185," "," ","0",119," "," ","0",114," "," ","0",5," "," ","0",0," "," ","0",0," "," ","0",0," "," ","0"
"438","USC00359461",1962,3,"SNOW",13," "," ","0",0," "," ","0",0," "," ","0",0," "," ","0",0," "," ","0",0," "," ","0",0," "," ","0",0," "," ","0",0," "," ","0",0," "," ","0",0," "," ","0",0," "," ","0",0," "," ","0",0," "," ","0",0," "," ","0",0," "," ","0",0," "," ","0",0," "," ","0",0," "," ","0",0," "," ","0",0," "," ","0",0," "," ","0",0," "," ","0",0," "," ","0",0," "," ","0",0," "," ","0",0," "," ","0",0," "," ","0",0," "," ","0",0," "," ","0",0," "," ","0"
"439","USC00359461",1962,3,"SNWD",0,"T"," ","0",25," "," ","0",0," "," ","0",0," "," ","0",0," "," ","0",0," "," ","0",0," "," ","0",0," "," ","0",0," "," ","0",0," "," ","0",0," "," ","0",0," "," ","0",0," "," ","0",0," "," ","0",0," "," ","0",0," "," ","0",0," "," ","0",0," "," ","0",0," "," ","0",0," "," ","0",0," "," ","0",0," "," ","0",0," "," ","0",0," "," ","0",0," "," ","0",0," "," ","0",0," "," ","0",0," "," ","0",0," "," ","0",0," "," ","0",0," "," ","0"
"440","USC00359461",1962,4,"PRCP",0," "," ","0",0," "," ","0",0," "," ","0",0,"T"," ","0",0," "," ","0",0," "," ","0",3," "," ","0",20," "," ","0",5," "," ","0",10," "," ","0",0," "," ","0",0," "," ","0",0," "," ","0",0," "," ","0",13," "," ","0",0," "," ","0",0," "," ","0",0," "," ","0",28," "," ","0",58," "," ","0",0,"T"," ","0",0," "," ","0",0," "," ","0",13," "," ","0",5," "," ","0",0," "," ","0",173," "," ","0",104," "," ","0",43," "," ","0",0," "," ","0",NA," "," "," "
"441","USC00359461",1962,4,"SNOW",0," "," ","0",0," "," ","0",0," "," ","0",0," "," ","0",0," "," ","0",0," "," ","0",0," "," ","0",0," "," ","0",0," "," ","0",0," "," ","0",0," "," ","0",0," "," ","0",0," "," ","0",0," "," ","0",0," "," ","0",0," "," ","0",0," "," ","0",0," "," ","0",0," "," ","0",0," "," ","0",0," "," ","0",0," "," ","0",0," "," ","0",0," "," ","0",0," "," ","0",0," "," ","0",0," "," ","0",0," "," ","0",0," "," ","0",0," "," ","0",NA," "," "," "
"442","USC00359461",1962,4,"SNWD",0," "," ","0",0," "," ","0",0," "," ","0",0," "," ","0",0," "," ","0",0," "," ","0",0," "," ","0",0," "," ","0",0," "," ","0",0," "," ","0",0," "," ","0",0," "," ","0",0," "," ","0",0," "," ","0",0," "," ","0",0," "," ","0",0," "," ","0",0," "," ","0",0," "," ","0",0," "," ","0",0," "," ","0",0," "," ","0",0," "," ","0",0," "," ","0",0," "," ","0",0," "," ","0",0," "," ","0",0," "," ","0",0," "," ","0",0," "," ","0",NA," "," "," "
"443","USC00359461",1962,5,"PRCP",0,"T"," ","0",0,"T"," ","0",43," "," ","0",43," "," ","0",0," "," ","0",0," "," ","0",3," "," ","0",15," "," ","0",43," "," ","0",41," "," ","0",5," "," ","0",0,"T"," ","0",18," "," ","0",3," "," ","0",0," "," ","0",10," "," ","0",0," "," ","0",0,"T"," ","0",5," "," ","0",38," "," ","0",0,"T"," ","0",0," "," ","0",36," "," ","0",8," "," ","0",3," "," ","0",3," "," ","0",0," "," ","0",10," "," ","0",0,"T"," ","0",0," "," ","0",0," "," ","0"
"444","USC00359461",1962,5,"SNOW",0," "," ","0",0," "," ","0",0," "," ","0",0," "," ","0",0," "," ","0",0," "," ","0",0," "," ","0",0," "," ","0",0," "," ","0",0," "," ","0",0," "," ","0",0," "," ","0",0," "," ","0",0," "," ","0",0," "," ","0",0," "," ","0",0," "," ","0",0," "," ","0",0," "," ","0",0," "," ","0",0," "," ","0",0," "," ","0",0," "," ","0",0," "," ","0",0," "," ","0",0," "," ","0",0," "," ","0",0," "," ","0",0," "," ","0",0," "," ","0",0," "," ","0"
"445","USC00359461",1962,5,"SNWD",0," "," ","0",0," "," ","0",0," "," ","0",0," "," ","0",0," "," ","0",0," "," ","0",0," "," ","0",0," "," ","0",0," "," ","0",0," "," ","0",0," "," ","0",0," "," ","0",0," "," ","0",0," "," ","0",0," "," ","0",0," "," ","0",0," "," ","0",0," "," ","0",0," "," ","0",0," "," ","0",0," "," ","0",0," "," ","0",0," "," ","0",0," "," ","0",0," "," ","0",0," "," ","0",0," "," ","0",0," "," ","0",0," "," ","0",0," "," ","0",0," "," ","0"
"446","USC00359461",1962,6,"PRCP",0," "," ","0",0," "," ","0",122," "," ","0",8," "," ","0",5," "," ","0",0," "," ","0",0," "," ","0",0," "," ","0",0," "," ","0",0," "," ","0",0," "," ","0",0," "," ","0",0," "," ","0",0," "," ","0",0," "," ","0",0," "," ","0",0," "," ","0",0," "," ","0",0," "," ","0",0," "," ","0",0," "," ","0",0," "," ","0",0," "," ","0",0," "," ","0",0," "," ","0",0,"T"," ","0",0," "," ","0",0," "," ","0",0," "," ","0",0," "," ","0",NA," "," "," "
"447","USC00359461",1962,6,"SNOW",0," "," ","0",0," "," ","0",0," "," ","0",0," "," ","0",0," "," ","0",0," "," ","0",0," "," ","0",0," "," ","0",0," "," ","0",0," "," ","0",0," "," ","0",0," "," ","0",0," "," ","0",0," "," ","0",0," "," ","0",0," "," ","0",0," "," ","0",0," "," ","0",0," "," ","0",0," "," ","0",0," "," ","0",0," "," ","0",0," "," ","0",0," "," ","0",0," "," ","0",0," "," ","0",0," "," ","0",0," "," ","0",0," "," ","0",0," "," ","0",NA," "," "," "
"448","USC00359461",1962,6,"SNWD",0," "," ","0",0," "," ","0",0," "," ","0",0," "," ","0",0," "," ","0",0," "," ","0",0," "," ","0",0," "," ","0",0," "," ","0",0," "," ","0",0," "," ","0",0," "," ","0",0," "," ","0",0," "," ","0",0," "," ","0",0," "," ","0",0," "," ","0",0," "," ","0",0," "," ","0",0," "," ","0",0," "," ","0",0," "," ","0",0," "," ","0",0," "," ","0",0," "," ","0",0," "," ","0",0," "," ","0",0," "," ","0",0," "," ","0",0," "," ","0",NA," "," "," "
"449","USC00359461",1962,7,"PRCP",0," "," ","0",0," "," ","0",0," "," ","0",0," "," ","0",0," "," ","0",0," "," ","0",0," "," ","0",0," "," ","0",0," "," ","0",0," "," ","0",0," "," ","0",0," "," ","0",0," "," ","0",0," "," ","0",0," "," ","0",0," "," ","0",0," "," ","0",0," "," ","0",0," "," ","0",0," "," ","0",0," "," ","0",0," "," ","0",0," "," ","0",0," "," ","0",0," "," ","0",0," "," ","0",0," "," ","0",0," "," ","0",0," "," ","0",0," "," ","0",0," "," ","0"
"450","USC00359461",1962,7,"SNOW",0," "," ","0",0," "," ","0",0," "," ","0",0," "," ","0",0," "," ","0",0," "," ","0",0," "," ","0",0," "," ","0",0," "," ","0",0," "," ","0",0," "," ","0",0," "," ","0",0," "," ","0",0," "," ","0",0," "," ","0",0," "," ","0",0," "," ","0",0," "," ","0",0," "," ","0",0," "," ","0",0," "," ","0",0," "," ","0",0," "," ","0",0," "," ","0",0," "," ","0",0," "," ","0",0," "," ","0",0," "," ","0",0," "," ","0",0," "," ","0",0," "," ","0"
"451","USC00359461",1962,7,"SNWD",0," "," ","0",0," "," ","0",0," "," ","0",0," "," ","0",0," "," ","0",0," "," ","0",0," "," ","0",0," "," ","0",0," "," ","0",0," "," ","0",0," "," ","0",0," "," ","0",0," "," ","0",0," "," ","0",0," "," ","0",0," "," ","0",0," "," ","0",0," "," ","0",0," "," ","0",0," "," ","0",0," "," ","0",0," "," ","0",0," "," ","0",0," "," ","0",0," "," ","0",0," "," ","0",0," "," ","0",0," "," ","0",0," "," ","0",0," "," ","0",0," "," ","0"
"452","USC00359461",1962,8,"PRCP",0," "," ","0",0," "," ","0",8," "," ","0",5," "," ","0",0," "," ","0",0,"T"," ","0",89," "," ","0",13," "," ","0",8," "," ","0",0," "," ","0",0," "," ","0",0," "," ","0",0," "," ","0",0," "," ","0",0," "," ","0",0," "," ","0",0," "," ","0",0," "," ","0",0," "," ","0",0," "," ","0",0," "," ","0",0," "," ","0",0," "," ","0",0," "," ","0",0," "," ","0",0," "," ","0",0," "," ","0",0," "," ","0",0," "," ","0",0," "," ","0",0," "," ","0"
"453","USC00359461",1962,8,"SNOW",0," "," ","0",0," "," ","0",0," "," ","0",0," "," ","0",0," "," ","0",0," "," ","0",0," "," ","0",0," "," ","0",0," "," ","0",0," "," ","0",0," "," ","0",0," "," ","0",0," "," ","0",0," "," ","0",0," "," ","0",0," "," ","0",0," "," ","0",0," "," ","0",0," "," ","0",0," "," ","0",0," "," ","0",0," "," ","0",0," "," ","0",0," "," ","0",0," "," ","0",0," "," ","0",0," "," ","0",0," "," ","0",0," "," ","0",0," "," ","0",0," "," ","0"
"454","USC00359461",1962,8,"SNWD",0," "," ","0",0," "," ","0",0," "," ","0",0," "," ","0",0," "," ","0",0," "," ","0",0," "," ","0",0," "," ","0",0," "," ","0",0," "," ","0",0," "," ","0",0," "," ","0",0," "," ","0",0," "," ","0",0," "," ","0",0," "," ","0",0," "," ","0",0," "," ","0",0," "," ","0",0," "," ","0",0," "," ","0",0," "," ","0",0," "," ","0",0," "," ","0",0," "," ","0",0," "," ","0",0," "," ","0",0," "," ","0",0," "," ","0",0," "," ","0",0," "," ","0"
"455","USC00359461",1962,9,"PRCP",0," "," ","0",0," "," ","0",0," "," ","0",0," "," ","0",0," "," ","0",0," "," ","0",0," "," ","0",0," "," ","0",0," "," ","0",0," "," ","0",13," "," ","0",0," "," ","0",0," "," ","0",0,"T"," ","0",0," "," ","0",0," "," ","0",0," "," ","0",0," "," ","0",0," "," ","0",0," "," ","0",0," "," ","0",0," "," ","0",0," "," ","0",0," "," ","0",0," "," ","0",0," "," ","0",33," "," ","0",5," "," ","0",79," "," ","0",0," "," ","0",NA," "," "," "
"456","USC00359461",1962,9,"SNOW",0," "," ","0",0," "," ","0",0," "," ","0",0," "," ","0",0," "," ","0",0," "," ","0",0," "," ","0",0," "," ","0",0," "," ","0",0," "," ","0",0," "," ","0",0," "," ","0",0," "," ","0",0," "," ","0",0," "," ","0",0," "," ","0",0," "," ","0",0," "," ","0",0," "," ","0",0," "," ","0",0," "," ","0",0," "," ","0",0," "," ","0",0," "," ","0",0," "," ","0",0," "," ","0",0," "," ","0",0," "," ","0",0," "," ","0",0," "," ","0",NA," "," "," "
"457","USC00359461",1962,9,"SNWD",0," "," ","0",0," "," ","0",0," "," ","0",0," "," ","0",0," "," ","0",0," "," ","0",0," "," ","0",0," "," ","0",0," "," ","0",0," "," ","0",0," "," ","0",0," "," ","0",0," "," ","0",0," "," ","0",0," "," ","0",0," "," ","0",0," "," ","0",0," "," ","0",0," "," ","0",0," "," ","0",0," "," ","0",0," "," ","0",0," "," ","0",0," "," ","0",0," "," ","0",0," "," ","0",0," "," ","0",0," "," ","0",0," "," ","0",0," "," ","0",NA," "," "," "
"458","USC00359461",1962,11,"PRCP",0," "," ","0",0,"T"," ","0",0," "," ","0",0," "," ","0",36," "," ","0",3," "," ","0",0," "," ","0",56," "," ","0",259," "," ","0",33," "," ","0",79," "," ","0",61," "," ","0",61," "," ","0",0,"T"," ","0",15," "," ","0",130," "," ","0",56," "," ","0",36," "," ","0",0,"T"," ","0",0," "," ","0",15," "," ","0",81," "," ","0",0,"T"," ","0",3," "," ","0",0," "," ","0",442," "," ","0",23," "," ","0",3," "," ","0",0," "," ","0",5," "," ","0",NA," "," "," "
"459","USC00359461",1962,11,"SNOW",0," "," ","0",0," "," ","0",0," "," ","0",0," "," ","0",0," "," ","0",0," "," ","0",0," "," ","0",0," "," ","0",0," "," ","0",0," "," ","0",0," "," ","0",0," "," ","0",0," "," ","0",0," "," ","0",0," "," ","0",0," "," ","0",0," "," ","0",0," "," ","0",0," "," ","0",0," "," ","0",0," "," ","0",0," "," ","0",0," "," ","0",0," "," ","0",0," "," ","0",0," "," ","0",0," "," ","0",0," "," ","0",0," "," ","0",0," "," ","0",NA," "," "," "
"460","USC00359461",1962,11,"SNWD",0," "," ","0",0," "," ","0",0," "," ","0",0," "," ","0",0," "," ","0",0," "," ","0",0," "," ","0",0," "," ","0",0," "," ","0",0," "," ","0",0," "," ","0",0," "," ","0",0," "," ","0",0," "," ","0",0," "," ","0",0," "," ","0",0," "," ","0",0," "," ","0",0," "," ","0",0," "," ","0",0," "," ","0",0," "," ","0",0," "," ","0",0," "," ","0",0," "," ","0",0," "," ","0",0," "," ","0",0," "," ","0",0," "," ","0",0," "," ","0",NA," "," "," "
"461","USC00359461",1962,12,"PRCP",8," "," ","0",371," "," ","0",165," "," ","0",3," "," ","0",0," "," ","0",0," "," ","0",0," "," ","0",0," "," ","0",0," "," ","0",5," "," ","0",0," "," ","0",0," "," ","0",13," "," ","0",8," "," ","0",277," "," ","0",25," "," ","0",0,"T"," ","0",5," "," ","0",0," "," ","0",0," "," ","0",0," "," ","0",0," "," ","0",0," "," ","0",0," "," ","0",0," "," ","0",0," "," ","0",0," "," ","0",0," "," ","0",0," "," ","0",15," "," ","0",15," "," ","0"
"462","USC00359461",1962,12,"SNOW",0," "," ","0",0," "," ","0",0," "," ","0",0," "," ","0",0," "," ","0",0," "," ","0",0," "," ","0",0," "," ","0",0," "," ","0",0," "," ","0",0," "," ","0",0," "," ","0",0," "," ","0",0," "," ","0",0," "," ","0",0," "," ","0",0," "," ","0",0," "," ","0",0," "," ","0",0," "," ","0",0," "," ","0",0," "," ","0",0," "," ","0",0," "," ","0",0," "," ","0",0," "," ","0",0," "," ","0",0," "," ","0",0," "," ","0",0," "," ","0",0," "," ","0"
"463","USC00359461",1962,12,"SNWD",0," "," ","0",0," "," ","0",0," "," ","0",0," "," ","0",0," "," ","0",0," "," ","0",0," "," ","0",0," "," ","0",0," "," ","0",0," "," ","0",0," "," ","0",0," "," ","0",0," "," ","0",0," "," ","0",0," "," ","0",0," "," ","0",0," "," ","0",0," "," ","0",0," "," ","0",0," "," ","0",0," "," ","0",0," "," ","0",0," "," ","0",0," "," ","0",0," "," ","0",0," "," ","0",0," "," ","0",0," "," ","0",0," "," ","0",0," "," ","0",0," "," ","0"
"464","USC00359461",1963,1,"PRCP",0," "," ","0",8," "," ","0",33," "," ","0",0,"T"," ","0",0," "," ","0",0,"T"," ","0",0," "," ","0",0," "," ","0",5," "," ","0",5," "," ","0",0," "," ","0",0," "," ","0",0," "," ","0",0," "," ","0",0," "," ","0",0," "," ","0",0," "," ","0",5," "," ","0",0," "," ","0",0," "," ","0",0," "," ","0",0," "," ","0",0," "," ","0",0," "," ","0",0," "," ","0",0," "," ","0",0," "," ","0",0," "," ","0",43," "," ","0",89," "," ","0",91," "," ","0"
"465","USC00359461",1963,1,"SNOW",0," "," ","0",0," "," ","0",0," "," ","0",0," "," ","0",0," "," ","0",0," "," ","0",0," "," ","0",0," "," ","0",0," "," ","0",0," "," ","0",0," "," ","0",0," "," ","0",0," "," ","0",0," "," ","0",0," "," ","0",0," "," ","0",0," "," ","0",0,"T"," ","0",0," "," ","0",0," "," ","0",0," "," ","0",0," "," ","0",0," "," ","0",0," "," ","0",0," "," ","0",0," "," ","0",0," "," ","0",0," "," ","0",38," "," ","0",25," "," ","0",0," "," ","0"
"466","USC00359461",1963,1,"SNWD",0," "," ","0",0," "," ","0",0," "," ","0",0," "," ","0",0," "," ","0",0," "," ","0",0," "," ","0",0," "," ","0",0," "," ","0",0," "," ","0",0," "," ","0",0," "," ","0",0," "," ","0",0," "," ","0",0," "," ","0",0," "," ","0",0," "," ","0",0,"T"," ","0",0," "," ","0",0," "," ","0",0," "," ","0",0," "," ","0",0," "," ","0",0," "," ","0",0," "," ","0",0," "," ","0",0," "," ","0",0," "," ","0",25," "," ","0",25," "," ","0",25," "," ","0"
"467","USC00359461",1963,2,"PRCP",307," "," ","0",114," "," ","0",150," "," ","0",25," "," ","0",124," "," ","0",5," "," ","0",18," "," ","0",0," "," ","0",8," "," ","0",0," "," ","0",0," "," ","0",0," "," ","0",18," "," ","0",5," "," ","0",3," "," ","0",76," "," ","0",15," "," ","0",102," "," ","0",0,"T"," ","0",64," "," ","0",13," "," ","0",15," "," ","0",0," "," ","0",0,"T"," ","0",0," "," ","0",94," "," ","0",0,"T"," ","0",0," "," ","0",NA," "," "," ",NA," "," "," ",NA," "," "," "
"468","USC00359461",1963,2,"SNOW",0," "," ","0",0," "," ","0",0," "," ","0",0," "," ","0",0," "," ","0",0," "," ","0",0," "," ","0",0," "," ","0",0," "," ","0",0," "," ","0",0," "," ","0",0," "," ","0",0," "," ","0",0," "," ","0",0," "," ","0",0," "," ","0",0," "," ","0",0," "," ","0",0," "," ","0",0," "," ","0",0," "," ","0",0," "," ","0",0," "," ","0",0," "," ","0",0," "," ","0",0," "," ","0",0," "," ","0",0," "," ","0",NA," "," "," ",NA," "," "," ",NA," "," "," "
"469","USC00359461",1963,2,"SNWD",0," "," ","0",0," "," ","0",0," "," ","0",0," "," ","0",0," "," ","0",0," "," ","0",0," "," ","0",0," "," ","0",0," "," ","0",0," "," ","0",0," "," ","0",0," "," ","0",0," "," ","0",0," "," ","0",0," "," ","0",0," "," ","0",0," "," ","0",0," "," ","0",0," "," ","0",0," "," ","0",0," "," ","0",0," "," ","0",0," "," ","0",0," "," ","0",0," "," ","0",0," "," ","0",0," "," ","0",0," "," ","0",NA," "," "," ",NA," "," "," ",NA," "," "," "
"470","USC00359461",1963,3,"PRCP",5," "," ","0",20," "," ","0",53," "," ","0",0," "," ","0",0," "," ","0",0," "," ","0",0," "," ","0",0," "," ","0",0," "," ","0",0,"T"," ","0",0,"T"," ","0",15," "," ","0",0," "," ","0",58," "," ","0",23," "," ","0",51," "," ","0",8," "," ","0",0," "," ","0",3," "," ","0",0," "," ","0",0," "," ","0",89," "," ","0",23," "," ","0",5," "," ","0",0," "," ","0",23," "," ","0",74," "," ","0",25," "," ","0",135," "," ","0",147," "," ","0",109," "," ","0"
"471","USC00359461",1963,3,"SNOW",0," "," ","0",0," "," ","0",0," "," ","0",0," "," ","0",0," "," ","0",0," "," ","0",0," "," ","0",0," "," ","0",0," "," ","0",0," "," ","0",0," "," ","0",0," "," ","0",0," "," ","0",0," "," ","0",0," "," ","0",0," "," ","0",0," "," ","0",0," "," ","0",0," "," ","0",0," "," ","0",0," "," ","0",0," "," ","0",0," "," ","0",0," "," ","0",0," "," ","0",0," "," ","0",0," "," ","0",0," "," ","0",0," "," ","0",0," "," ","0",0," "," ","0"
"472","USC00359461",1963,3,"SNWD",0," "," ","0",0," "," ","0",0," "," ","0",0," "," ","0",0," "," ","0",0," "," ","0",0," "," ","0",0," "," ","0",0," "," ","0",0," "," ","0",0," "," ","0",0," "," ","0",0," "," ","0",0," "," ","0",0," "," ","0",0," "," ","0",0," "," ","0",0," "," ","0",0," "," ","0",0," "," ","0",0," "," ","0",0," "," ","0",0," "," ","0",0," "," ","0",0," "," ","0",0," "," ","0",0," "," ","0",0," "," ","0",0," "," ","0",0," "," ","0",0," "," ","0"
"473","USC00359461",1963,4,"PRCP",5," "," ","0",0,"T"," ","0",5," "," ","0",13," "," ","0",84," "," ","0",79," "," ","0",20," "," ","0",122," "," ","0",43," "," ","0",18," "," ","0",5," "," ","0",124," "," ","0",145," "," ","0",135," "," ","0",71," "," ","0",91," "," ","0",64," "," ","0",18," "," ","0",130," "," ","0",25," "," ","0",51," "," ","0",0,"T"," ","0",0," "," ","0",0," "," ","0",28," "," ","0",51," "," ","0",0,"T"," ","0",0," "," ","0",8," "," ","0",0,"T"," ","0",NA," "," "," "
"474","USC00359461",1963,4,"SNOW",0," "," ","0",0," "," ","0",0," "," ","0",0," "," ","0",0," "," ","0",0," "," ","0",0," "," ","0",0," "," ","0",0," "," ","0",0," "," ","0",0," "," ","0",0," "," ","0",0," "," ","0",0," "," ","0",0,"T"," ","0",0,"T"," ","0",0," "," ","0",0," "," ","0",0," "," ","0",0," "," ","0",0," "," ","0",0," "," ","0",0," "," ","0",0," "," ","0",0," "," ","0",0," "," ","0",0," "," ","0",0," "," ","0",0," "," ","0",0," "," ","0",NA," "," "," "
"475","USC00359461",1963,4,"SNWD",0," "," ","0",0," "," ","0",0," "," ","0",0," "," ","0",0," "," ","0",0," "," ","0",0," "," ","0",0," "," ","0",0," "," ","0",0," "," ","0",0," "," ","0",0," "," ","0",0," "," ","0",0," "," ","0",0," "," ","0",0," "," ","0",0," "," ","0",0," "," ","0",0," "," ","0",0," "," ","0",0," "," ","0",0," "," ","0",0," "," ","0",0," "," ","0",0," "," ","0",0," "," ","0",0," "," ","0",0," "," ","0",0," "," ","0",0," "," ","0",NA," "," "," "
"476","USC00359461",1963,5,"PRCP",3," "," ","0",71," "," ","0",107," "," ","0",20," "," ","0",89," "," ","0",348," "," ","0",277," "," ","0",58," "," ","0",0,"T"," ","0",5," "," ","0",3," "," ","0",3," "," ","0",0," "," ","0",0," "," ","0",0," "," ","0",0," "," ","0",0," "," ","0",0," "," ","0",0," "," ","0",0," "," ","0",3," "," ","0",3," "," ","0",0," "," ","0",0," "," ","0",0," "," ","0",0," "," ","0",0," "," ","0",0," "," ","0",0," "," ","0",0," "," ","0",0," "," ","0"
"477","USC00359461",1963,5,"SNOW",0," "," ","0",0," "," ","0",0," "," ","0",0," "," ","0",0," "," ","0",0," "," ","0",0," "," ","0",0," "," ","0",0," "," ","0",0," "," ","0",0," "," ","0",0," "," ","0",0," "," ","0",0," "," ","0",0," "," ","0",0," "," ","0",0," "," ","0",0," "," ","0",0," "," ","0",0," "," ","0",0," "," ","0",0," "," ","0",0," "," ","0",0," "," ","0",0," "," ","0",0," "," ","0",0," "," ","0",0," "," ","0",0," "," ","0",0," "," ","0",0," "," ","0"
"478","USC00359461",1963,5,"SNWD",0," "," ","0",0," "," ","0",0," "," ","0",0," "," ","0",0," "," ","0",0," "," ","0",0," "," ","0",0," "," ","0",0," "," ","0",0," "," ","0",0," "," ","0",0," "," ","0",0," "," ","0",0," "," ","0",0," "," ","0",0," "," ","0",0," "," ","0",0," "," ","0",0," "," ","0",0," "," ","0",0," "," ","0",0," "," ","0",0," "," ","0",0," "," ","0",0," "," ","0",0," "," ","0",0," "," ","0",0," "," ","0",0," "," ","0",0," "," ","0",0," "," ","0"
"479","USC00359461",1963,6,"PRCP",0," "," ","0",0," "," ","0",0,"T"," ","0",0," "," ","0",25," "," ","0",25," "," ","0",0,"T"," ","0",0," "," ","0",0," "," ","0",0," "," ","0",0," "," ","0",0," "," ","0",0," "," ","0",0," "," ","0",0," "," ","0",0," "," ","0",0," "," ","0",0," "," ","0",0," "," ","0",0," "," ","0",0,"T"," ","0",203," "," ","0",91," "," ","0",3," "," ","0",15," "," ","0",0," "," ","0",0," "," ","0",74," "," ","0",145," "," ","0",5," "," ","0",NA," "," "," "
"480","USC00359461",1963,6,"SNOW",0," "," ","0",0," "," ","0",0," "," ","0",0," "," ","0",0," "," ","0",0," "," ","0",0," "," ","0",0," "," ","0",0," "," ","0",0," "," ","0",0," "," ","0",0," "," ","0",0," "," ","0",0," "," ","0",0," "," ","0",0," "," ","0",0," "," ","0",0," "," ","0",0," "," ","0",0," "," ","0",0," "," ","0",0," "," ","0",0," "," ","0",0," "," ","0",0," "," ","0",0," "," ","0",0," "," ","0",0," "," ","0",0," "," ","0",0," "," ","0",NA," "," "," "
"481","USC00359461",1963,6,"SNWD",0," "," ","0",0," "," ","0",0," "," ","0",0," "," ","0",0," "," ","0",0," "," ","0",0," "," ","0",0," "," ","0",0," "," ","0",0," "," ","0",0," "," ","0",0," "," ","0",0," "," ","0",0," "," ","0",0," "," ","0",0," "," ","0",0," "," ","0",0," "," ","0",0," "," ","0",0," "," ","0",0," "," ","0",0," "," ","0",0," "," ","0",0," "," ","0",0," "," ","0",0," "," ","0",0," "," ","0",0," "," ","0",0," "," ","0",0," "," ","0",NA," "," "," "
"482","USC00359461",1963,7,"PRCP",0," "," ","0",0," "," ","0",0," "," ","0",30," "," ","0",0," "," ","0",0," "," ","0",0," "," ","0",5," "," ","0",0,"T"," ","0",3," "," ","0",5," "," ","0",0," "," ","0",0," "," ","0",0," "," ","0",0," "," ","0",0," "," ","0",0," "," ","0",0," "," ","0",0," "," ","0",0," "," ","0",0," "," ","0",0,"T"," ","0",0," "," ","0",0," "," ","0",0," "," ","0",0," "," ","0",0," "," ","0",0," "," ","0",0," "," ","0",0," "," ","0",0," "," ","0"
"483","USC00359461",1963,7,"SNOW",0," "," ","0",0," "," ","0",0," "," ","0",0," "," ","0",0," "," ","0",0," "," ","0",0," "," ","0",0," "," ","0",0," "," ","0",0," "," ","0",0," "," ","0",0," "," ","0",0," "," ","0",0," "," ","0",0," "," ","0",0," "," ","0",0," "," ","0",0," "," ","0",0," "," ","0",0," "," ","0",0," "," ","0",0," "," ","0",0," "," ","0",0," "," ","0",0," "," ","0",0," "," ","0",0," "," ","0",0," "," ","0",0," "," ","0",0," "," ","0",0," "," ","0"
"484","USC00359461",1963,7,"SNWD",0," "," ","0",0," "," ","0",0," "," ","0",0," "," ","0",0," "," ","0",0," "," ","0",0," "," ","0",0," "," ","0",0," "," ","0",0," "," ","0",0," "," ","0",0," "," ","0",0," "," ","0",0," "," ","0",0," "," ","0",0," "," ","0",0," "," ","0",0," "," ","0",0," "," ","0",0," "," ","0",0," "," ","0",0," "," ","0",0," "," ","0",0," "," ","0",0," "," ","0",0," "," ","0",0," "," ","0",0," "," ","0",0," "," ","0",0," "," ","0",0," "," ","0"
"485","USC00359461",1963,8,"PRCP",0," "," ","0",0," "," ","0",0," "," ","0",0," "," ","0",0," "," ","0",0," "," ","0",0," "," ","0",0," "," ","0",0," "," ","0",0," "," ","0",0," "," ","0",0," "," ","0",0," "," ","0",0," "," ","0",0," "," ","0",0," "," ","0",0," "," ","0",0," "," ","0",0," "," ","0",0," "," ","0",0," "," ","0",0," "," ","0",0," "," ","0",0,"T"," ","0",0," "," ","0",0," "," ","0",0," "," ","0",0," "," ","0",0," "," ","0",0," "," ","0",0," "," ","0"
"486","USC00359461",1963,8,"SNOW",0," "," ","0",0," "," ","0",0," "," ","0",0," "," ","0",0," "," ","0",0," "," ","0",0," "," ","0",0," "," ","0",0," "," ","0",0," "," ","0",0," "," ","0",0," "," ","0",0," "," ","0",0," "," ","0",0," "," ","0",0," "," ","0",0," "," ","0",0," "," ","0",0," "," ","0",0," "," ","0",0," "," ","0",0," "," ","0",0," "," ","0",0," "," ","0",0," "," ","0",0," "," ","0",0," "," ","0",0," "," ","0",0," "," ","0",0," "," ","0",0," "," ","0"
"487","USC00359461",1963,8,"SNWD",0," "," ","0",0," "," ","0",0," "," ","0",0," "," ","0",0," "," ","0",0," "," ","0",0," "," ","0",0," "," ","0",0," "," ","0",0," "," ","0",0," "," ","0",0," "," ","0",0," "," ","0",0," "," ","0",0," "," ","0",0," "," ","0",0," "," ","0",0," "," ","0",0," "," ","0",0," "," ","0",0," "," ","0",0," "," ","0",0," "," ","0",0," "," ","0",0," "," ","0",0," "," ","0",0," "," ","0",0," "," ","0",0," "," ","0",0," "," ","0",0," "," ","0"
"488","USC00359461",1963,9,"PRCP",0," "," ","0",0," "," ","0",0," "," ","0",0," "," ","0",0," "," ","0",0," "," ","0",0," "," ","0",0," "," ","0",0," "," ","0",0," "," ","0",0," "," ","0",0,"T"," ","0",3," "," ","0",13," "," ","0",91," "," ","0",310," "," ","0",0,"T"," ","0",0," "," ","0",0," "," ","0",0," "," ","0",0," "," ","0",0," "," ","0",13," "," ","0",0," "," ","0",0," "," ","0",0," "," ","0",0," "," ","0",0," "," ","0",0," "," ","0",0," "," ","0",NA," "," "," "
"489","USC00359461",1963,9,"SNOW",0," "," ","0",0," "," ","0",0," "," ","0",0," "," ","0",0," "," ","0",0," "," ","0",0," "," ","0",0," "," ","0",0," "," ","0",0," "," ","0",0," "," ","0",0," "," ","0",0," "," ","0",0," "," ","0",0," "," ","0",0," "," ","0",0," "," ","0",0," "," ","0",0," "," ","0",0," "," ","0",0," "," ","0",0," "," ","0",0," "," ","0",0," "," ","0",0," "," ","0",0," "," ","0",0," "," ","0",0," "," ","0",0," "," ","0",0," "," ","0",NA," "," "," "
"490","USC00359461",1963,9,"SNWD",0," "," ","0",0," "," ","0",0," "," ","0",0," "," ","0",0," "," ","0",0," "," ","0",0," "," ","0",0," "," ","0",0," "," ","0",0," "," ","0",0," "," ","0",0," "," ","0",0," "," ","0",0," "," ","0",0," "," ","0",0," "," ","0",0," "," ","0",0," "," ","0",0," "," ","0",0," "," ","0",0," "," ","0",0," "," ","0",0," "," ","0",0," "," ","0",0," "," ","0",0," "," ","0",0," "," ","0",0," "," ","0",0," "," ","0",0," "," ","0",NA," "," "," "
"491","USC00359461",1963,10,"PRCP",0," "," ","0",0," "," ","0",0," "," ","0",0," "," ","0",20," "," ","0",0,"T"," ","0",0," "," ","0",0," "," ","0",18," "," ","0",0,"T"," ","0",36," "," ","0",3," "," ","0",0," "," ","0",0,"T"," ","0",20," "," ","0",3," "," ","0",0,"T"," ","0",5," "," ","0",0," "," ","0",0," "," ","0",25," "," ","0",3," "," ","0",254," "," ","0",10," "," ","0",25," "," ","0",0," "," ","0",0," "," ","0",43," "," ","0",23," "," ","0",13," "," ","0",0," "," ","0"
"492","USC00359461",1963,10,"SNOW",0," "," ","0",0," "," ","0",0," "," ","0",0," "," ","0",0," "," ","0",0," "," ","0",0," "," ","0",0," "," ","0",0," "," ","0",0," "," ","0",0," "," ","0",0," "," ","0",0," "," ","0",0," "," ","0",0," "," ","0",0," "," ","0",0," "," ","0",0," "," ","0",0," "," ","0",0," "," ","0",0," "," ","0",0," "," ","0",0," "," ","0",0," "," ","0",0," "," ","0",0," "," ","0",0," "," ","0",0," "," ","0",0," "," ","0",0," "," ","0",0," "," ","0"
"493","USC00359461",1963,10,"SNWD",0," "," ","0",0," "," ","0",0," "," ","0",0," "," ","0",0," "," ","0",0," "," ","0",0," "," ","0",0," "," ","0",0," "," ","0",0," "," ","0",0," "," ","0",0," "," ","0",0," "," ","0",0," "," ","0",0," "," ","0",0," "," ","0",0," "," ","0",0," "," ","0",0," "," ","0",0," "," ","0",0," "," ","0",0," "," ","0",0," "," ","0",0," "," ","0",0," "," ","0",0," "," ","0",0," "," ","0",0," "," ","0",0," "," ","0",0," "," ","0",0," "," ","0"
"494","USC00359461",1963,11,"PRCP",0,"T"," ","0",20," "," ","0",0,"T"," ","0",163," "," ","0",5," "," ","0",180," "," ","0",64," "," ","0",361," "," ","0",165," "," ","0",0,"T"," ","0",0,"T"," ","0",0," "," ","0",20," "," ","0",224," "," ","0",79," "," ","0",15," "," ","0",5," "," ","0",53," "," ","0",36," "," ","0",64," "," ","0",5," "," ","0",3," "," ","0",58," "," ","0",20," "," ","0",0,"T"," ","0",0," "," ","0",20," "," ","0",0," "," ","0",0," "," ","0",0," "," ","0",NA," "," "," "
"495","USC00359461",1963,11,"SNOW",0," "," ","0",0," "," ","0",0," "," ","0",0," "," ","0",0," "," ","0",0," "," ","0",0," "," ","0",0," "," ","0",0," "," ","0",0," "," ","0",0," "," ","0",0," "," ","0",0," "," ","0",0," "," ","0",0," "," ","0",0," "," ","0",0," "," ","0",0," "," ","0",0," "," ","0",0," "," ","0",0," "," ","0",0," "," ","0",0," "," ","0",0," "," ","0",0," "," ","0",0," "," ","0",0," "," ","0",0," "," ","0",0," "," ","0",0," "," ","0",NA," "," "," "
"496","USC00359461",1963,11,"SNWD",0," "," ","0",0," "," ","0",0," "," ","0",0," "," ","0",0," "," ","0",0," "," ","0",0," "," ","0",0," "," ","0",0," "," ","0",0," "," ","0",0," "," ","0",0," "," ","0",0," "," ","0",0," "," ","0",0," "," ","0",0," "," ","0",0," "," ","0",0," "," ","0",0," "," ","0",0," "," ","0",0," "," ","0",0," "," ","0",0," "," ","0",0," "," ","0",0," "," ","0",0," "," ","0",0," "," ","0",0," "," ","0",0," "," ","0",0," "," ","0",NA," "," "," "
"497","USC00359461",1963,12,"PRCP",0," "," ","0",0," "," ","0",0," "," ","0",0," "," ","0",0," "," ","0",38," "," ","0",8," "," ","0",51," "," ","0",64," "," ","0",0," "," ","0",0," "," ","0",0," "," ","0",0," "," ","0",0," "," ","0",0," "," ","0",0," "," ","0",0," "," ","0",0," "," ","0",15," "," ","0",36," "," ","0",46," "," ","0",0,"T"," ","0",0," "," ","0",0," "," ","0",18," "," ","0",38," "," ","0",33," "," ","0",185," "," ","0",28," "," ","0",0," "," ","0",0," "," ","0"
"498","USC00359461",1963,12,"SNOW",0," "," ","0",0," "," ","0",0," "," ","0",0," "," ","0",0," "," ","0",0," "," ","0",0," "," ","0",0," "," ","0",0," "," ","0",0," "," ","0",0," "," ","0",0," "," ","0",0," "," ","0",0," "," ","0",0," "," ","0",0," "," ","0",0," "," ","0",0," "," ","0",0," "," ","0",0," "," ","0",0," "," ","0",0," "," ","0",0," "," ","0",0," "," ","0",0," "," ","0",0," "," ","0",0," "," ","0",0," "," ","0",0," "," ","0",0," "," ","0",0," "," ","0"
"499","USC00359461",1963,12,"SNWD",0," "," ","0",0," "," ","0",0," "," ","0",0," "," ","0",0," "," ","0",0," "," ","0",0," "," ","0",0," "," ","0",0," "," ","0",0," "," ","0",0," "," ","0",0," "," ","0",0," "," ","0",0," "," ","0",0," "," ","0",0," "," ","0",0," "," ","0",0," "," ","0",0," "," ","0",0," "," ","0",0," "," ","0",0," "," ","0",0," "," ","0",0," "," ","0",0," "," ","0",0," "," ","0",0," "," ","0",0," "," ","0",0," "," ","0",0," "," ","0",0," "," ","0"
"500","USC00359461",1964,1,"PRCP",0," "," ","0",117," "," ","0",0,"T"," ","0",5," "," ","0",0," "," ","0",208," "," ","0",104," "," ","0",0," "," ","0",28," "," ","0",114," "," ","0",3," "," ","0",0," "," ","0",15," "," ","0",33," "," ","0",0," "," ","0",104," "," ","0",152," "," ","0",320," "," ","0",325," "," ","0",561," "," ","0",53," "," ","0",135," "," ","0",28," "," ","0",43," "," ","0",25," "," ","0",0," "," ","0",3," "," ","0",5," "," ","0",71," "," ","0",25," "," ","0",13," "," ","0"
"501","USC00359461",1964,1,"SNOW",0," "," ","0",0," "," ","0",0," "," ","0",0," "," ","0",0," "," ","0",0," "," ","0",0," "," ","0",0," "," ","0",0," "," ","0",0," "," ","0",0," "," ","0",0," "," ","0",0," "," ","0",0," "," ","0",0," "," ","0",0," "," ","0",0," "," ","0",0," "," ","0",0," "," ","0",0," "," ","0",0,"T"," ","0",20," "," ","0",0,"T"," ","0",0," "," ","0",0," "," ","0",0," "," ","0",0," "," ","0",0," "," ","0",0," "," ","0",0," "," ","0",0," "," ","0"
"502","USC00359461",1964,1,"SNWD",0," "," ","0",0," "," ","0",0," "," ","0",0," "," ","0",0," "," ","0",0," "," ","0",0," "," ","0",0," "," ","0",0," "," ","0",0," "," ","0",0," "," ","0",0," "," ","0",0," "," ","0",0," "," ","0",0," "," ","0",0," "," ","0",0," "," ","0",0," "," ","0",0," "," ","0",0," "," ","0",0,"T"," ","0",25," "," ","0",0,"T"," ","0",0," "," ","0",0," "," ","0",0," "," ","0",0," "," ","0",0," "," ","0",0," "," ","0",0," "," ","0",0," "," ","0"
"503","USC00359461",1964,2,"PRCP",56," "," ","0",0,"T"," ","0",0," "," ","0",0," "," ","0",0,"T"," ","0",0," "," ","0",0," "," ","0",0," "," ","0",0," "," ","0",0," "," ","0",58," "," ","0",0," "," ","0",74," "," ","0",3," "," ","0",46," "," ","0",58," "," ","0",0,"T"," ","0",0," "," ","0",0," "," ","0",0," "," ","0",0," "," ","0",0," "," ","0",0," "," ","0",0," "," ","0",0," "," ","0",0," "," ","0",0," "," ","0",0," "," ","0",41," "," ","0",NA," "," "," ",NA," "," "," "
"504","USC00359461",1964,2,"SNOW",0," "," ","0",0," "," ","0",0," "," ","0",0," "," ","0",0," "," ","0",0," "," ","0",0," "," ","0",0," "," ","0",0," "," ","0",0," "," ","0",0," "," ","0",0," "," ","0",0," "," ","0",0," "," ","0",0," "," ","0",0," "," ","0",0," "," ","0",0," "," ","0",0," "," ","0",0," "," ","0",0," "," ","0",0," "," ","0",0," "," ","0",0," "," ","0",0," "," ","0",0," "," ","0",0," "," ","0",0," "," ","0",0," "," ","0",NA," "," "," ",NA," "," "," "
"505","USC00359461",1964,2,"SNWD",0," "," ","0",0," "," ","0",0," "," ","0",0," "," ","0",0," "," ","0",0," "," ","0",0," "," ","0",0," "," ","0",0," "," ","0",0," "," ","0",0," "," ","0",0," "," ","0",0," "," ","0",0," "," ","0",0," "," ","0",0," "," ","0",0," "," ","0",0," "," ","0",0," "," ","0",0," "," ","0",0," "," ","0",0," "," ","0",0," "," ","0",0," "," ","0",0," "," ","0",0," "," ","0",0," "," ","0",0," "," ","0",0," "," ","0",NA," "," "," ",NA," "," "," "
"506","USC00359461",1964,3,"PRCP",137," "," ","0",140," "," ","0",23," "," ","0",13," "," ","0",132," "," ","0",94," "," ","0",8," "," ","0",0,"T"," ","0",23," "," ","0",13," "," ","0",23," "," ","0",203," "," ","0",97," "," ","0",10," "," ","0",30," "," ","0",0," "," ","0",0," "," ","0",3," "," ","0",0," "," ","0",0," "," ","0",5," "," ","0",30," "," ","0",10," "," ","0",41," "," ","0",0,"T"," ","0",0,"T"," ","0",0," "," ","0",0," "," ","0",0," "," ","0",0," "," ","0",0," "," ","0"
"507","USC00359461",1964,3,"SNOW",0," "," ","0",0," "," ","0",0," "," ","0",0," "," ","0",0," "," ","0",0," "," ","0",0," "," ","0",0," "," ","0",0," "," ","0",0," "," ","0",0," "," ","0",0,"T"," ","0",0," "," ","0",0," "," ","0",0," "," ","0",0," "," ","0",0," "," ","0",0," "," ","0",0," "," ","0",0," "," ","0",0," "," ","0",0," "," ","0",0," "," ","0",0," "," ","0",0," "," ","0",0," "," ","0",0," "," ","0",0," "," ","0",0," "," ","0",0," "," ","0",0," "," ","0"
"508","USC00359461",1964,3,"SNWD",0," "," ","0",0," "," ","0",0," "," ","0",0," "," ","0",0," "," ","0",0," "," ","0",0," "," ","0",0," "," ","0",0," "," ","0",0," "," ","0",0," "," ","0",0,"T"," ","0",0," "," ","0",0," "," ","0",0," "," ","0",0," "," ","0",0," "," ","0",0," "," ","0",0," "," ","0",0," "," ","0",0," "," ","0",0," "," ","0",0," "," ","0",0," "," ","0",0," "," ","0",0," "," ","0",0," "," ","0",0," "," ","0",0," "," ","0",0," "," ","0",0," "," ","0"
"509","USC00359461",1964,4,"PRCP",20," "," ","0",33," "," ","0",58," "," ","0",0,"T"," ","0",0,"T"," ","0",10," "," ","0",0," "," ","0",0," "," ","0",0," "," ","0",46," "," ","0",15," "," ","0",8," "," ","0",0," "," ","0",0," "," ","0",0," "," ","0",0,"T"," ","0",0," "," ","0",0," "," ","0",0," "," ","0",0," "," ","0",0," "," ","0",15," "," ","0",30," "," ","0",3," "," ","0",0," "," ","0",0," "," ","0",0," "," ","0",0," "," ","0",0," "," ","0",5," "," ","0",NA," "," "," "
"510","USC00359461",1964,4,"SNOW",0," "," ","0",0," "," ","0",0," "," ","0",0," "," ","0",0," "," ","0",0," "," ","0",0," "," ","0",0," "," ","0",0," "," ","0",0," "," ","0",0," "," ","0",0," "," ","0",0," "," ","0",0," "," ","0",0," "," ","0",0," "," ","0",0," "," ","0",0," "," ","0",0," "," ","0",0," "," ","0",0," "," ","0",0," "," ","0",0," "," ","0",0," "," ","0",0," "," ","0",0," "," ","0",0," "," ","0",0," "," ","0",0," "," ","0",0," "," ","0",NA," "," "," "
"511","USC00359461",1964,4,"SNWD",0," "," ","0",0," "," ","0",0," "," ","0",0," "," ","0",0," "," ","0",0," "," ","0",0," "," ","0",0," "," ","0",0," "," ","0",0," "," ","0",0," "," ","0",0," "," ","0",0," "," ","0",0," "," ","0",0," "," ","0",0," "," ","0",0," "," ","0",0," "," ","0",0," "," ","0",0," "," ","0",0," "," ","0",0," "," ","0",0," "," ","0",0," "," ","0",0," "," ","0",0," "," ","0",0," "," ","0",0," "," ","0",0," "," ","0",0," "," ","0",NA," "," "," "
"512","USC00359461",1964,5,"PRCP",66," "," ","0",13," "," ","0",13," "," ","0",0,"T"," ","0",13," "," ","0",66," "," ","0",0,"T"," ","0",0,"T"," ","0",0," "," ","0",0," "," ","0",0," "," ","0",0," "," ","0",8," "," ","0",0," "," ","0",0," "," ","0",0," "," ","0",51," "," ","0",0," "," ","0",0," "," ","0",0,"T"," ","0",0,"T"," ","0",0," "," ","0",0," "," ","0",0," "," ","0",0," "," ","0",0," "," ","0",0," "," ","0",0," "," ","0",0," "," ","0",0," "," ","0",0," "," ","0"
"513","USC00359461",1964,5,"SNOW",0," "," ","0",0," "," ","0",0," "," ","0",0," "," ","0",0," "," ","0",0," "," ","0",0," "," ","0",0," "," ","0",0," "," ","0",0," "," ","0",0," "," ","0",0," "," ","0",0," "," ","0",0," "," ","0",0," "," ","0",0," "," ","0",0," "," ","0",0," "," ","0",0," "," ","0",0," "," ","0",0," "," ","0",0," "," ","0",0," "," ","0",0," "," ","0",0," "," ","0",0," "," ","0",0," "," ","0",0," "," ","0",0," "," ","0",0," "," ","0",0," "," ","0"
"514","USC00359461",1964,5,"SNWD",0," "," ","0",0," "," ","0",0," "," ","0",0," "," ","0",0," "," ","0",0," "," ","0",0," "," ","0",0," "," ","0",0," "," ","0",0," "," ","0",0," "," ","0",0," "," ","0",0," "," ","0",0," "," ","0",0," "," ","0",0," "," ","0",0," "," ","0",0," "," ","0",0," "," ","0",0," "," ","0",0," "," ","0",0," "," ","0",0," "," ","0",0," "," ","0",0," "," ","0",0," "," ","0",0," "," ","0",0," "," ","0",0," "," ","0",0," "," ","0",0," "," ","0"
"515","USC00359461",1964,6,"PRCP",0," "," ","0",0," "," ","0",0," "," ","0",51," "," ","0",30," "," ","0",58," "," ","0",33," "," ","0",5," "," ","0",0," "," ","0",0," "," ","0",0,"T"," ","0",0," "," ","0",0," "," ","0",0," "," ","0",0," "," ","0",30," "," ","0",20," "," ","0",43," "," ","0",46," "," ","0",0," "," ","0",0," "," ","0",0," "," ","0",0," "," ","0",0," "," ","0",0," "," ","0",0," "," ","0",0," "," ","0",0," "," ","0",0," "," ","0",0," "," ","0",NA," "," "," "
"516","USC00359461",1964,6,"SNOW",0," "," ","0",0," "," ","0",0," "," ","0",0," "," ","0",0," "," ","0",0," "," ","0",0," "," ","0",0," "," ","0",0," "," ","0",0," "," ","0",0," "," ","0",0," "," ","0",0," "," ","0",0," "," ","0",0," "," ","0",0," "," ","0",0," "," ","0",0," "," ","0",0," "," ","0",0," "," ","0",0," "," ","0",0," "," ","0",0," "," ","0",0," "," ","0",0," "," ","0",0," "," ","0",0," "," ","0",0," "," ","0",0," "," ","0",0," "," ","0",NA," "," "," "
"517","USC00359461",1964,6,"SNWD",0," "," ","0",0," "," ","0",0," "," ","0",0," "," ","0",0," "," ","0",0," "," ","0",0," "," ","0",0," "," ","0",0," "," ","0",0," "," ","0",0," "," ","0",0," "," ","0",0," "," ","0",0," "," ","0",0," "," ","0",0," "," ","0",0," "," ","0",0," "," ","0",0," "," ","0",0," "," ","0",0," "," ","0",0," "," ","0",0," "," ","0",0," "," ","0",0," "," ","0",0," "," ","0",0," "," ","0",0," "," ","0",0," "," ","0",0," "," ","0",NA," "," "," "
"518","USC00359461",1964,7,"PRCP",0," "," ","0",0," "," ","0",0," "," ","0",0," "," ","0",0," "," ","0",0," "," ","0",0," "," ","0",0," "," ","0",46," "," ","0",0," "," ","0",0," "," ","0",0," "," ","0",0," "," ","0",0,"T"," ","0",10," "," ","0",0," "," ","0",0," "," ","0",0," "," ","0",0," "," ","0",0," "," ","0",0,"T"," ","0",0," "," ","0",0," "," ","0",0," "," ","0",0," "," ","0",0," "," ","0",0," "," ","0",0," "," ","0",0," "," ","0",0,"T"," ","0",3," "," ","0"
"519","USC00359461",1964,7,"SNOW",0," "," ","0",0," "," ","0",0," "," ","0",0," "," ","0",0," "," ","0",0," "," ","0",0," "," ","0",0," "," ","0",0," "," ","0",0," "," ","0",0," "," ","0",0," "," ","0",0," "," ","0",0," "," ","0",0," "," ","0",0," "," ","0",0," "," ","0",0," "," ","0",0," "," ","0",0," "," ","0",0," "," ","0",0," "," ","0",0," "," ","0",0," "," ","0",0," "," ","0",0," "," ","0",0," "," ","0",0," "," ","0",0," "," ","0",0," "," ","0",0," "," ","0"
"520","USC00359461",1964,7,"SNWD",0," "," ","0",0," "," ","0",0," "," ","0",0," "," ","0",0," "," ","0",0," "," ","0",0," "," ","0",0," "," ","0",0," "," ","0",0," "," ","0",0," "," ","0",0," "," ","0",0," "," ","0",0," "," ","0",0," "," ","0",0," "," ","0",0," "," ","0",0," "," ","0",0," "," ","0",0," "," ","0",0," "," ","0",0," "," ","0",0," "," ","0",0," "," ","0",0," "," ","0",0," "," ","0",0," "," ","0",0," "," ","0",0," "," ","0",0," "," ","0",0," "," ","0"
"521","USC00359461",1964,8,"PRCP",36," "," ","0",0,"T"," ","0",0," "," ","0",0," "," ","0",0," "," ","0",0," "," ","0",0," "," ","0",0," "," ","0",0," "," ","0",0," "," ","0",0," "," ","0",0," "," ","0",0," "," ","0",0," "," ","0",0," "," ","0",0," "," ","0",0," "," ","0",0,"T"," ","0",0," "," ","0",0," "," ","0",0," "," ","0",0," "," ","0",0," "," ","0",0," "," ","0",0," "," ","0",13," "," ","0",0,"T"," ","0",0," "," ","0",15," "," ","0",0,"T"," ","0",0," "," ","0"
"522","USC00359461",1964,8,"SNOW",0," "," ","0",0," "," ","0",0," "," ","0",0," "," ","0",0," "," ","0",0," "," ","0",0," "," ","0",0," "," ","0",0," "," ","0",0," "," ","0",0," "," ","0",0," "," ","0",0," "," ","0",0," "," ","0",0," "," ","0",0," "," ","0",0," "," ","0",0," "," ","0",0," "," ","0",0," "," ","0",0," "," ","0",0," "," ","0",0," "," ","0",0," "," ","0",0," "," ","0",0," "," ","0",0," "," ","0",0," "," ","0",0," "," ","0",0," "," ","0",0," "," ","0"
"523","USC00359461",1964,8,"SNWD",0," "," ","0",0," "," ","0",0," "," ","0",0," "," ","0",0," "," ","0",0," "," ","0",0," "," ","0",0," "," ","0",0," "," ","0",0," "," ","0",0," "," ","0",0," "," ","0",0," "," ","0",0," "," ","0",0," "," ","0",0," "," ","0",0," "," ","0",0," "," ","0",0," "," ","0",0," "," ","0",0," "," ","0",0," "," ","0",0," "," ","0",0," "," ","0",0," "," ","0",0," "," ","0",0," "," ","0",0," "," ","0",0," "," ","0",0," "," ","0",0," "," ","0"
"524","USC00359461",1964,9,"PRCP",0," "," ","0",0,"T"," ","0",0," "," ","0",0," "," ","0",0," "," ","0",0," "," ","0",0," "," ","0",0," "," ","0",0," "," ","0",0," "," ","0",0," "," ","0",0," "," ","0",0," "," ","0",0," "," ","0",0," "," ","0",0," "," ","0",76," "," ","0",5," "," ","0",0," "," ","0",0,"T"," ","0",5," "," ","0",0," "," ","0",0," "," ","0",0," "," ","0",0," "," ","0",0," "," ","0",0," "," ","0",0," "," ","0",0," "," ","0",0," "," ","0",NA," "," "," "
"525","USC00359461",1964,9,"SNOW",0," "," ","0",0," "," ","0",0," "," ","0",0," "," ","0",0," "," ","0",0," "," ","0",0," "," ","0",0," "," ","0",0," "," ","0",0," "," ","0",0," "," ","0",0," "," ","0",0," "," ","0",0," "," ","0",0," "," ","0",0," "," ","0",0," "," ","0",0," "," ","0",0," "," ","0",0," "," ","0",0," "," ","0",0," "," ","0",0," "," ","0",0," "," ","0",0," "," ","0",0," "," ","0",0," "," ","0",0," "," ","0",0," "," ","0",0," "," ","0",NA," "," "," "
"526","USC00359461",1964,9,"SNWD",0," "," ","0",0," "," ","0",0," "," ","0",0," "," ","0",0," "," ","0",0," "," ","0",0," "," ","0",0," "," ","0",0," "," ","0",0," "," ","0",0," "," ","0",0," "," ","0",0," "," ","0",0," "," ","0",0," "," ","0",0," "," ","0",0," "," ","0",0," "," ","0",0," "," ","0",0," "," ","0",0," "," ","0",0," "," ","0",0," "," ","0",0," "," ","0",0," "," ","0",0," "," ","0",0," "," ","0",0," "," ","0",0," "," ","0",0," "," ","0",NA," "," "," "
"527","USC00359461",1964,10,"PRCP",18," "," ","0",0,"T"," ","0",0," "," ","0",0," "," ","0",0," "," ","0",0," "," ","0",0," "," ","0",43," "," ","0",3," "," ","0",3," "," ","0",0," "," ","0",0," "," ","0",0," "," ","0",0," "," ","0",0,"T"," ","0",15," "," ","0",8," "," ","0",0," "," ","0",0," "," ","0",0," "," ","0",0," "," ","0",0," "," ","0",0," "," ","0",0," "," ","0",0," "," ","0",15," "," ","0",5," "," ","0",56," "," ","0",58," "," ","0",8," "," ","0",0," "," ","0"
"528","USC00359461",1964,10,"SNOW",0," "," ","0",0," "," ","0",0," "," ","0",0," "," ","0",0," "," ","0",0," "," ","0",0," "," ","0",0," "," ","0",0," "," ","0",0," "," ","0",0," "," ","0",0," "," ","0",0," "," ","0",0," "," ","0",0," "," ","0",0," "," ","0",0," "," ","0",0," "," ","0",0," "," ","0",0," "," ","0",0," "," ","0",0," "," ","0",0," "," ","0",0," "," ","0",0," "," ","0",0," "," ","0",0," "," ","0",0," "," ","0",0," "," ","0",0," "," ","0",0," "," ","0"
"529","USC00359461",1964,10,"SNWD",0," "," ","0",0," "," ","0",0," "," ","0",0," "," ","0",0," "," ","0",0," "," ","0",0," "," ","0",0," "," ","0",0," "," ","0",0," "," ","0",0," "," ","0",0," "," ","0",0," "," ","0",0," "," ","0",0," "," ","0",0," "," ","0",0," "," ","0",0," "," ","0",0," "," ","0",0," "," ","0",0," "," ","0",0," "," ","0",0," "," ","0",0," "," ","0",0," "," ","0",0," "," ","0",0," "," ","0",0," "," ","0",0," "," ","0",0," "," ","0",0," "," ","0"
"530","USC00359461",1964,11,"PRCP",3," "," ","0",140," "," ","0",3," "," ","0",117," "," ","0",97," "," ","0",0,"T"," ","0",0,"T"," ","0",5," "," ","0",89," "," ","0",79," "," ","0",97," "," ","0",198," "," ","0",147," "," ","0",30," "," ","0",0," "," ","0",0," "," ","0",0," "," ","0",0," "," ","0",0," "," ","0",0," "," ","0",0," "," ","0",56," "," ","0",33," "," ","0",30," "," ","0",155," "," ","0",163," "," ","0",140," "," ","0",279," "," ","0",20," "," ","0",69," "," ","0",NA," "," "," "
"531","USC00359461",1964,11,"SNOW",0," "," ","0",0," "," ","0",0," "," ","0",0," "," ","0",0," "," ","0",0," "," ","0",0," "," ","0",0," "," ","0",0," "," ","0",0," "," ","0",0," "," ","0",0," "," ","0",0,"T"," ","0",0," "," ","0",0," "," ","0",0," "," ","0",0," "," ","0",0," "," ","0",0," "," ","0",0," "," ","0",0," "," ","0",0," "," ","0",0," "," ","0",0," "," ","0",0," "," ","0",0," "," ","0",0," "," ","0",0," "," ","0",0," "," ","0",0," "," ","0",NA," "," "," "
"532","USC00359461",1964,11,"SNWD",0," "," ","0",0," "," ","0",0," "," ","0",0," "," ","0",0," "," ","0",0," "," ","0",0," "," ","0",0," "," ","0",0," "," ","0",0," "," ","0",0," "," ","0",0," "," ","0",0,"T"," ","0",0," "," ","0",0," "," ","0",0," "," ","0",0," "," ","0",0," "," ","0",0," "," ","0",0," "," ","0",0," "," ","0",0," "," ","0",0," "," ","0",0," "," ","0",0," "," ","0",0," "," ","0",0," "," ","0",0," "," ","0",0," "," ","0",0," "," ","0",NA," "," "," "
"533","USC00359461",1964,12,"PRCP",165," "," ","0",130," "," ","0",36," "," ","0",13," "," ","0",84," "," ","0",0," "," ","0",20," "," ","0",71," "," ","0",122," "," ","0",109," "," ","0",94," "," ","0",10," "," ","0",3," "," ","0",13," "," ","0",61," "," ","0",36," "," ","0",0,"T"," ","0",0," "," ","0",160," "," ","0",488," "," ","0",269," "," ","0",378," "," ","0",401," "," ","0",150," "," ","0",155," "," ","0",122," "," ","0",163," "," ","0",130," "," ","0",145," "," ","0",127," "," ","0",53," "," ","0"
"534","USC00359461",1964,12,"SNOW",0," "," ","0",0," "," ","0",0," "," ","0",0," "," ","0",0," "," ","0",0," "," ","0",0," "," ","0",0," "," ","0",0," "," ","0",0," "," ","0",0," "," ","0",0," "," ","0",0," "," ","0",0," "," ","0",0," "," ","0",0,"T"," ","0",0," "," ","0",0," "," ","0",0," "," ","0",0," "," ","0",0," "," ","0",0," "," ","0",0," "," ","0",0," "," ","0",0," "," ","0",0," "," ","0",0," "," ","0",13," "," ","0",25," "," ","0",0,"T"," ","0",51," "," ","0"
"535","USC00359461",1964,12,"SNWD",0," "," ","0",0," "," ","0",0," "," ","0",0," "," ","0",0," "," ","0",0," "," ","0",0," "," ","0",0," "," ","0",0," "," ","0",0," "," ","0",0," "," ","0",0," "," ","0",0," "," ","0",0," "," ","0",0," "," ","0",0," "," ","0",0," "," ","0",0," "," ","0",0," "," ","0",0," "," ","0",0," "," ","0",0," "," ","0",0," "," ","0",0," "," ","0",0," "," ","0",0," "," ","0",0," "," ","0",0,"T"," ","0",0,"T"," ","0",0,"T"," ","0",51," "," ","0"
"536","USC00359461",1965,1,"PRCP",0," "," ","0",0,"T"," ","0",231," "," ","0",104," "," ","0",66," "," ","0",165," "," ","0",142," "," ","0",0," "," ","0",132," "," ","0",71," "," ","0",147," "," ","0",3," "," ","0",0," "," ","0",0," "," ","0",0," "," ","0",0," "," ","0",0," "," ","0",0," "," ","0",0,"T"," ","0",8," "," ","0",20," "," ","0",13," "," ","0",107," "," ","0",340," "," ","0",43," "," ","0",66," "," ","0",3," "," ","0",20," "," ","0",30," "," ","0",3," "," ","0",3," "," ","0"
"537","USC00359461",1965,1,"SNOW",0," "," ","0",0," "," ","0",25," "," ","0",51," "," ","0",0," "," ","0",0," "," ","0",25," "," ","0",0," "," ","0",13," "," ","0",0," "," ","0",0," "," ","0",0," "," ","0",0," "," ","0",0," "," ","0",0," "," ","0",0," "," ","0",0," "," ","0",0," "," ","0",0," "," ","0",0," "," ","0",0," "," ","0",0," "," ","0",0," "," ","0",0,"T"," ","0",0," "," ","0",0," "," ","0",0," "," ","0",0," "," ","0",0," "," ","0",0," "," ","0",0," "," ","0"
"538","USC00359461",1965,1,"SNWD",25," "," ","0",0," "," ","0",51," "," ","0",51," "," ","0",25," "," ","0",0,"T"," ","0",0,"T"," ","0",0," "," ","0",0,"T"," ","0",0," "," ","0",0," "," ","0",0," "," ","0",0," "," ","0",0," "," ","0",0," "," ","0",0," "," ","0",0," "," ","0",0," "," ","0",0," "," ","0",0," "," ","0",0," "," ","0",0," "," ","0",0," "," ","0",0," "," ","0",0," "," ","0",0," "," ","0",0," "," ","0",0," "," ","0",0," "," ","0",0," "," ","0",0," "," ","0"
"539","USC00359461",1965,2,"PRCP",0,"T"," ","0",0," "," ","0",0," "," ","0",0," "," ","0",3," "," ","0",8," "," ","0",0," "," ","0",0,"T"," ","0",30," "," ","0",0," "," ","0",0," "," ","0",0," "," ","0",13," "," ","0",25," "," ","0",10," "," ","0",0," "," ","0",0," "," ","0",0," "," ","0",0,"T"," ","0",0," "," ","0",0," "," ","0",33," "," ","0",5," "," ","0",0," "," ","0",0," "," ","0",0," "," ","0",203," "," ","0",20," "," ","0",NA," "," "," ",NA," "," "," ",NA," "," "," "
"540","USC00359461",1965,2,"SNOW",0," "," ","0",0," "," ","0",0," "," ","0",0," "," ","0",0," "," ","0",0," "," ","0",0," "," ","0",0," "," ","0",0," "," ","0",0," "," ","0",0," "," ","0",0," "," ","0",0," "," ","0",0," "," ","0",0," "," ","0",0," "," ","0",0," "," ","0",0," "," ","0",0," "," ","0",0," "," ","0",0," "," ","0",0," "," ","0",0," "," ","0",0," "," ","0",0," "," ","0",0," "," ","0",0," "," ","0",0," "," ","0",NA," "," "," ",NA," "," "," ",NA," "," "," "
"541","USC00359461",1965,2,"SNWD",0," "," ","0",0," "," ","0",0," "," ","0",0," "," ","0",0," "," ","0",0," "," ","0",0," "," ","0",0," "," ","0",0," "," ","0",0," "," ","0",0," "," ","0",0," "," ","0",0," "," ","0",0," "," ","0",0," "," ","0",0," "," ","0",0," "," ","0",0," "," ","0",0," "," ","0",0," "," ","0",0," "," ","0",0," "," ","0",0," "," ","0",0," "," ","0",0," "," ","0",0," "," ","0",0," "," ","0",0," "," ","0",NA," "," "," ",NA," "," "," ",NA," "," "," "
"542","USC00359461",1965,3,"PRCP",3," "," ","0",0," "," ","0",0," "," ","0",0," "," ","0",0," "," ","0",0," "," ","0",0," "," ","0",0," "," ","0",0," "," ","0",0," "," ","0",0," "," ","0",0,"T"," ","0",0," "," ","0",0," "," ","0",0," "," ","0",0," "," ","0",0," "," ","0",0," "," ","0",0," "," ","0",0," "," ","0",0," "," ","0",0," "," ","0",0," "," ","0",0," "," ","0",0," "," ","0",51," "," ","0",28," "," ","0",0,"T"," ","0",0," "," ","0",8," "," ","0",23," "," ","0"
"543","USC00359461",1965,3,"SNOW",0," "," ","0",0," "," ","0",0," "," ","0",0," "," ","0",0," "," ","0",0," "," ","0",0," "," ","0",0," "," ","0",0," "," ","0",0," "," ","0",0," "," ","0",0," "," ","0",0," "," ","0",0," "," ","0",0," "," ","0",0," "," ","0",0," "," ","0",0," "," ","0",0," "," ","0",0," "," ","0",0," "," ","0",0," "," ","0",0," "," ","0",0," "," ","0",0," "," ","0",0," "," ","0",0," "," ","0",0," "," ","0",0," "," ","0",0," "," ","0",0," "," ","0"
"544","USC00359461",1965,3,"SNWD",0," "," ","0",0," "," ","0",0," "," ","0",0," "," ","0",0," "," ","0",0," "," ","0",0," "," ","0",0," "," ","0",0," "," ","0",0," "," ","0",0," "," ","0",0," "," ","0",0," "," ","0",0," "," ","0",0," "," ","0",0," "," ","0",0," "," ","0",0," "," ","0",0," "," ","0",0," "," ","0",0," "," ","0",0," "," ","0",0," "," ","0",0," "," ","0",0," "," ","0",0," "," ","0",0," "," ","0",0," "," ","0",0," "," ","0",0," "," ","0",0," "," ","0"
"545","USC00359461",1965,4,"PRCP",112," "," ","0",43," "," ","0",0," "," ","0",0," "," ","0",0," "," ","0",18," "," ","0",0," "," ","0",8," "," ","0",102," "," ","0",36," "," ","0",33," "," ","0",0," "," ","0",0," "," ","0",0,"T"," ","0",0," "," ","0",3," "," ","0",0,"T"," ","0",61," "," ","0",213," "," ","0",5," "," ","0",71," "," ","0",18," "," ","0",0,"T"," ","0",3," "," ","0",0," "," ","0",0," "," ","0",0," "," ","0",10," "," ","0",0,"T"," ","0",0," "," ","0",NA," "," "," "
"546","USC00359461",1965,4,"SNOW",0," "," ","0",0," "," ","0",0," "," ","0",0," "," ","0",0," "," ","0",0," "," ","0",0," "," ","0",0," "," ","0",0," "," ","0",0," "," ","0",0," "," ","0",0," "," ","0",0," "," ","0",0," "," ","0",0," "," ","0",0," "," ","0",0," "," ","0",0," "," ","0",0," "," ","0",0," "," ","0",0," "," ","0",0," "," ","0",0," "," ","0",0," "," ","0",0," "," ","0",0," "," ","0",0," "," ","0",0," "," ","0",0," "," ","0",0," "," ","0",NA," "," "," "
"547","USC00359461",1965,4,"SNWD",0," "," ","0",0," "," ","0",0," "," ","0",0," "," ","0",0," "," ","0",0," "," ","0",0," "," ","0",0," "," ","0",0," "," ","0",0," "," ","0",0," "," ","0",0," "," ","0",0," "," ","0",0," "," ","0",0," "," ","0",0," "," ","0",0," "," ","0",0," "," ","0",0," "," ","0",0," "," ","0",0," "," ","0",0," "," ","0",0," "," ","0",0," "," ","0",0," "," ","0",0," "," ","0",0," "," ","0",0," "," ","0",0," "," ","0",0," "," ","0",NA," "," "," "
"548","USC00359461",1965,5,"PRCP",5," "," ","0",10," "," ","0",3," "," ","0",0,"T"," ","0",18," "," ","0",30," "," ","0",0,"T"," ","0",0," "," ","0",0," "," ","0",0," "," ","0",0," "," ","0",0," "," ","0",0," "," ","0",0," "," ","0",0," "," ","0",15," "," ","0",0,"T"," ","0",0," "," ","0",18," "," ","0",48," "," ","0",0,"T"," ","0",3," "," ","0",0," "," ","0",0," "," ","0",0," "," ","0",0," "," ","0",0," "," ","0",0," "," ","0",0," "," ","0",0," "," ","0",0," "," ","0"
"549","USC00359461",1965,5,"SNOW",0," "," ","0",0," "," ","0",0," "," ","0",0," "," ","0",0," "," ","0",0," "," ","0",0," "," ","0",0," "," ","0",0," "," ","0",0," "," ","0",0," "," ","0",0," "," ","0",0," "," ","0",0," "," ","0",0," "," ","0",0," "," ","0",0," "," ","0",0," "," ","0",0," "," ","0",0," "," ","0",0," "," ","0",0," "," ","0",0," "," ","0",0," "," ","0",0," "," ","0",0," "," ","0",0," "," ","0",0," "," ","0",0," "," ","0",0," "," ","0",0," "," ","0"
"550","USC00359461",1965,5,"SNWD",0," "," ","0",0," "," ","0",0," "," ","0",0," "," ","0",0," "," ","0",0," "," ","0",0," "," ","0",0," "," ","0",0," "," ","0",0," "," ","0",0," "," ","0",0," "," ","0",0," "," ","0",0," "," ","0",0," "," ","0",0," "," ","0",0," "," ","0",0," "," ","0",0," "," ","0",0," "," ","0",0," "," ","0",0," "," ","0",0," "," ","0",0," "," ","0",0," "," ","0",0," "," ","0",0," "," ","0",0," "," ","0",0," "," ","0",0," "," ","0",0," "," ","0"
"551","USC00359461",1965,6,"PRCP",0," "," ","0",0," "," ","0",0," "," ","0",0," "," ","0",0," "," ","0",0," "," ","0",0," "," ","0",0," "," ","0",0," "," ","0",0," "," ","0",0," "," ","0",0,"T"," ","0",0," "," ","0",64," "," ","0",3," "," ","0",0,"T"," ","0",0," "," ","0",0," "," ","0",0," "," ","0",0," "," ","0",0," "," ","0",0," "," ","0",0," "," ","0",0," "," ","0",0," "," ","0",0," "," ","0",0," "," ","0",0," "," ","0",0," "," ","0",0," "," ","0",NA," "," "," "
"552","USC00359461",1965,6,"SNOW",0," "," ","0",0," "," ","0",0," "," ","0",0," "," ","0",0," "," ","0",0," "," ","0",0," "," ","0",0," "," ","0",0," "," ","0",0," "," ","0",0," "," ","0",0," "," ","0",0," "," ","0",0," "," ","0",0," "," ","0",0," "," ","0",0," "," ","0",0," "," ","0",0," "," ","0",0," "," ","0",0," "," ","0",0," "," ","0",0," "," ","0",0," "," ","0",0," "," ","0",0," "," ","0",0," "," ","0",0," "," ","0",0," "," ","0",0," "," ","0",NA," "," "," "
"553","USC00359461",1965,6,"SNWD",0," "," ","0",0," "," ","0",0," "," ","0",0," "," ","0",0," "," ","0",0," "," ","0",0," "," ","0",0," "," ","0",0," "," ","0",0," "," ","0",0," "," ","0",0," "," ","0",0," "," ","0",0," "," ","0",0," "," ","0",0," "," ","0",0," "," ","0",0," "," ","0",0," "," ","0",0," "," ","0",0," "," ","0",0," "," ","0",0," "," ","0",0," "," ","0",0," "," ","0",0," "," ","0",0," "," ","0",0," "," ","0",0," "," ","0",0," "," ","0",NA," "," "," "
"554","USC00359461",1965,7,"PRCP",0," "," ","0",0," "," ","0",0," "," ","0",0," "," ","0",0," "," ","0",0," "," ","0",0," "," ","0",0," "," ","0",0," "," ","0",0," "," ","0",0," "," ","0",0," "," ","0",0," "," ","0",0," "," ","0",0," "," ","0",0," "," ","0",0," "," ","0",0," "," ","0",0," "," ","0",0," "," ","0",5," "," ","0",0," "," ","0",0," "," ","0",0," "," ","0",0," "," ","0",25," "," ","0",0,"T"," ","0",0," "," ","0",0," "," ","0",0," "," ","0",0," "," ","0"
"555","USC00359461",1965,7,"SNOW",0," "," ","0",0," "," ","0",0," "," ","0",0," "," ","0",0," "," ","0",0," "," ","0",0," "," ","0",0," "," ","0",0," "," ","0",0," "," ","0",0," "," ","0",0," "," ","0",0," "," ","0",0," "," ","0",0," "," ","0",0," "," ","0",0," "," ","0",0," "," ","0",0," "," ","0",0," "," ","0",0," "," ","0",0," "," ","0",0," "," ","0",0," "," ","0",0," "," ","0",0," "," ","0",0," "," ","0",0," "," ","0",0," "," ","0",0," "," ","0",0," "," ","0"
"556","USC00359461",1965,7,"SNWD",0," "," ","0",0," "," ","0",0," "," ","0",0," "," ","0",0," "," ","0",0," "," ","0",0," "," ","0",0," "," ","0",0," "," ","0",0," "," ","0",0," "," ","0",0," "," ","0",0," "," ","0",0," "," ","0",0," "," ","0",0," "," ","0",0," "," ","0",0," "," ","0",0," "," ","0",0," "," ","0",0," "," ","0",0," "," ","0",0," "," ","0",0," "," ","0",0," "," ","0",0," "," ","0",0," "," ","0",0," "," ","0",0," "," ","0",0," "," ","0",0," "," ","0"
"557","USC00359461",1965,8,"PRCP",3," "," ","0",23," "," ","0",0," "," ","0",0," "," ","0",0," "," ","0",0," "," ","0",0," "," ","0",0," "," ","0",0," "," ","0",0," "," ","0",0," "," ","0",79," "," ","0",15," "," ","0",0," "," ","0",0," "," ","0",0," "," ","0",0," "," ","0",0," "," ","0",58," "," ","0",5," "," ","0",0," "," ","0",0," "," ","0",0," "," ","0",0," "," ","0",5," "," ","0",0,"T"," ","0",0," "," ","0",0," "," ","0",0," "," ","0",0," "," ","0",0," "," ","0"
"558","USC00359461",1965,8,"SNOW",0," "," ","0",0," "," ","0",0," "," ","0",0," "," ","0",0," "," ","0",0," "," ","0",0," "," ","0",0," "," ","0",0," "," ","0",0," "," ","0",0," "," ","0",0," "," ","0",0," "," ","0",0," "," ","0",0," "," ","0",0," "," ","0",0," "," ","0",0," "," ","0",0," "," ","0",0," "," ","0",0," "," ","0",0," "," ","0",0," "," ","0",0," "," ","0",0," "," ","0",0," "," ","0",0," "," ","0",0," "," ","0",0," "," ","0",0," "," ","0",0," "," ","0"
"559","USC00359461",1965,8,"SNWD",0," "," ","0",0," "," ","0",0," "," ","0",0," "," ","0",0," "," ","0",0," "," ","0",0," "," ","0",0," "," ","0",0," "," ","0",0," "," ","0",0," "," ","0",0," "," ","0",0," "," ","0",0," "," ","0",0," "," ","0",0," "," ","0",0," "," ","0",0," "," ","0",0," "," ","0",0," "," ","0",0," "," ","0",0," "," ","0",0," "," ","0",0," "," ","0",0," "," ","0",0," "," ","0",0," "," ","0",0," "," ","0",0," "," ","0",0," "," ","0",0," "," ","0"
"560","USC00359461",1965,9,"PRCP",0,"T"," ","0",0," "," ","0",0," "," ","0",0," "," ","0",0," "," ","0",0," "," ","0",0," "," ","0",0," "," ","0",0," "," ","0",0," "," ","0",0," "," ","0",0," "," ","0",0," "," ","0",0," "," ","0",0," "," ","0",0," "," ","0",0," "," ","0",0," "," ","0",0," "," ","0",0," "," ","0",0," "," ","0",0," "," ","0",0," "," ","0",0," "," ","0",0," "," ","0",0," "," ","0",0," "," ","0",0,"T"," ","0",0," "," ","0",0," "," ","0",NA," "," "," "
"561","USC00359461",1965,9,"SNOW",0," "," ","0",0," "," ","0",0," "," ","0",0," "," ","0",0," "," ","0",0," "," ","0",0," "," ","0",0," "," ","0",0," "," ","0",0," "," ","0",0," "," ","0",0," "," ","0",0," "," ","0",0," "," ","0",0," "," ","0",0," "," ","0",0," "," ","0",0," "," ","0",0," "," ","0",0," "," ","0",0," "," ","0",0," "," ","0",0," "," ","0",0," "," ","0",0," "," ","0",0," "," ","0",0," "," ","0",0," "," ","0",0," "," ","0",0," "," ","0",NA," "," "," "
"562","USC00359461",1965,9,"SNWD",0," "," ","0",0," "," ","0",0," "," ","0",0," "," ","0",0," "," ","0",0," "," ","0",0," "," ","0",0," "," ","0",0," "," ","0",0," "," ","0",0," "," ","0",0," "," ","0",0," "," ","0",0," "," ","0",0," "," ","0",0," "," ","0",0," "," ","0",0," "," ","0",0," "," ","0",0," "," ","0",0," "," ","0",0," "," ","0",0," "," ","0",0," "," ","0",0," "," ","0",0," "," ","0",0," "," ","0",0," "," ","0",0," "," ","0",0," "," ","0",NA," "," "," "
"563","USC00359461",1965,10,"PRCP",0," "," ","0",0," "," ","0",0," "," ","0",0," "," ","0",91," "," ","0",0," "," ","0",0," "," ","0",0,"T"," ","0",0," "," ","0",0,"T"," ","0",0,"T"," ","0",0,"T"," ","0",5," "," ","0",25," "," ","0",86," "," ","0",30," "," ","0",23," "," ","0",20," "," ","0",107," "," ","0",0,"T"," ","0",0," "," ","0",0," "," ","0",0," "," ","0",0," "," ","0",0," "," ","0",0," "," ","0",0," "," ","0",53," "," ","0",0,"T"," ","0",0,"T"," ","0",0,"T"," ","0"
"564","USC00359461",1965,10,"SNOW",0," "," ","0",0," "," ","0",0," "," ","0",0," "," ","0",0," "," ","0",0," "," ","0",0," "," ","0",0," "," ","0",0," "," ","0",0," "," ","0",0," "," ","0",0," "," ","0",0," "," ","0",0," "," ","0",0," "," ","0",0," "," ","0",0," "," ","0",0," "," ","0",0," "," ","0",0," "," ","0",0," "," ","0",0," "," ","0",0," "," ","0",0," "," ","0",0," "," ","0",0," "," ","0",0," "," ","0",0," "," ","0",0," "," ","0",0," "," ","0",0," "," ","0"
"565","USC00359461",1965,10,"SNWD",0," "," ","0",0," "," ","0",0," "," ","0",0," "," ","0",0," "," ","0",0," "," ","0",0," "," ","0",0," "," ","0",0," "," ","0",0," "," ","0",0," "," ","0",0," "," ","0",0," "," ","0",0," "," ","0",0," "," ","0",0," "," ","0",0," "," ","0",0," "," ","0",0," "," ","0",0," "," ","0",0," "," ","0",0," "," ","0",0," "," ","0",0," "," ","0",0," "," ","0",0," "," ","0",0," "," ","0",0," "," ","0",0," "," ","0",0," "," ","0",0," "," ","0"
"566","USC00359461",1965,11,"PRCP",0,"T"," ","0",0," "," ","0",36," "," ","0",259," "," ","0",0," "," ","0",0,"T"," ","0",5," "," ","0",46," "," ","0",10," "," ","0",36," "," ","0",74," "," ","0",163," "," ","0",33," "," ","0",5," "," ","0",0,"T"," ","0",0,"T"," ","0",0," "," ","0",69," "," ","0",25," "," ","0",36," "," ","0",18," "," ","0",0,"T"," ","0",76," "," ","0",20," "," ","0",18," "," ","0",3," "," ","0",203," "," ","0",0,"T"," ","0",0,"T"," ","0",0,"T"," ","0",NA," "," "," "
"567","USC00359461",1965,11,"SNOW",0," "," ","0",0," "," ","0",0," "," ","0",0," "," ","0",0," "," ","0",0," "," ","0",0," "," ","0",0," "," ","0",0," "," ","0",0," "," ","0",0," "," ","0",0," "," ","0",0," "," ","0",0," "," ","0",0," "," ","0",0," "," ","0",0," "," ","0",0," "," ","0",0," "," ","0",0," "," ","0",0," "," ","0",0," "," ","0",0," "," ","0",0," "," ","0",0," "," ","0",0," "," ","0",0," "," ","0",0," "," ","0",0," "," ","0",0," "," ","0",NA," "," "," "
"568","USC00359461",1965,11,"SNWD",0," "," ","0",0," "," ","0",0," "," ","0",0," "," ","0",0," "," ","0",0," "," ","0",0," "," ","0",0," "," ","0",0," "," ","0",0," "," ","0",0," "," ","0",0," "," ","0",0," "," ","0",0," "," ","0",0," "," ","0",0," "," ","0",0," "," ","0",0," "," ","0",0," "," ","0",0," "," ","0",0," "," ","0",0," "," ","0",0," "," ","0",0," "," ","0",0," "," ","0",0," "," ","0",0," "," ","0",0," "," ","0",0," "," ","0",0," "," ","0",NA," "," "," "
"569","USC00359461",1965,12,"PRCP",0,"T"," ","0",0,"T"," ","0",0," "," ","0",97," "," ","0",8," "," ","0",3," "," ","0",10," "," ","0",10," "," ","0",0,"T"," ","0",23," "," ","0",10," "," ","0",5," "," ","0",5," "," ","0",13," "," ","0",0," "," ","0",0," "," ","0",0," "," ","0",0," "," ","0",0," "," ","0",0," "," ","0",64," "," ","0",33," "," ","0",5," "," ","0",295," "," ","0",53," "," ","0",28," "," ","0",3," "," ","0",770," "," ","0",119," "," ","0",198," "," ","0",51," "," ","0"
"570","USC00359461",1965,12,"SNOW",0," "," ","0",0," "," ","0",0," "," ","0",0," "," ","0",0," "," ","0",0," "," ","0",0," "," ","0",0," "," ","0",0," "," ","0",0," "," ","0",0," "," ","0",0," "," ","0",0," "," ","0",0," "," ","0",0," "," ","0",0," "," ","0",0," "," ","0",0," "," ","0",0," "," ","0",0," "," ","0",0," "," ","0",0," "," ","0",0," "," ","0",13," "," ","0",0," "," ","0",0,"T"," ","0",0," "," ","0",0," "," ","0",0," "," ","0",18," "," ","0",0,"T"," ","0"
"571","USC00359461",1965,12,"SNWD",0," "," ","0",0," "," ","0",0," "," ","0",0," "," ","0",0," "," ","0",0," "," ","0",0," "," ","0",0," "," ","0",0," "," ","0",0," "," ","0",0," "," ","0",0," "," ","0",0," "," ","0",0," "," ","0",0," "," ","0",0," "," ","0",0," "," ","0",0," "," ","0",0," "," ","0",0," "," ","0",0," "," ","0",0," "," ","0",0," "," ","0",0," "," ","0",0," "," ","0",0,"T"," ","0",0," "," ","0",0," "," ","0",0," "," ","0",25," "," ","0",25," "," ","0"
"572","USC00359461",1966,1,"PRCP",51," "," ","0",89," "," ","0",343," "," ","0",505," "," ","0",20," "," ","0",236," "," ","0",76," "," ","0",64," "," ","0",30," "," ","0",0,"T"," ","0",10," "," ","0",0," "," ","0",13," "," ","0",8," "," ","0",41," "," ","0",0,"T"," ","0",0," "," ","0",0," "," ","0",0," "," ","0",0," "," ","0",0," "," ","0",20," "," ","0",0,"T"," ","0",0,"T"," ","0",0," "," ","0",0," "," ","0",0," "," ","0",0," "," ","0",0," "," ","0",64," "," ","0",30," "," ","0"
"573","USC00359461",1966,1,"SNOW",0,"T"," ","0",0," "," ","0",0," "," ","0",0," "," ","0",0," "," ","0",0," "," ","0",0," "," ","0",0," "," ","0",0," "," ","0",0," "," ","0",0," "," ","0",0," "," ","0",0," "," ","0",0," "," ","0",0," "," ","0",0," "," ","0",0," "," ","0",0," "," ","0",0," "," ","0",0," "," ","0",0," "," ","0",0,"T"," ","0",0," "," ","0",0," "," ","0",0," "," ","0",0," "," ","0",0," "," ","0",0," "," ","0",0," "," ","0",0," "," ","0",0," "," ","0"
"574","USC00359461",1966,1,"SNWD",25," "," ","0",0," "," ","0",0," "," ","0",0," "," ","0",0," "," ","0",0," "," ","0",0," "," ","0",0," "," ","0",0," "," ","0",0," "," ","0",0," "," ","0",0," "," ","0",0," "," ","0",0," "," ","0",0," "," ","0",0," "," ","0",0," "," ","0",0," "," ","0",0," "," ","0",0," "," ","0",0," "," ","0",0," "," ","0",0," "," ","0",0," "," ","0",0," "," ","0",0," "," ","0",0," "," ","0",0," "," ","0",0," "," ","0",0," "," ","0",0," "," ","0"
"575","USC00359461",1966,2,"PRCP",8," "," ","0",0," "," ","0",0,"T"," ","0",0,"T"," ","0",30," "," ","0",28," "," ","0",18," "," ","0",3," "," ","0",23," "," ","0",157," "," ","0",0,"T"," ","0",61," "," ","0",0,"T"," ","0",0,"T"," ","0",8," "," ","0",3," "," ","0",0," "," ","0",0," "," ","0",0,"T"," ","0",30," "," ","0",0,"T"," ","0",0,"T"," ","0",28," "," ","0",0,"T"," ","0",3," "," ","0",23," "," ","0",13," "," ","0",8," "," ","0",NA," "," "," ",NA," "," "," ",NA," "," "," "
"576","USC00359461",1966,2,"SNOW",0," "," ","0",0," "," ","0",0," "," ","0",0," "," ","0",0," "," ","0",0," "," ","0",0," "," ","0",0," "," ","0",0," "," ","0",0," "," ","0",0," "," ","0",0," "," ","0",0," "," ","0",0," "," ","0",0," "," ","0",0," "," ","0",0," "," ","0",0," "," ","0",0," "," ","0",0," "," ","0",0," "," ","0",0," "," ","0",0," "," ","0",0," "," ","0",0," "," ","0",0," "," ","0",0," "," ","0",0," "," ","0",NA," "," "," ",NA," "," "," ",NA," "," "," "
"577","USC00359461",1966,2,"SNWD",0," "," ","0",0," "," ","0",0," "," ","0",0," "," ","0",0," "," ","0",0," "," ","0",0," "," ","0",0," "," ","0",0," "," ","0",0," "," ","0",0," "," ","0",0," "," ","0",0," "," ","0",0," "," ","0",0," "," ","0",0," "," ","0",0," "," ","0",0," "," ","0",0," "," ","0",0," "," ","0",0," "," ","0",0," "," ","0",0," "," ","0",0," "," ","0",0," "," ","0",0," "," ","0",0," "," ","0",0," "," ","0",NA," "," "," ",NA," "," "," ",NA," "," "," "
"578","USC00359461",1966,3,"PRCP",48," "," ","0",23," "," ","0",15," "," ","0",3," "," ","0",15," "," ","0",13," "," ","0",74," "," ","0",64," "," ","0",122," "," ","0",175," "," ","0",0,"T"," ","0",15," "," ","0",43," "," ","0",3," "," ","0",28," "," ","0",46," "," ","0",33," "," ","0",0,"T"," ","0",58," "," ","0",124," "," ","0",236," "," ","0",10," "," ","0",3," "," ","0",0," "," ","0",0," "," ","0",0," "," ","0",0,"T"," ","0",0," "," ","0",0," "," ","0",0," "," ","0",0," "," ","0"
"579","USC00359461",1966,3,"SNOW",0,"T"," ","0",0,"T"," ","0",0," "," ","0",0," "," ","0",0," "," ","0",0," "," ","0",0," "," ","0",0," "," ","0",0," "," ","0",0," "," ","0",0," "," ","0",0," "," ","0",0," "," ","0",0," "," ","0",0," "," ","0",0," "," ","0",0," "," ","0",0," "," ","0",0," "," ","0",0," "," ","0",0," "," ","0",0," "," ","0",0," "," ","0",0," "," ","0",0," "," ","0",0," "," ","0",0," "," ","0",0," "," ","0",0," "," ","0",0," "," ","0",0," "," ","0"
"580","USC00359461",1966,3,"SNWD",0,"T"," ","0",0,"T"," ","0",0," "," ","0",0," "," ","0",0," "," ","0",0," "," ","0",0," "," ","0",0," "," ","0",0," "," ","0",0," "," ","0",0," "," ","0",0," "," ","0",0," "," ","0",0," "," ","0",0," "," ","0",0," "," ","0",0," "," ","0",0," "," ","0",0," "," ","0",0," "," ","0",0," "," ","0",0," "," ","0",0," "," ","0",0," "," ","0",0," "," ","0",0," "," ","0",0," "," ","0",0," "," ","0",0," "," ","0",0," "," ","0",0," "," ","0"
"581","USC00359461",1966,4,"PRCP",0," "," ","0",0,"T"," ","0",0," "," ","0",0," "," ","0",0," "," ","0",0," "," ","0",0," "," ","0",0," "," ","0",23," "," ","0",91," "," ","0",38," "," ","0",18," "," ","0",0,"T"," ","0",0," "," ","0",0," "," ","0",0," "," ","0",0," "," ","0",0," "," ","0",0," "," ","0",0," "," ","0",0," "," ","0",0," "," ","0",0," "," ","0",0," "," ","0",0," "," ","0",0," "," ","0",0," "," ","0",0," "," ","0",0," "," ","0",0," "," ","0",NA," "," "," "
"582","USC00359461",1966,4,"SNOW",0," "," ","0",0," "," ","0",0," "," ","0",0," "," ","0",0," "," ","0",0," "," ","0",0," "," ","0",0," "," ","0",0," "," ","0",0," "," ","0",0," "," ","0",0," "," ","0",0," "," ","0",0," "," ","0",0," "," ","0",0," "," ","0",0," "," ","0",0," "," ","0",0," "," ","0",0," "," ","0",0," "," ","0",0," "," ","0",0," "," ","0",0," "," ","0",0," "," ","0",0," "," ","0",0," "," ","0",0," "," ","0",0," "," ","0",0," "," ","0",NA," "," "," "
"583","USC00359461",1966,4,"SNWD",0," "," ","0",0," "," ","0",0," "," ","0",0," "," ","0",0," "," ","0",0," "," ","0",0," "," ","0",0," "," ","0",0," "," ","0",0," "," ","0",0," "," ","0",0," "," ","0",0," "," ","0",0," "," ","0",0," "," ","0",0," "," ","0",0," "," ","0",0," "," ","0",0," "," ","0",0," "," ","0",0," "," ","0",0," "," ","0",0," "," ","0",0," "," ","0",0," "," ","0",0," "," ","0",0," "," ","0",0," "," ","0",0," "," ","0",0," "," ","0",NA," "," "," "
"584","USC00359461",1966,5,"PRCP",0," "," ","0",0," "," ","0",0," "," ","0",0," "," ","0",0," "," ","0",46," "," ","0",8," "," ","0",0," "," ","0",0," "," ","0",0," "," ","0",0," "," ","0",0," "," ","0",0," "," ","0",0," "," ","0",0," "," ","0",25," "," ","0",0," "," ","0",0," "," ","0",0," "," ","0",0," "," ","0",0," "," ","0",0," "," ","0",0," "," ","0",0," "," ","0",0," "," ","0",0," "," ","0",0," "," ","0",0," "," ","0",0," "," ","0",8," "," ","0",0,"T"," ","0"
"585","USC00359461",1966,5,"SNOW",0," "," ","0",0," "," ","0",0," "," ","0",0," "," ","0",0," "," ","0",0," "," ","0",0," "," ","0",0," "," ","0",0," "," ","0",0," "," ","0",0," "," ","0",0," "," ","0",0," "," ","0",0," "," ","0",0," "," ","0",0," "," ","0",0," "," ","0",0," "," ","0",0," "," ","0",0," "," ","0",0," "," ","0",0," "," ","0",0," "," ","0",0," "," ","0",0," "," ","0",0," "," ","0",0," "," ","0",0," "," ","0",0," "," ","0",0," "," ","0",0," "," ","0"
"586","USC00359461",1966,5,"SNWD",0," "," ","0",0," "," ","0",0," "," ","0",0," "," ","0",0," "," ","0",0," "," ","0",0," "," ","0",0," "," ","0",0," "," ","0",0," "," ","0",0," "," ","0",0," "," ","0",0," "," ","0",0," "," ","0",0," "," ","0",0," "," ","0",0," "," ","0",0," "," ","0",0," "," ","0",0," "," ","0",0," "," ","0",0," "," ","0",0," "," ","0",0," "," ","0",0," "," ","0",0," "," ","0",0," "," ","0",0," "," ","0",0," "," ","0",0," "," ","0",0," "," ","0"
"587","USC00359461",1966,6,"PRCP",0," "," ","0",8," "," ","0",107," "," ","0",0,"T"," ","0",0," "," ","0",0,"T"," ","0",3," "," ","0",0," "," ","0",0," "," ","0",0," "," ","0",0,"T"," ","0",0," "," ","0",0," "," ","0",0," "," ","0",0," "," ","0",20," "," ","0",0," "," ","0",0," "," ","0",0," "," ","0",0," "," ","0",0," "," ","0",0,"T"," ","0",0," "," ","0",0," "," ","0",0," "," ","0",0," "," ","0",0," "," ","0",0," "," ","0",3," "," ","0",0," "," ","0",NA," "," "," "
"588","USC00359461",1966,6,"SNOW",0," "," ","0",0," "," ","0",0," "," ","0",0," "," ","0",0," "," ","0",0," "," ","0",0," "," ","0",0," "," ","0",0," "," ","0",0," "," ","0",0," "," ","0",0," "," ","0",0," "," ","0",0," "," ","0",0," "," ","0",0," "," ","0",0," "," ","0",0," "," ","0",0," "," ","0",0," "," ","0",0," "," ","0",0," "," ","0",0," "," ","0",0," "," ","0",0," "," ","0",0," "," ","0",0," "," ","0",0," "," ","0",0," "," ","0",0," "," ","0",NA," "," "," "
"589","USC00359461",1966,6,"SNWD",0," "," ","0",0," "," ","0",0," "," ","0",0," "," ","0",0," "," ","0",0," "," ","0",0," "," ","0",0," "," ","0",0," "," ","0",0," "," ","0",0," "," ","0",0," "," ","0",0," "," ","0",0," "," ","0",0," "," ","0",0," "," ","0",0," "," ","0",0," "," ","0",0," "," ","0",0," "," ","0",0," "," ","0",0," "," ","0",0," "," ","0",0," "," ","0",0," "," ","0",0," "," ","0",0," "," ","0",0," "," ","0",0," "," ","0",0," "," ","0",NA," "," "," "
"590","USC00359461",1966,7,"PRCP",38," "," ","0",175," "," ","0",117," "," ","0",0," "," ","0",0," "," ","0",0,"T"," ","0",0," "," ","0",0," "," ","0",0," "," ","0",41," "," ","0",0," "," ","0",0," "," ","0",0," "," ","0",0," "," ","0",0," "," ","0",0," "," ","0",0," "," ","0",0," "," ","0",0," "," ","0",0," "," ","0",0," "," ","0",0," "," ","0",0," "," ","0",0," "," ","0",0," "," ","0",0," "," ","0",0," "," ","0",0," "," ","0",0," "," ","0",0," "," ","0",0," "," ","0"
"591","USC00359461",1966,7,"SNOW",0," "," ","0",0," "," ","0",0," "," ","0",0," "," ","0",0," "," ","0",0," "," ","0",0," "," ","0",0," "," ","0",0," "," ","0",0," "," ","0",0," "," ","0",0," "," ","0",0," "," ","0",0," "," ","0",0," "," ","0",0," "," ","0",0," "," ","0",0," "," ","0",0," "," ","0",0," "," ","0",0," "," ","0",0," "," ","0",0," "," ","0",0," "," ","0",0," "," ","0",0," "," ","0",0," "," ","0",0," "," ","0",0," "," ","0",0," "," ","0",0," "," ","0"
"592","USC00359461",1966,7,"SNWD",0," "," ","0",0," "," ","0",0," "," ","0",0," "," ","0",0," "," ","0",0," "," ","0",0," "," ","0",0," "," ","0",0," "," ","0",0," "," ","0",0," "," ","0",0," "," ","0",0," "," ","0",0," "," ","0",0," "," ","0",0," "," ","0",0," "," ","0",0," "," ","0",0," "," ","0",0," "," ","0",0," "," ","0",0," "," ","0",0," "," ","0",0," "," ","0",0," "," ","0",0," "," ","0",0," "," ","0",0," "," ","0",0," "," ","0",0," "," ","0",0," "," ","0"
"593","USC00359461",1966,8,"PRCP",0," "," ","0",0," "," ","0",0," "," ","0",0," "," ","0",0," "," ","0",0," "," ","0",0," "," ","0",0," "," ","0",0," "," ","0",0," "," ","0",0," "," ","0",0," "," ","0",0," "," ","0",0," "," ","0",0," "," ","0",0," "," ","0",0," "," ","0",0," "," ","0",0," "," ","0",0," "," ","0",0," "," ","0",0," "," ","0",0," "," ","0",0," "," ","0",0," "," ","0",0,"T"," ","0",0," "," ","0",0,"T"," ","0",0," "," ","0",8," "," ","0",0," "," ","0"
"594","USC00359461",1966,8,"SNOW",0," "," ","0",0," "," ","0",0," "," ","0",0," "," ","0",0," "," ","0",0," "," ","0",0," "," ","0",0," "," ","0",0," "," ","0",0," "," ","0",0," "," ","0",0," "," ","0",0," "," ","0",0," "," ","0",0," "," ","0",0," "," ","0",0," "," ","0",0," "," ","0",0," "," ","0",0," "," ","0",0," "," ","0",0," "," ","0",0," "," ","0",0," "," ","0",0," "," ","0",0," "," ","0",0," "," ","0",0," "," ","0",0," "," ","0",0," "," ","0",0," "," ","0"
"595","USC00359461",1966,8,"SNWD",0," "," ","0",0," "," ","0",0," "," ","0",0," "," ","0",0," "," ","0",0," "," ","0",0," "," ","0",0," "," ","0",0," "," ","0",0," "," ","0",0," "," ","0",0," "," ","0",0," "," ","0",0," "," ","0",0," "," ","0",0," "," ","0",0," "," ","0",0," "," ","0",0," "," ","0",0," "," ","0",0," "," ","0",0," "," ","0",0," "," ","0",0," "," ","0",0," "," ","0",0," "," ","0",0," "," ","0",0," "," ","0",0," "," ","0",0," "," ","0",0," "," ","0"
"596","USC00359461",1966,9,"PRCP",0," "," ","0",0," "," ","0",0," "," ","0",0," "," ","0",0," "," ","0",0," "," ","0",0," "," ","0",0," "," ","0",0," "," ","0",0," "," ","0",0,"T"," ","0",0,"T"," ","0",3," "," ","0",25," "," ","0",0,"T"," ","0",0," "," ","0",0," "," ","0",211," "," ","0",15," "," ","0",0," "," ","0",0," "," ","0",0," "," ","0",20," "," ","0",0,"T"," ","0",10," "," ","0",30," "," ","0",0," "," ","0",0," "," ","0",0," "," ","0",0," "," ","0",NA," "," "," "
"597","USC00359461",1966,9,"SNOW",0," "," ","0",0," "," ","0",0," "," ","0",0," "," ","0",0," "," ","0",0," "," ","0",0," "," ","0",0," "," ","0",0," "," ","0",0," "," ","0",0," "," ","0",0," "," ","0",0," "," ","0",0," "," ","0",0," "," ","0",0," "," ","0",0," "," ","0",0," "," ","0",0," "," ","0",0," "," ","0",0," "," ","0",0," "," ","0",0," "," ","0",0," "," ","0",0," "," ","0",0," "," ","0",0," "," ","0",0," "," ","0",0," "," ","0",0," "," ","0",NA," "," "," "
"598","USC00359461",1966,9,"SNWD",0," "," ","0",0," "," ","0",0," "," ","0",0," "," ","0",0," "," ","0",0," "," ","0",0," "," ","0",0," "," ","0",0," "," ","0",0," "," ","0",0," "," ","0",0," "," ","0",0," "," ","0",0," "," ","0",0," "," ","0",0," "," ","0",0," "," ","0",0," "," ","0",0," "," ","0",0," "," ","0",0," "," ","0",0," "," ","0",0," "," ","0",0," "," ","0",0," "," ","0",0," "," ","0",0," "," ","0",0," "," ","0",0," "," ","0",0," "," ","0",NA," "," "," "
"599","USC00359461",1966,10,"PRCP",0," "," ","0",0,"T"," ","0",0," "," ","0",0," "," ","0",0," "," ","0",0," "," ","0",0,"T"," ","0",0," "," ","0",0,"T"," ","0",0," "," ","0",0," "," ","0",15," "," ","0",58," "," ","0",0," "," ","0",10," "," ","0",0," "," ","0",0," "," ","0",0," "," ","0",0," "," ","0",43," "," ","0",109," "," ","0",84," "," ","0",64," "," ","0",3," "," ","0",0,"T"," ","0",0,"T"," ","0",23," "," ","0",0,"T"," ","0",0," "," ","0",0,"T"," ","0",0," "," ","0"
"600","USC00359461",1966,10,"SNOW",0," "," ","0",0," "," ","0",0," "," ","0",0," "," ","0",0," "," ","0",0," "," ","0",0," "," ","0",0," "," ","0",0," "," ","0",0," "," ","0",0," "," ","0",0," "," ","0",0," "," ","0",0," "," ","0",0," "," ","0",0," "," ","0",0," "," ","0",0," "," ","0",0," "," ","0",0," "," ","0",0," "," ","0",0," "," ","0",0," "," ","0",0," "," ","0",0," "," ","0",0," "," ","0",0," "," ","0",0," "," ","0",0," "," ","0",0," "," ","0",0," "," ","0"
"601","USC00359461",1966,10,"SNWD",0," "," ","0",0," "," ","0",0," "," ","0",0," "," ","0",0," "," ","0",0," "," ","0",0," "," ","0",0," "," ","0",0," "," ","0",0," "," ","0",0," "," ","0",0," "," ","0",0," "," ","0",0," "," ","0",0," "," ","0",0," "," ","0",0," "," ","0",0," "," ","0",0," "," ","0",0," "," ","0",0," "," ","0",0," "," ","0",0," "," ","0",0," "," ","0",0," "," ","0",0," "," ","0",0," "," ","0",0," "," ","0",0," "," ","0",0," "," ","0",0," "," ","0"
"602","USC00359461",1966,11,"PRCP",0,"T"," ","0",0,"T"," ","0",0,"T"," ","0",0," "," ","0",0," "," ","0",91," "," ","0",0,"T"," ","0",5," "," ","0",0,"T"," ","0",81," "," ","0",178," "," ","0",28," "," ","0",8," "," ","0",361," "," ","0",343," "," ","0",330," "," ","0",0,"T"," ","0",0," "," ","0",48," "," ","0",259," "," ","0",71," "," ","0",38," "," ","0",0,"T"," ","0",0," "," ","0",0,"T"," ","0",30," "," ","0",0,"T"," ","0",25," "," ","0",36," "," ","0",3," "," ","0",NA," "," "," "
"603","USC00359461",1966,11,"SNOW",0," "," ","0",0," "," ","0",0," "," ","0",0," "," ","0",0," "," ","0",0," "," ","0",0," "," ","0",0," "," ","0",0," "," ","0",0," "," ","0",0," "," ","0",0," "," ","0",0," "," ","0",0," "," ","0",0," "," ","0",0," "," ","0",0," "," ","0",0," "," ","0",0," "," ","0",0," "," ","0",0," "," ","0",0," "," ","0",0," "," ","0",0," "," ","0",0," "," ","0",0," "," ","0",0," "," ","0",0," "," ","0",0," "," ","0",0," "," ","0",NA," "," "," "
"604","USC00359461",1966,11,"SNWD",0," "," ","0",0," "," ","0",0," "," ","0",0," "," ","0",0," "," ","0",0," "," ","0",0," "," ","0",0," "," ","0",0," "," ","0",0," "," ","0",0," "," ","0",0," "," ","0",0," "," ","0",0," "," ","0",0," "," ","0",0," "," ","0",0," "," ","0",0," "," ","0",0," "," ","0",0," "," ","0",0," "," ","0",0," "," ","0",0," "," ","0",0," "," ","0",0," "," ","0",0," "," ","0",0," "," ","0",0," "," ","0",0," "," ","0",0," "," ","0",NA," "," "," "
"605","USC00359461",1966,12,"PRCP",155," "," ","0",79," "," ","0",10," "," ","0",130," "," ","0",353," "," ","0",3," "," ","0",157," "," ","0",208," "," ","0",30," "," ","0",74," "," ","0",3," "," ","0",46," "," ","0",36," "," ","0",64," "," ","0",0," "," ","0",0," "," ","0",0,"T"," ","0",0," "," ","0",0,"T"," ","0",43," "," ","0",20," "," ","0",0," "," ","0",5," "," ","0",8," "," ","0",18," "," ","0",15," "," ","0",0," "," ","0",0," "," ","0",0,"T"," ","0",5," "," ","0",0," "," ","0"
"606","USC00359461",1966,12,"SNOW",0," "," ","0",0," "," ","0",0," "," ","0",0," "," ","0",0," "," ","0",0," "," ","0",0," "," ","0",0," "," ","0",0," "," ","0",0," "," ","0",0," "," ","0",0," "," ","0",0," "," ","0",0," "," ","0",0," "," ","0",0," "," ","0",0," "," ","0",0," "," ","0",0," "," ","0",0," "," ","0",0," "," ","0",0," "," ","0",0," "," ","0",0," "," ","0",0," "," ","0",0," "," ","0",0," "," ","0",0," "," ","0",0," "," ","0",0," "," ","0",0," "," ","0"
"607","USC00359461",1966,12,"SNWD",0," "," ","0",0," "," ","0",0," "," ","0",0," "," ","0",0," "," ","0",0," "," ","0",0," "," ","0",0," "," ","0",0," "," ","0",0," "," ","0",0," "," ","0",0," "," ","0",0," "," ","0",0," "," ","0",0," "," ","0",0," "," ","0",0," "," ","0",0," "," ","0",0," "," ","0",0," "," ","0",0," "," ","0",0," "," ","0",0," "," ","0",0," "," ","0",0," "," ","0",0," "," ","0",0," "," ","0",0," "," ","0",0," "," ","0",0," "," ","0",0," "," ","0"
"608","USC00359461",1967,1,"PRCP",15," "," ","0",5," "," ","0",3," "," ","0",18," "," ","0",155," "," ","0",43," "," ","0",13," "," ","0",0," "," ","0",0,"T"," ","0",0," "," ","0",51," "," ","0",3," "," ","0",28," "," ","0",0,"T"," ","0",0,"T"," ","0",13," "," ","0",0," "," ","0",0," "," ","0",0," "," ","0",213," "," ","0",201," "," ","0",71," "," ","0",5," "," ","0",3," "," ","0",15," "," ","0",218," "," ","0",43," "," ","0",348," "," ","0",56," "," ","0",0,"T"," ","0",124," "," ","0"
"609","USC00359461",1967,1,"SNOW",0," "," ","0",0," "," ","0",0," "," ","0",0," "," ","0",0,"T"," ","0",0," "," ","0",0," "," ","0",0," "," ","0",0," "," ","0",0," "," ","0",0," "," ","0",0," "," ","0",0," "," ","0",0," "," ","0",0," "," ","0",0," "," ","0",0," "," ","0",0," "," ","0",0," "," ","0",0," "," ","0",0," "," ","0",0," "," ","0",0," "," ","0",0," "," ","0",0," "," ","0",0," "," ","0",0," "," ","0",0," "," ","0",0," "," ","0",0," "," ","0",0," "," ","0"
"610","USC00359461",1967,1,"SNWD",0," "," ","0",0," "," ","0",0," "," ","0",0," "," ","0",0,"T"," ","0",0," "," ","0",0," "," ","0",0," "," ","0",0," "," ","0",0," "," ","0",0," "," ","0",0," "," ","0",0," "," ","0",0," "," ","0",0," "," ","0",0," "," ","0",0," "," ","0",0," "," ","0",0," "," ","0",0," "," ","0",0," "," ","0",0," "," ","0",0," "," ","0",0," "," ","0",0," "," ","0",0," "," ","0",0," "," ","0",0," "," ","0",0," "," ","0",0," "," ","0",0," "," ","0"
"611","USC00359461",1967,2,"PRCP",5," "," ","0",8," "," ","0",0,"T"," ","0",0," "," ","0",0," "," ","0",0," "," ","0",0," "," ","0",0," "," ","0",0," "," ","0",0," "," ","0",0," "," ","0",8," "," ","0",13," "," ","0",132," "," ","0",84," "," ","0",18," "," ","0",25," "," ","0",15," "," ","0",0,"T"," ","0",0,"T"," ","0",0," "," ","0",0,"T"," ","0",0," "," ","0",0," "," ","0",43," "," ","0",3," "," ","0",0," "," ","0",0," "," ","0",NA," "," "," ",NA," "," "," ",NA," "," "," "
"612","USC00359461",1967,2,"SNOW",0," "," ","0",0," "," ","0",0," "," ","0",0," "," ","0",0," "," ","0",0," "," ","0",0," "," ","0",0," "," ","0",0," "," ","0",0," "," ","0",0," "," ","0",0," "," ","0",0," "," ","0",0," "," ","0",0," "," ","0",0," "," ","0",0," "," ","0",0," "," ","0",0," "," ","0",0," "," ","0",0," "," ","0",0," "," ","0",0," "," ","0",0," "," ","0",0," "," ","0",0," "," ","0",0," "," ","0",0," "," ","0",NA," "," "," ",NA," "," "," ",NA," "," "," "
"613","USC00359461",1967,2,"SNWD",0," "," ","0",0," "," ","0",0," "," ","0",0," "," ","0",0," "," ","0",0," "," ","0",0," "," ","0",0," "," ","0",0," "," ","0",0," "," ","0",0," "," ","0",0," "," ","0",0," "," ","0",0," "," ","0",0," "," ","0",0," "," ","0",0," "," ","0",0," "," ","0",0," "," ","0",0," "," ","0",0," "," ","0",0," "," ","0",0," "," ","0",0," "," ","0",0," "," ","0",0," "," ","0",0," "," ","0",0," "," ","0",NA," "," "," ",NA," "," "," ",NA," "," "," "
"614","USC00359461",1967,3,"PRCP",56," "," ","0",36," "," ","0",18," "," ","0",0," "," ","0",0," "," ","0",0," "," ","0",0," "," ","0",0," "," ","0",0,"T"," ","0",114," "," ","0",41," "," ","0",3," "," ","0",41," "," ","0",0,"T"," ","0",0,"T"," ","0",46," "," ","0",0,"T"," ","0",41," "," ","0",0,"T"," ","0",8," "," ","0",10," "," ","0",3," "," ","0",38," "," ","0",56," "," ","0",13," "," ","0",10," "," ","0",0,"T"," ","0",5," "," ","0",84," "," ","0",13," "," ","0",20," "," ","0"
"615","USC00359461",1967,3,"SNOW",0," "," ","0",0," "," ","0",0," "," ","0",0," "," ","0",0," "," ","0",0," "," ","0",0," "," ","0",0," "," ","0",0," "," ","0",0," "," ","0",0," "," ","0",0," "," ","0",0," "," ","0",0," "," ","0",0," "," ","0",0," "," ","0",0," "," ","0",0," "," ","0",0," "," ","0",0," "," ","0",0," "," ","0",0," "," ","0",0," "," ","0",0," "," ","0",0," "," ","0",0," "," ","0",0," "," ","0",0," "," ","0",0,"T"," ","0",0,"T"," ","0",0," "," ","0"
"616","USC00359461",1967,3,"SNWD",0," "," ","0",0," "," ","0",0," "," ","0",0," "," ","0",0," "," ","0",0," "," ","0",0," "," ","0",0," "," ","0",0," "," ","0",0," "," ","0",0," "," ","0",0," "," ","0",0," "," ","0",0," "," ","0",0," "," ","0",0," "," ","0",0," "," ","0",0," "," ","0",0," "," ","0",0," "," ","0",0," "," ","0",0," "," ","0",0," "," ","0",0," "," ","0",0," "," ","0",0," "," ","0",0," "," ","0",0," "," ","0",0,"T"," ","0",0," "," ","0",0," "," ","0"
"617","USC00359461",1967,4,"PRCP",3," "," ","0",0," "," ","0",0," "," ","0",0," "," ","0",8," "," ","0",5," "," ","0",0,"T"," ","0",0,"T"," ","0",0," "," ","0",8," "," ","0",8," "," ","0",0," "," ","0",0,"T"," ","0",56," "," ","0",18," "," ","0",20," "," ","0",102," "," ","0",15," "," ","0",0,"T"," ","0",0,"T"," ","0",5," "," ","0",0," "," ","0",18," "," ","0",142," "," ","0",51," "," ","0",25," "," ","0",28," "," ","0",0,"T"," ","0",8," "," ","0",61," "," ","0",NA," "," "," "
"618","USC00359461",1967,4,"SNOW",0," "," ","0",0," "," ","0",0," "," ","0",0," "," ","0",0," "," ","0",0," "," ","0",0," "," ","0",0," "," ","0",0," "," ","0",0," "," ","0",0," "," ","0",0," "," ","0",0," "," ","0",0," "," ","0",0," "," ","0",0," "," ","0",0," "," ","0",0," "," ","0",0," "," ","0",0," "," ","0",0," "," ","0",0," "," ","0",0," "," ","0",0," "," ","0",0," "," ","0",0," "," ","0",0," "," ","0",0," "," ","0",0," "," ","0",0," "," ","0",NA," "," "," "
"619","USC00359461",1967,4,"SNWD",0," "," ","0",0," "," ","0",0," "," ","0",0," "," ","0",0," "," ","0",0," "," ","0",0," "," ","0",0," "," ","0",0," "," ","0",0," "," ","0",0," "," ","0",0," "," ","0",0," "," ","0",0," "," ","0",0," "," ","0",0," "," ","0",0," "," ","0",0," "," ","0",0," "," ","0",0," "," ","0",0," "," ","0",0," "," ","0",0," "," ","0",0," "," ","0",0," "," ","0",0," "," ","0",0," "," ","0",0," "," ","0",0," "," ","0",0," "," ","0",NA," "," "," "
"620","USC00359461",1967,5,"PRCP",0,"T"," ","0",0," "," ","0",0," "," ","0",0," "," ","0",0," "," ","0",0," "," ","0",0," "," ","0",0," "," ","0",33," "," ","0",97," "," ","0",13," "," ","0",3," "," ","0",0," "," ","0",0," "," ","0",0," "," ","0",0," "," ","0",0," "," ","0",0," "," ","0",0,"T"," ","0",0," "," ","0",0," "," ","0",0," "," ","0",0," "," ","0",0," "," ","0",0," "," ","0",0," "," ","0",0," "," ","0",13," "," ","0",23," "," ","0",15," "," ","0",53," "," ","0"
"621","USC00359461",1967,5,"SNOW",0," "," ","0",0," "," ","0",0," "," ","0",0," "," ","0",0," "," ","0",0," "," ","0",0," "," ","0",0," "," ","0",0," "," ","0",0," "," ","0",0," "," ","0",0," "," ","0",0," "," ","0",0," "," ","0",0," "," ","0",0," "," ","0",0," "," ","0",0," "," ","0",0," "," ","0",0," "," ","0",0," "," ","0",0," "," ","0",0," "," ","0",0," "," ","0",0," "," ","0",0," "," ","0",0," "," ","0",0," "," ","0",0," "," ","0",0," "," ","0",0," "," ","0"
"622","USC00359461",1967,5,"SNWD",0," "," ","0",0," "," ","0",0," "," ","0",0," "," ","0",0," "," ","0",0," "," ","0",0," "," ","0",0," "," ","0",0," "," ","0",0," "," ","0",0," "," ","0",0," "," ","0",0," "," ","0",0," "," ","0",0," "," ","0",0," "," ","0",0," "," ","0",0," "," ","0",0," "," ","0",0," "," ","0",0," "," ","0",0," "," ","0",0," "," ","0",0," "," ","0",0," "," ","0",0," "," ","0",0," "," ","0",0," "," ","0",0," "," ","0",0," "," ","0",0," "," ","0"
"623","USC00359461",1967,6,"PRCP",3," "," ","0",41," "," ","0",0," "," ","0",0," "," ","0",0," "," ","0",0," "," ","0",0," "," ","0",0," "," ","0",0," "," ","0",0," "," ","0",0," "," ","0",0," "," ","0",0," "," ","0",0," "," ","0",0," "," ","0",0," "," ","0",0," "," ","0",0," "," ","0",0," "," ","0",0," "," ","0",3," "," ","0",0," "," ","0",10," "," ","0",0," "," ","0",0," "," ","0",0," "," ","0",0," "," ","0",0," "," ","0",0," "," ","0",0," "," ","0",NA," "," "," "
"624","USC00359461",1967,6,"SNOW",0," "," ","0",0," "," ","0",0," "," ","0",0," "," ","0",0," "," ","0",0," "," ","0",0," "," ","0",0," "," ","0",0," "," ","0",0," "," ","0",0," "," ","0",0," "," ","0",0," "," ","0",0," "," ","0",0," "," ","0",0," "," ","0",0," "," ","0",0," "," ","0",0," "," ","0",0," "," ","0",0," "," ","0",0," "," ","0",0," "," ","0",0," "," ","0",0," "," ","0",0," "," ","0",0," "," ","0",0," "," ","0",0," "," ","0",0," "," ","0",NA," "," "," "
"625","USC00359461",1967,6,"SNWD",0," "," ","0",0," "," ","0",0," "," ","0",0," "," ","0",0," "," ","0",0," "," ","0",0," "," ","0",0," "," ","0",0," "," ","0",0," "," ","0",0," "," ","0",0," "," ","0",0," "," ","0",0," "," ","0",0," "," ","0",0," "," ","0",0," "," ","0",0," "," ","0",0," "," ","0",0," "," ","0",0," "," ","0",0," "," ","0",0," "," ","0",0," "," ","0",0," "," ","0",0," "," ","0",0," "," ","0",0," "," ","0",0," "," ","0",0," "," ","0",NA," "," "," "
"626","USC00359461",1967,7,"PRCP",0," "," ","0",0," "," ","0",0," "," ","0",0," "," ","0",0," "," ","0",0," "," ","0",0," "," ","0",0," "," ","0",0," "," ","0",0," "," ","0",0," "," ","0",0," "," ","0",0," "," ","0",0," "," ","0",0," "," ","0",0," "," ","0",0," "," ","0",0," "," ","0",0," "," ","0",0," "," ","0",0," "," ","0",0," "," ","0",0," "," ","0",0," "," ","0",0," "," ","0",0," "," ","0",0," "," ","0",0," "," ","0",0," "," ","0",0," "," ","0",0," "," ","0"
"627","USC00359461",1967,7,"SNOW",0," "," ","0",0," "," ","0",0," "," ","0",0," "," ","0",0," "," ","0",0," "," ","0",0," "," ","0",0," "," ","0",0," "," ","0",0," "," ","0",0," "," ","0",0," "," ","0",0," "," ","0",0," "," ","0",0," "," ","0",0," "," ","0",0," "," ","0",0," "," ","0",0," "," ","0",0," "," ","0",0," "," ","0",0," "," ","0",0," "," ","0",0," "," ","0",0," "," ","0",0," "," ","0",0," "," ","0",0," "," ","0",0," "," ","0",0," "," ","0",0," "," ","0"
"628","USC00359461",1967,7,"SNWD",0," "," ","0",0," "," ","0",0," "," ","0",0," "," ","0",0," "," ","0",0," "," ","0",0," "," ","0",0," "," ","0",0," "," ","0",0," "," ","0",0," "," ","0",0," "," ","0",0," "," ","0",0," "," ","0",0," "," ","0",0," "," ","0",0," "," ","0",0," "," ","0",0," "," ","0",0," "," ","0",0," "," ","0",0," "," ","0",0," "," ","0",0," "," ","0",0," "," ","0",0," "," ","0",0," "," ","0",0," "," ","0",0," "," ","0",0," "," ","0",0," "," ","0"
"629","USC00359461",1967,8,"PRCP",0," "," ","0",0," "," ","0",0," "," ","0",0," "," ","0",0," "," ","0",0," "," ","0",0," "," ","0",0," "," ","0",0," "," ","0",0,"T"," ","0",0," "," ","0",0," "," ","0",0," "," ","0",0," "," ","0",0," "," ","0",0," "," ","0",0," "," ","0",0," "," ","0",0," "," ","0",0," "," ","0",0," "," ","0",0," "," ","0",0," "," ","0",0," "," ","0",0," "," ","0",0," "," ","0",0," "," ","0",0," "," ","0",0," "," ","0",0," "," ","0",0," "," ","0"
"630","USC00359461",1967,8,"SNOW",0," "," ","0",0," "," ","0",0," "," ","0",0," "," ","0",0," "," ","0",0," "," ","0",0," "," ","0",0," "," ","0",0," "," ","0",0," "," ","0",0," "," ","0",0," "," ","0",0," "," ","0",0," "," ","0",0," "," ","0",0," "," ","0",0," "," ","0",0," "," ","0",0," "," ","0",0," "," ","0",0," "," ","0",0," "," ","0",0," "," ","0",0," "," ","0",0," "," ","0",0," "," ","0",0," "," ","0",0," "," ","0",0," "," ","0",0," "," ","0",0," "," ","0"
"631","USC00359461",1967,8,"SNWD",0," "," ","0",0," "," ","0",0," "," ","0",0," "," ","0",0," "," ","0",0," "," ","0",0," "," ","0",0," "," ","0",0," "," ","0",0," "," ","0",0," "," ","0",0," "," ","0",0," "," ","0",0," "," ","0",0," "," ","0",0," "," ","0",0," "," ","0",0," "," ","0",0," "," ","0",0," "," ","0",0," "," ","0",0," "," ","0",0," "," ","0",0," "," ","0",0," "," ","0",0," "," ","0",0," "," ","0",0," "," ","0",0," "," ","0",0," "," ","0",0," "," ","0"
"632","USC00359461",1967,9,"PRCP",0," "," ","0",0," "," ","0",0," "," ","0",0," "," ","0",0," "," ","0",0," "," ","0",0," "," ","0",0," "," ","0",0," "," ","0",0,"T"," ","0",132," "," ","0",18," "," ","0",0," "," ","0",0," "," ","0",0," "," ","0",0," "," ","0",0," "," ","0",51," "," ","0",0,"T"," ","0",0," "," ","0",0," "," ","0",0," "," ","0",0," "," ","0",0," "," ","0",0," "," ","0",0," "," ","0",0," "," ","0",0," "," ","0",0," "," ","0",20," "," ","0",NA," "," "," "
"633","USC00359461",1967,9,"SNOW",0," "," ","0",0," "," ","0",0," "," ","0",0," "," ","0",0," "," ","0",0," "," ","0",0," "," ","0",0," "," ","0",0," "," ","0",0," "," ","0",0," "," ","0",0," "," ","0",0," "," ","0",0," "," ","0",0," "," ","0",0," "," ","0",0," "," ","0",0," "," ","0",0," "," ","0",0," "," ","0",0," "," ","0",0," "," ","0",0," "," ","0",0," "," ","0",0," "," ","0",0," "," ","0",0," "," ","0",0," "," ","0",0," "," ","0",0," "," ","0",NA," "," "," "
"634","USC00359461",1967,9,"SNWD",0," "," ","0",0," "," ","0",0," "," ","0",0," "," ","0",0," "," ","0",0," "," ","0",0," "," ","0",0," "," ","0",0," "," ","0",0," "," ","0",0," "," ","0",0," "," ","0",0," "," ","0",0," "," ","0",0," "," ","0",0," "," ","0",0," "," ","0",0," "," ","0",0," "," ","0",0," "," ","0",0," "," ","0",0," "," ","0",0," "," ","0",0," "," ","0",0," "," ","0",0," "," ","0",0," "," ","0",0," "," ","0",0," "," ","0",0," "," ","0",NA," "," "," "
"635","USC00359461",1967,10,"PRCP",48," "," ","0",46," "," ","0",251," "," ","0",28," "," ","0",41," "," ","0",23," "," ","0",0,"T"," ","0",0," "," ","0",0," "," ","0",0," "," ","0",15," "," ","0",0," "," ","0",0," "," ","0",5," "," ","0",3," "," ","0",0," "," ","0",0," "," ","0",0," "," ","0",0," "," ","0",0," "," ","0",84," "," ","0",13," "," ","0",84," "," ","0",0,"T"," ","0",20," "," ","0",0," "," ","0",3," "," ","0",114," "," ","0",10," "," ","0",0,"T"," ","0",0,"T"," ","0"
"636","USC00359461",1967,10,"SNOW",0," "," ","0",0," "," ","0",0," "," ","0",0," "," ","0",0," "," ","0",0," "," ","0",0," "," ","0",0," "," ","0",0," "," ","0",0," "," ","0",0," "," ","0",0," "," ","0",0," "," ","0",0," "," ","0",0," "," ","0",0," "," ","0",0," "," ","0",0," "," ","0",0," "," ","0",0," "," ","0",0," "," ","0",0," "," ","0",0," "," ","0",0," "," ","0",0," "," ","0",0," "," ","0",0," "," ","0",0," "," ","0",0," "," ","0",0," "," ","0",0," "," ","0"
"637","USC00359461",1967,10,"SNWD",0," "," ","0",0," "," ","0",0," "," ","0",0," "," ","0",0," "," ","0",0," "," ","0",0," "," ","0",0," "," ","0",0," "," ","0",0," "," ","0",0," "," ","0",0," "," ","0",0," "," ","0",0," "," ","0",0," "," ","0",0," "," ","0",0," "," ","0",0," "," ","0",0," "," ","0",0," "," ","0",0," "," ","0",0," "," ","0",0," "," ","0",0," "," ","0",0," "," ","0",0," "," ","0",0," "," ","0",0," "," ","0",0," "," ","0",0," "," ","0",0," "," ","0"
"638","USC00359461",1967,11,"PRCP",0," "," ","0",0," "," ","0",0," "," ","0",0," "," ","0",0," "," ","0",0,"T"," ","0",0,"T"," ","0",15," "," ","0",76," "," ","0",15," "," ","0",15," "," ","0",3," "," ","0",0,"T"," ","0",147," "," ","0",0,"T"," ","0",0,"T"," ","0",0," "," ","0",0," "," ","0",8," "," ","0",0," "," ","0",0,"T"," ","0",0," "," ","0",0," "," ","0",0,"T"," ","0",3," "," ","0",0,"T"," ","0",0," "," ","0",36," "," ","0",224," "," ","0",61," "," ","0",NA," "," "," "
"639","USC00359461",1967,11,"SNOW",0," "," ","0",0," "," ","0",0," "," ","0",0," "," ","0",0," "," ","0",0," "," ","0",0," "," ","0",0," "," ","0",0," "," ","0",0," "," ","0",0," "," ","0",0," "," ","0",0," "," ","0",0," "," ","0",0," "," ","0",0," "," ","0",0," "," ","0",0," "," ","0",0," "," ","0",0," "," ","0",0," "," ","0",0," "," ","0",0," "," ","0",0," "," ","0",0," "," ","0",0," "," ","0",0," "," ","0",0," "," ","0",0," "," ","0",0," "," ","0",NA," "," "," "
"640","USC00359461",1967,11,"SNWD",0," "," ","0",0," "," ","0",0," "," ","0",0," "," ","0",0," "," ","0",0," "," ","0",0," "," ","0",0," "," ","0",0," "," ","0",0," "," ","0",0," "," ","0",0," "," ","0",0," "," ","0",0," "," ","0",0," "," ","0",0," "," ","0",0," "," ","0",0," "," ","0",0," "," ","0",0," "," ","0",0," "," ","0",0," "," ","0",0," "," ","0",0," "," ","0",0," "," ","0",0," "," ","0",0," "," ","0",0," "," ","0",0," "," ","0",0," "," ","0",NA," "," "," "
"641","USC00359461",1967,12,"PRCP",0,"T"," ","0",99," "," ","0",178," "," ","0",137," "," ","0",279," "," ","0",43," "," ","0",378," "," ","0",5," "," ","0",0,"T"," ","0",0," "," ","0",18," "," ","0",3," "," ","0",10," "," ","0",0," "," ","0",0," "," ","0",0,"T"," ","0",8," "," ","0",295," "," ","0",8," "," ","0",15," "," ","0",0,"T"," ","0",3," "," ","0",8," "," ","0",0,"T"," ","0",0,"T"," ","0",0,"T"," ","0",8," "," ","0",0,"T"," ","0",0," "," ","0",0," "," ","0",0," "," ","0"
"642","USC00359461",1967,12,"SNOW",0," "," ","0",0," "," ","0",0," "," ","0",0," "," ","0",0," "," ","0",0," "," ","0",0,"T"," ","0",0," "," ","0",0," "," ","0",0," "," ","0",0," "," ","0",8," "," ","0",0," "," ","0",0," "," ","0",0," "," ","0",0,"T"," ","0",0,"T"," ","0",0,"T"," ","0",0,"T"," ","0",10," "," ","0",0,"T"," ","0",0," "," ","0",0," "," ","0",0," "," ","0",0," "," ","0",0," "," ","0",0," "," ","0",0," "," ","0",0," "," ","0",0," "," ","0",0," "," ","0"
"643","USC00359461",1967,12,"SNWD",0," "," ","0",0," "," ","0",0," "," ","0",0," "," ","0",0," "," ","0",0," "," ","0",0,"T"," ","0",0," "," ","0",0," "," ","0",0," "," ","0",0," "," ","0",0,"T"," ","0",0," "," ","0",0," "," ","0",0," "," ","0",0,"T"," ","0",0,"T"," ","0",0,"T"," ","0",0,"T"," ","0",0,"T"," ","0",0," "," ","0",0," "," ","0",0," "," ","0",0," "," ","0",0," "," ","0",0," "," ","0",0," "," ","0",0," "," ","0",0," "," ","0",0," "," ","0",0," "," ","0"
"644","USC00359461",1968,1,"PRCP",0,"T"," ","0",33," "," ","0",0," "," ","0",0," "," ","0",3," "," ","0",5," "," ","0",0," "," ","0",117," "," ","0",71," "," ","0",178," "," ","0",25," "," ","0",0," "," ","0",3," "," ","0",81," "," ","0",312," "," ","0",175," "," ","0",61," "," ","0",0,"T"," ","0",0," "," ","0",0," "," ","0",0,"T"," ","0",0," "," ","0",0," "," ","0",0,"T"," ","0",10," "," ","0",48," "," ","0",41," "," ","0",0," "," ","0",56," "," ","0",152," "," ","0",15," "," ","0"
"645","USC00359461",1968,1,"SNOW",0," "," ","0",0," "," ","0",0," "," ","0",0," "," ","0",0," "," ","0",0," "," ","0",0," "," ","0",0," "," ","0",0," "," ","0",0," "," ","0",0," "," ","0",0," "," ","0",0," "," ","0",0," "," ","0",0," "," ","0",0," "," ","0",0," "," ","0",0," "," ","0",0," "," ","0",0," "," ","0",0," "," ","0",0," "," ","0",0," "," ","0",0," "," ","0",0," "," ","0",8," "," ","0",13," "," ","0",0," "," ","0",0," "," ","0",0," "," ","0",0," "," ","0"
"646","USC00359461",1968,1,"SNWD",0," "," ","0",0," "," ","0",0," "," ","0",0," "," ","0",0," "," ","0",0," "," ","0",0," "," ","0",0," "," ","0",0," "," ","0",0," "," ","0",0," "," ","0",0," "," ","0",0," "," ","0",0," "," ","0",0," "," ","0",0," "," ","0",0," "," ","0",0," "," ","0",0," "," ","0",0," "," ","0",0," "," ","0",0," "," ","0",0," "," ","0",0," "," ","0",0," "," ","0",0,"T"," ","0",25," "," ","0",0," "," ","0",0," "," ","0",0," "," ","0",0," "," ","0"
"647","USC00359461",1968,2,"PRCP",66," "," ","0",25," "," ","0",89," "," ","0",8," "," ","0",36," "," ","0",0,"T"," ","0",0,"T"," ","0",0,"T"," ","0",0,"T"," ","0",0,"T"," ","0",0," "," ","0",0,"T"," ","0",0," "," ","0",0," "," ","0",0," "," ","0",0,"T"," ","0",51," "," ","0",0,"T"," ","0",48," "," ","0",132," "," ","0",188," "," ","0",89," "," ","0",170," "," ","0",0,"T"," ","0",0," "," ","0",0," "," ","0",0,"T"," ","0",0,"T"," ","0",0,"T"," ","0",NA," "," "," ",NA," "," "," "
"648","USC00359461",1968,2,"SNOW",0," "," ","0",0," "," ","0",0," "," ","0",0," "," ","0",0," "," ","0",0," "," ","0",0," "," ","0",0," "," ","0",0," "," ","0",0," "," ","0",0," "," ","0",0," "," ","0",0," "," ","0",0," "," ","0",0," "," ","0",0," "," ","0",0," "," ","0",0," "," ","0",0," "," ","0",0," "," ","0",0," "," ","0",0," "," ","0",0," "," ","0",0," "," ","0",0," "," ","0",0," "," ","0",0," "," ","0",0," "," ","0",0," "," ","0",NA," "," "," ",NA," "," "," "
"649","USC00359461",1968,2,"SNWD",0," "," ","0",0," "," ","0",0," "," ","0",0," "," ","0",0," "," ","0",0," "," ","0",0," "," ","0",0," "," ","0",0," "," ","0",0," "," ","0",0," "," ","0",0," "," ","0",0," "," ","0",0," "," ","0",0," "," ","0",0," "," ","0",0," "," ","0",0," "," ","0",0," "," ","0",0," "," ","0",0," "," ","0",0," "," ","0",0," "," ","0",0," "," ","0",0," "," ","0",0," "," ","0",0," "," ","0",0," "," ","0",0," "," ","0",NA," "," "," ",NA," "," "," "
"650","USC00359461",1968,3,"PRCP",0,"T"," ","0",0,"T"," ","0",0," "," ","0",0," "," ","0",25," "," ","0",5," "," ","0",25," "," ","0",0,"T"," ","0",0," "," ","0",0," "," ","0",0," "," ","0",3," "," ","0",137," "," ","0",28," "," ","0",10," "," ","0",76," "," ","0",36," "," ","0",8," "," ","0",0," "," ","0",0," "," ","0",0," "," ","0",0," "," ","0",8," "," ","0",13," "," ","0",127," "," ","0",41," "," ","0",0," "," ","0",0," "," ","0",0," "," ","0",0," "," ","0",0," "," ","0"
"651","USC00359461",1968,3,"SNOW",0," "," ","0",0," "," ","0",0," "," ","0",0," "," ","0",0," "," ","0",0," "," ","0",0," "," ","0",0," "," ","0",0," "," ","0",0," "," ","0",0," "," ","0",0," "," ","0",0," "," ","0",0," "," ","0",0," "," ","0",0," "," ","0",0," "," ","0",0," "," ","0",0," "," ","0",0," "," ","0",0," "," ","0",0," "," ","0",0," "," ","0",0," "," ","0",0," "," ","0",0," "," ","0",0," "," ","0",0," "," ","0",0," "," ","0",0," "," ","0",0," "," ","0"
"652","USC00359461",1968,3,"SNWD",0," "," ","0",0," "," ","0",0," "," ","0",0," "," ","0",0," "," ","0",0," "," ","0",0," "," ","0",0," "," ","0",0," "," ","0",0," "," ","0",0," "," ","0",0," "," ","0",0," "," ","0",0," "," ","0",0," "," ","0",0," "," ","0",0," "," ","0",0," "," ","0",0," "," ","0",0," "," ","0",0," "," ","0",0," "," ","0",0," "," ","0",0," "," ","0",0," "," ","0",0," "," ","0",0," "," ","0",0," "," ","0",0," "," ","0",0," "," ","0",0," "," ","0"
"653","USC00359461",1968,4,"PRCP",0," "," ","0",38," "," ","0",23," "," ","0",0," "," ","0",58," "," ","0",30," "," ","0",0,"T"," ","0",0," "," ","0",0," "," ","0",0," "," ","0",0,"T"," ","0",0,"T"," ","0",0," "," ","0",0," "," ","0",3," "," ","0",8," "," ","0",41," "," ","0",0," "," ","0",0," "," ","0",0,"T"," ","0",0,"T"," ","0",0," "," ","0",64," "," ","0",43," "," ","0",0," "," ","0",0,"T"," ","0",0," "," ","0",0," "," ","0",0," "," ","0",0,"T"," ","0",NA," "," "," "
"654","USC00359461",1968,4,"SNOW",0," "," ","0",0," "," ","0",0," "," ","0",0," "," ","0",0," "," ","0",0," "," ","0",0," "," ","0",0," "," ","0",0," "," ","0",0," "," ","0",0," "," ","0",0," "," ","0",0," "," ","0",0," "," ","0",0," "," ","0",0," "," ","0",0," "," ","0",0," "," ","0",0," "," ","0",0," "," ","0",0," "," ","0",0," "," ","0",0," "," ","0",0," "," ","0",0," "," ","0",0," "," ","0",0," "," ","0",0," "," ","0",0," "," ","0",0," "," ","0",NA," "," "," "
"655","USC00359461",1968,4,"SNWD",0," "," ","0",0," "," ","0",0," "," ","0",0," "," ","0",0," "," ","0",0," "," ","0",0," "," ","0",0," "," ","0",0," "," ","0",0," "," ","0",0," "," ","0",0," "," ","0",0," "," ","0",0," "," ","0",0," "," ","0",0," "," ","0",0," "," ","0",0," "," ","0",0," "," ","0",0," "," ","0",0," "," ","0",0," "," ","0",0," "," ","0",0," "," ","0",0," "," ","0",0," "," ","0",0," "," ","0",0," "," ","0",0," "," ","0",0," "," ","0",NA," "," "," "
"656","USC00359461",1968,5,"PRCP",0," "," ","0",0," "," ","0",0," "," ","0",0," "," ","0",0,"T"," ","0",3," "," ","0",0," "," ","0",0," "," ","0",0," "," ","0",0," "," ","0",0," "," ","0",0," "," ","0",13," "," ","0",0," "," ","0",0," "," ","0",0," "," ","0",0," "," ","0",0," "," ","0",15," "," ","0",165," "," ","0",20," "," ","0",3," "," ","0",66," "," ","0",30," "," ","0",25," "," ","0",58," "," ","0",3," "," ","0",0,"T"," ","0",0," "," ","0",0," "," ","0",0," "," ","0"
"657","USC00359461",1968,5,"SNOW",0," "," ","0",0," "," ","0",0," "," ","0",0," "," ","0",0," "," ","0",0," "," ","0",0," "," ","0",0," "," ","0",0," "," ","0",0," "," ","0",0," "," ","0",0," "," ","0",0," "," ","0",0," "," ","0",0," "," ","0",0," "," ","0",0," "," ","0",0," "," ","0",0," "," ","0",0," "," ","0",0," "," ","0",0," "," ","0",0," "," ","0",0," "," ","0",0," "," ","0",0," "," ","0",0," "," ","0",0," "," ","0",0," "," ","0",0," "," ","0",0," "," ","0"
"658","USC00359461",1968,5,"SNWD",0," "," ","0",0," "," ","0",0," "," ","0",0," "," ","0",0," "," ","0",0," "," ","0",0," "," ","0",0," "," ","0",0," "," ","0",0," "," ","0",0," "," ","0",0," "," ","0",0," "," ","0",0," "," ","0",0," "," ","0",0," "," ","0",0," "," ","0",0," "," ","0",0," "," ","0",0," "," ","0",0," "," ","0",0," "," ","0",0," "," ","0",0," "," ","0",0," "," ","0",0," "," ","0",0," "," ","0",0," "," ","0",0," "," ","0",0," "," ","0",0," "," ","0"
"659","USC00359461",1968,6,"PRCP",3," "," ","0",0,"T"," ","0",30," "," ","0",0," "," ","0",0," "," ","0",0," "," ","0",0," "," ","0",0," "," ","0",0," "," ","0",0," "," ","0",0," "," ","0",0,"T"," ","0",0," "," ","0",0," "," ","0",0," "," ","0",0," "," ","0",0," "," ","0",0," "," ","0",0," "," ","0",0," "," ","0",0," "," ","0",0," "," ","0",0,"T"," ","0",0," "," ","0",0," "," ","0",0," "," ","0",0," "," ","0",0," "," ","0",3," "," ","0",0," "," ","0",NA," "," "," "
"660","USC00359461",1968,6,"SNOW",0," "," ","0",0," "," ","0",0," "," ","0",0," "," ","0",0," "," ","0",0," "," ","0",0," "," ","0",0," "," ","0",0," "," ","0",0," "," ","0",0," "," ","0",0," "," ","0",0," "," ","0",0," "," ","0",0," "," ","0",0," "," ","0",0," "," ","0",0," "," ","0",0," "," ","0",0," "," ","0",0," "," ","0",0," "," ","0",0," "," ","0",0," "," ","0",0," "," ","0",0," "," ","0",0," "," ","0",0," "," ","0",0," "," ","0",0," "," ","0",NA," "," "," "
"661","USC00359461",1968,6,"SNWD",0," "," ","0",0," "," ","0",0," "," ","0",0," "," ","0",0," "," ","0",0," "," ","0",0," "," ","0",0," "," ","0",0," "," ","0",0," "," ","0",0," "," ","0",0," "," ","0",0," "," ","0",0," "," ","0",0," "," ","0",0," "," ","0",0," "," ","0",0," "," ","0",0," "," ","0",0," "," ","0",0," "," ","0",0," "," ","0",0," "," ","0",0," "," ","0",0," "," ","0",0," "," ","0",0," "," ","0",0," "," ","0",0," "," ","0",0," "," ","0",NA," "," "," "
"662","USC00359461",1968,7,"PRCP",0," "," ","0",0," "," ","0",0," "," ","0",0," "," ","0",0," "," ","0",0," "," ","0",0," "," ","0",0," "," ","0",0," "," ","0",0," "," ","0",0," "," ","0",41," "," ","0",0,"T"," ","0",0," "," ","0",0," "," ","0",0," "," ","0",0," "," ","0",0," "," ","0",0," "," ","0",0," "," ","0",0," "," ","0",0," "," ","0",0," "," ","0",0," "," ","0",0," "," ","0",0," "," ","0",0," "," ","0",0," "," ","0",0," "," ","0",0," "," ","0",0," "," ","0"
"663","USC00359461",1968,7,"SNOW",0," "," ","0",0," "," ","0",0," "," ","0",0," "," ","0",0," "," ","0",0," "," ","0",0," "," ","0",0," "," ","0",0," "," ","0",0," "," ","0",0," "," ","0",0," "," ","0",0," "," ","0",0," "," ","0",0," "," ","0",0," "," ","0",0," "," ","0",0," "," ","0",0," "," ","0",0," "," ","0",0," "," ","0",0," "," ","0",0," "," ","0",0," "," ","0",0," "," ","0",0," "," ","0",0," "," ","0",0," "," ","0",0," "," ","0",0," "," ","0",0," "," ","0"
"664","USC00359461",1968,7,"SNWD",0," "," ","0",0," "," ","0",0," "," ","0",0," "," ","0",0," "," ","0",0," "," ","0",0," "," ","0",0," "," ","0",0," "," ","0",0," "," ","0",0," "," ","0",0," "," ","0",0," "," ","0",0," "," ","0",0," "," ","0",0," "," ","0",0," "," ","0",0," "," ","0",0," "," ","0",0," "," ","0",0," "," ","0",0," "," ","0",0," "," ","0",0," "," ","0",0," "," ","0",0," "," ","0",0," "," ","0",0," "," ","0",0," "," ","0",0," "," ","0",0," "," ","0"
"665","USC00359461",1968,8,"PRCP",0," "," ","0",0," "," ","0",0," "," ","0",0," "," ","0",0," "," ","0",0," "," ","0",0," "," ","0",0," "," ","0",0," "," ","0",0," "," ","0",0," "," ","0",0," "," ","0",0," "," ","0",107," "," ","0",0," "," ","0",81," "," ","0",3," "," ","0",33," "," ","0",64," "," ","0",79," "," ","0",142," "," ","0",0,"T"," ","0",5," "," ","0",3," "," ","0",66," "," ","0",23," "," ","0",33," "," ","0",0,"T"," ","0",0," "," ","0",0," "," ","0",0," "," ","0"
"666","USC00359461",1968,8,"SNOW",0," "," ","0",0," "," ","0",0," "," ","0",0," "," ","0",0," "," ","0",0," "," ","0",0," "," ","0",0," "," ","0",0," "," ","0",0," "," ","0",0," "," ","0",0," "," ","0",0," "," ","0",0," "," ","0",0," "," ","0",0," "," ","0",0," "," ","0",0," "," ","0",0," "," ","0",0," "," ","0",0," "," ","0",0," "," ","0",0," "," ","0",0," "," ","0",0," "," ","0",0," "," ","0",0," "," ","0",0," "," ","0",0," "," ","0",0," "," ","0",0," "," ","0"
"667","USC00359461",1968,8,"SNWD",0," "," ","0",0," "," ","0",0," "," ","0",0," "," ","0",0," "," ","0",0," "," ","0",0," "," ","0",0," "," ","0",0," "," ","0",0," "," ","0",0," "," ","0",0," "," ","0",0," "," ","0",0," "," ","0",0," "," ","0",0," "," ","0",0," "," ","0",0," "," ","0",0," "," ","0",0," "," ","0",0," "," ","0",0," "," ","0",0," "," ","0",0," "," ","0",0," "," ","0",0," "," ","0",0," "," ","0",0," "," ","0",0," "," ","0",0," "," ","0",0," "," ","0"
"668","USC00359461",1968,9,"PRCP",0," "," ","0",0," "," ","0",0," "," ","0",0," "," ","0",0," "," ","0",0," "," ","0",0," "," ","0",0," "," ","0",0," "," ","0",0," "," ","0",0," "," ","0",0," "," ","0",3," "," ","0",112," "," ","0",30," "," ","0",3," "," ","0",0," "," ","0",56," "," ","0",15," "," ","0",114," "," ","0",3," "," ","0",0," "," ","0",0," "," ","0",0," "," ","0",0," "," ","0",0," "," ","0",0,"T"," ","0",0,"T"," ","0",0,"T"," ","0",0," "," ","0",NA," "," "," "
"669","USC00359461",1968,9,"SNOW",0," "," ","0",0," "," ","0",0," "," ","0",0," "," ","0",0," "," ","0",0," "," ","0",0," "," ","0",0," "," ","0",0," "," ","0",0," "," ","0",0," "," ","0",0," "," ","0",0," "," ","0",0," "," ","0",0," "," ","0",0," "," ","0",0," "," ","0",0," "," ","0",0," "," ","0",0," "," ","0",0," "," ","0",0," "," ","0",0," "," ","0",0," "," ","0",0," "," ","0",0," "," ","0",0," "," ","0",0," "," ","0",0," "," ","0",0," "," ","0",NA," "," "," "
"670","USC00359461",1968,9,"SNWD",0," "," ","0",0," "," ","0",0," "," ","0",0," "," ","0",0," "," ","0",0," "," ","0",0," "," ","0",0," "," ","0",0," "," ","0",0," "," ","0",0," "," ","0",0," "," ","0",0," "," ","0",0," "," ","0",0," "," ","0",0," "," ","0",0," "," ","0",0," "," ","0",0," "," ","0",0," "," ","0",0," "," ","0",0," "," ","0",0," "," ","0",0," "," ","0",0," "," ","0",0," "," ","0",0," "," ","0",0," "," ","0",0," "," ","0",0," "," ","0",NA," "," "," "
"671","USC00359461",1968,10,"PRCP",0," "," ","0",0," "," ","0",0," "," ","0",10," "," ","0",3," "," ","0",5," "," ","0",0," "," ","0",0," "," ","0",0," "," ","0",0," "," ","0",81," "," ","0",234," "," ","0",74," "," ","0",25," "," ","0",71," "," ","0",15," "," ","0",3," "," ","0",56," "," ","0",0,"T"," ","0",94," "," ","0",23," "," ","0",0,"T"," ","0",0,"T"," ","0",0," "," ","0",0,"T"," ","0",0," "," ","0",0,"T"," ","0",0,"T"," ","0",51," "," ","0",127," "," ","0",8," "," ","0"
"672","USC00359461",1968,10,"SNOW",0," "," ","0",0," "," ","0",0," "," ","0",0," "," ","0",0," "," ","0",0," "," ","0",0," "," ","0",0," "," ","0",0," "," ","0",0," "," ","0",0," "," ","0",0," "," ","0",0," "," ","0",0," "," ","0",0," "," ","0",0," "," ","0",0," "," ","0",0," "," ","0",0," "," ","0",0," "," ","0",0," "," ","0",0," "," ","0",0," "," ","0",0," "," ","0",0," "," ","0",0," "," ","0",0," "," ","0",0," "," ","0",0," "," ","0",0," "," ","0",0," "," ","0"
"673","USC00359461",1968,10,"SNWD",0," "," ","0",0," "," ","0",0," "," ","0",0," "," ","0",0," "," ","0",0," "," ","0",0," "," ","0",0," "," ","0",0," "," ","0",0," "," ","0",0," "," ","0",0," "," ","0",0," "," ","0",0," "," ","0",0," "," ","0",0," "," ","0",0," "," ","0",0," "," ","0",0," "," ","0",0," "," ","0",0," "," ","0",0," "," ","0",0," "," ","0",0," "," ","0",0," "," ","0",0," "," ","0",0," "," ","0",0," "," ","0",0," "," ","0",0," "," ","0",0," "," ","0"
"674","USC00359461",1968,11,"PRCP",0,"T"," ","0",130," "," ","0",18," "," ","0",0,"T"," ","0",56," "," ","0",0,"T"," ","0",150," "," ","0",180," "," ","0",84," "," ","0",13," "," ","0",23," "," ","0",290," "," ","0",56," "," ","0",3," "," ","0",33," "," ","0",0,"T"," ","0",3," "," ","0",48," "," ","0",5," "," ","0",3," "," ","0",0,"T"," ","0",74," "," ","0",0,"T"," ","0",61," "," ","0",130," "," ","0",13," "," ","0",30," "," ","0",0,"T"," ","0",0," "," ","0",97," "," ","0",NA," "," "," "
"675","USC00359461",1968,11,"SNOW",0," "," ","0",0," "," ","0",0," "," ","0",0," "," ","0",0," "," ","0",0," "," ","0",0," "," ","0",0," "," ","0",0," "," ","0",0," "," ","0",0," "," ","0",0," "," ","0",0," "," ","0",0," "," ","0",0," "," ","0",0," "," ","0",0," "," ","0",0," "," ","0",0," "," ","0",0," "," ","0",0," "," ","0",0," "," ","0",0," "," ","0",0," "," ","0",0," "," ","0",0," "," ","0",0," "," ","0",0," "," ","0",0," "," ","0",0," "," ","0",NA," "," "," "
"676","USC00359461",1968,11,"SNWD",0," "," ","0",0," "," ","0",0," "," ","0",0," "," ","0",0," "," ","0",0," "," ","0",0," "," ","0",0," "," ","0",0," "," ","0",0," "," ","0",0," "," ","0",0," "," ","0",0," "," ","0",0," "," ","0",0," "," ","0",0," "," ","0",0," "," ","0",0," "," ","0",0," "," ","0",0," "," ","0",0," "," ","0",0," "," ","0",0," "," ","0",0," "," ","0",0," "," ","0",0," "," ","0",0," "," ","0",0," "," ","0",0," "," ","0",0," "," ","0",NA," "," "," "
"677","USC00359461",1968,12,"PRCP",157," "," ","0",84," "," ","0",0,"T"," ","0",0," "," ","0",76," "," ","0",25," "," ","0",0," "," ","0",0,"T"," ","0",0," "," ","0",508," "," ","0",130," "," ","0",0," "," ","0",0," "," ","0",56," "," ","0",66," "," ","0",178," "," ","0",66," "," ","0",33," "," ","0",117," "," ","0",0," "," ","0",0," "," ","0",5," "," ","0",114," "," ","0",84," "," ","0",89," "," ","0",8," "," ","0",20," "," ","0",142," "," ","0",0," "," ","0",15," "," ","0",15," "," ","0"
"678","USC00359461",1968,12,"SNOW",0," "," ","0",0," "," ","0",0," "," ","0",0," "," ","0",0," "," ","0",0," "," ","0",0," "," ","0",0," "," ","0",0," "," ","0",0," "," ","0",0," "," ","0",0," "," ","0",0," "," ","0",0," "," ","0",0," "," ","0",0," "," ","0",0," "," ","0",0," "," ","0",38," "," ","0",0," "," ","0",0," "," ","0",0,"T"," ","0",0," "," ","0",0," "," ","0",0," "," ","0",0," "," ","0",0," "," ","0",0," "," ","0",0," "," ","0",0,"T"," ","0",0," "," ","0"
"679","USC00359461",1968,12,"SNWD",0," "," ","0",0," "," ","0",0," "," ","0",0," "," ","0",0," "," ","0",0," "," ","0",0," "," ","0",0," "," ","0",0," "," ","0",0," "," ","0",0," "," ","0",0," "," ","0",0," "," ","0",0," "," ","0",0," "," ","0",0," "," ","0",0," "," ","0",0," "," ","0",25," "," ","0",0,"T"," ","0",0,"T"," ","0",0,"T"," ","0",0," "," ","0",0," "," ","0",0," "," ","0",0," "," ","0",0," "," ","0",0," "," ","0",0," "," ","0",0,"T"," ","0",0," "," ","0"
"680","USC00359461",1969,1,"PRCP",30," "," ","0",8," "," ","0",13," "," ","0",0," "," ","0",0," "," ","0",3," "," ","0",36," "," ","0",147," "," ","0",3," "," ","0",127," "," ","0",257," "," ","0",30," "," ","0",386," "," ","0",114," "," ","0",107," "," ","0",8," "," ","0",0,"T"," ","0",3," "," ","0",41," "," ","0",0,"T"," ","0",64," "," ","0",18," "," ","0",13," "," ","0",0," "," ","0",20," "," ","0",429," "," ","0",165," "," ","0",36," "," ","0",5," "," ","0",97," "," ","0",0," "," ","0"
"681","USC00359461",1969,1,"SNOW",0," "," ","0",0," "," ","0",0," "," ","0",0," "," ","0",0," "," ","0",0," "," ","0",0," "," ","0",0," "," ","0",0," "," ","0",0," "," ","0",0," "," ","0",0," "," ","0",0," "," ","0",0," "," ","0",0,"T"," ","0",0," "," ","0",0," "," ","0",0," "," ","0",0," "," ","0",0," "," ","0",25," "," ","0",38," "," ","0",13," "," ","0",0," "," ","0",20," "," ","0",356," "," ","0",254," "," ","0",25," "," ","0",13," "," ","0",25," "," ","0",0," "," ","0"
"682","USC00359461",1969,1,"SNWD",0," "," ","0",0," "," ","0",0," "," ","0",0," "," ","0",0," "," ","0",0," "," ","0",0," "," ","0",0," "," ","0",0," "," ","0",0," "," ","0",0," "," ","0",0," "," ","0",0," "," ","0",0," "," ","0",0,"T"," ","0",0," "," ","0",0," "," ","0",0," "," ","0",0," "," ","0",0," "," ","0",25," "," ","0",51," "," ","0",25," "," ","0",25," "," ","0",0,"T"," ","0",356," "," ","0",610," "," ","0",533," "," ","0",457," "," ","0",406," "," ","0",254," "," ","0"
"683","USC00359461",1969,2,"PRCP",267," "," ","0",33," "," ","0",3," "," ","0",0," "," ","0",74," "," ","0",10," "," ","0",3," "," ","0",0," "," ","0",188," "," ","0",33," "," ","0",10," "," ","0",18," "," ","0",5," "," ","0",23," "," ","0",0,"T"," ","0",20," "," ","0",0,"T"," ","0",0," "," ","0",0," "," ","0",8," "," ","0",18," "," ","0",0," "," ","0",8," "," ","0",0," "," ","0",8," "," ","0",15," "," ","0",0,"T"," ","0",5," "," ","0",NA," "," "," ",NA," "," "," ",NA," "," "," "
"684","USC00359461",1969,2,"SNOW",0," "," ","0",0," "," ","0",0," "," ","0",0," "," ","0",0," "," ","0",0," "," ","0",0," "," ","0",0," "," ","0",0," "," ","0",0," "," ","0",0," "," ","0",0," "," ","0",0," "," ","0",0," "," ","0",0," "," ","0",0," "," ","0",0," "," ","0",0," "," ","0",0," "," ","0",0," "," ","0",0," "," ","0",0," "," ","0",0," "," ","0",0," "," ","0",0," "," ","0",0," "," ","0",0," "," ","0",0," "," ","0",NA," "," "," ",NA," "," "," ",NA," "," "," "
"685","USC00359461",1969,2,"SNWD",229," "," ","0",203," "," ","0",203," "," ","0",178," "," ","0",178," "," ","0",178," "," ","0",152," "," ","0",102," "," ","0",25," "," ","0",0,"T"," ","0",0," "," ","0",0," "," ","0",0," "," ","0",0," "," ","0",0," "," ","0",0," "," ","0",0," "," ","0",0," "," ","0",0," "," ","0",0," "," ","0",0," "," ","0",0," "," ","0",0," "," ","0",0," "," ","0",0," "," ","0",0," "," ","0",0," "," ","0",0," "," ","0",NA," "," "," ",NA," "," "," ",NA," "," "," "
"686","USC00359461",1969,3,"PRCP",0," "," ","0",0," "," ","0",36," "," ","0",13," "," ","0",8," "," ","0",71," "," ","0",8," "," ","0",0,"T"," ","0",0," "," ","0",0," "," ","0",0," "," ","0",0," "," ","0",0," "," ","0",0," "," ","0",0," "," ","0",0," "," ","0",30," "," ","0",84," "," ","0",10," "," ","0",0,"T"," ","0",0,"T"," ","0",0," "," ","0",0,"T"," ","0",0," "," ","0",0," "," ","0",0," "," ","0",0," "," ","0",0," "," ","0",0," "," ","0",13," "," ","0",8," "," ","0"
"687","USC00359461",1969,3,"SNOW",0," "," ","0",0," "," ","0",0," "," ","0",0," "," ","0",0," "," ","0",0," "," ","0",0," "," ","0",0," "," ","0",0," "," ","0",0," "," ","0",0," "," ","0",0," "," ","0",0," "," ","0",0," "," ","0",0," "," ","0",0," "," ","0",0," "," ","0",0," "," ","0",0," "," ","0",0," "," ","0",0," "," ","0",0," "," ","0",0," "," ","0",0," "," ","0",0," "," ","0",0," "," ","0",0," "," ","0",0," "," ","0",0," "," ","0",0," "," ","0",0," "," ","0"
"688","USC00359461",1969,3,"SNWD",0," "," ","0",0," "," ","0",0," "," ","0",0," "," ","0",0," "," ","0",0," "," ","0",0," "," ","0",0," "," ","0",0," "," ","0",0," "," ","0",0," "," ","0",0," "," ","0",0," "," ","0",0," "," ","0",0," "," ","0",0," "," ","0",0," "," ","0",0," "," ","0",0," "," ","0",0," "," ","0",0," "," ","0",0," "," ","0",0," "," ","0",0," "," ","0",0," "," ","0",0," "," ","0",0," "," ","0",0," "," ","0",0," "," ","0",0," "," ","0",0," "," ","0"
"689","USC00359461",1969,4,"PRCP",0,"T"," ","0",0," "," ","0",94," "," ","0",0,"T"," ","0",23," "," ","0",5," "," ","0",8," "," ","0",0," "," ","0",0,"T"," ","0",0," "," ","0",0," "," ","0",0," "," ","0",3," "," ","0",8," "," ","0",0," "," ","0",0," "," ","0",5," "," ","0",36," "," ","0",0,"T"," ","0",18," "," ","0",0," "," ","0",0," "," ","0",99," "," ","0",46," "," ","0",20," "," ","0",0," "," ","0",0," "," ","0",48," "," ","0",107," "," ","0",0," "," ","0",NA," "," "," "
"690","USC00359461",1969,4,"SNOW",0," "," ","0",0," "," ","0",0," "," ","0",0," "," ","0",0," "," ","0",0," "," ","0",0," "," ","0",0," "," ","0",0," "," ","0",0," "," ","0",0," "," ","0",0," "," ","0",0," "," ","0",0," "," ","0",0," "," ","0",0," "," ","0",0," "," ","0",0," "," ","0",0," "," ","0",0," "," ","0",0," "," ","0",0," "," ","0",0," "," ","0",0," "," ","0",0," "," ","0",0," "," ","0",0," "," ","0",0," "," ","0",0," "," ","0",0," "," ","0",NA," "," "," "
"691","USC00359461",1969,4,"SNWD",0," "," ","0",0," "," ","0",0," "," ","0",0," "," ","0",0," "," ","0",0," "," ","0",0," "," ","0",0," "," ","0",0," "," ","0",0," "," ","0",0," "," ","0",0," "," ","0",0," "," ","0",0," "," ","0",0," "," ","0",0," "," ","0",0," "," ","0",0," "," ","0",0," "," ","0",0," "," ","0",0," "," ","0",0," "," ","0",0," "," ","0",0," "," ","0",0," "," ","0",0," "," ","0",0," "," ","0",0," "," ","0",0," "," ","0",0," "," ","0",NA," "," "," "
"692","USC00359461",1969,5,"PRCP",0," "," ","0",3," "," ","0",5," "," ","0",3," "," ","0",0," "," ","0",0," "," ","0",0," "," ","0",0," "," ","0",0," "," ","0",0," "," ","0",0," "," ","0",0," "," ","0",0," "," ","0",221," "," ","0",3," "," ","0",0," "," ","0",0," "," ","0",25," "," ","0",117," "," ","0",3," "," ","0",0," "," ","0",0," "," ","0",0," "," ","0",0," "," ","0",0," "," ","0",18," "," ","0",10," "," ","0",0,"T"," ","0",0," "," ","0",5," "," ","0",0," "," ","0"
"693","USC00359461",1969,5,"SNOW",0," "," ","0",0," "," ","0",0," "," ","0",0," "," ","0",0," "," ","0",0," "," ","0",0," "," ","0",0," "," ","0",0," "," ","0",0," "," ","0",0," "," ","0",0," "," ","0",0," "," ","0",0," "," ","0",0," "," ","0",0," "," ","0",0," "," ","0",0," "," ","0",0," "," ","0",0," "," ","0",0," "," ","0",0," "," ","0",0," "," ","0",0," "," ","0",0," "," ","0",0," "," ","0",0," "," ","0",0," "," ","0",0," "," ","0",0," "," ","0",0," "," ","0"
"694","USC00359461",1969,5,"SNWD",0," "," ","0",0," "," ","0",0," "," ","0",0," "," ","0",0," "," ","0",0," "," ","0",0," "," ","0",0," "," ","0",0," "," ","0",0," "," ","0",0," "," ","0",0," "," ","0",0," "," ","0",0," "," ","0",0," "," ","0",0," "," ","0",0," "," ","0",0," "," ","0",0," "," ","0",0," "," ","0",0," "," ","0",0," "," ","0",0," "," ","0",0," "," ","0",0," "," ","0",0," "," ","0",0," "," ","0",0," "," ","0",0," "," ","0",0," "," ","0",0," "," ","0"
"695","USC00359461",1969,6,"PRCP",0," "," ","0",0," "," ","0",0," "," ","0",0," "," ","0",20," "," ","0",5," "," ","0",0," "," ","0",0," "," ","0",38," "," ","0",109," "," ","0",0,"T"," ","0",0,"T"," ","0",0," "," ","0",0," "," ","0",0," "," ","0",0," "," ","0",0," "," ","0",0," "," ","0",0," "," ","0",0," "," ","0",0," "," ","0",0,"T"," ","0",89," "," ","0",5," "," ","0",46," "," ","0",38," "," ","0",56," "," ","0",71," "," ","0",8," "," ","0",0,"T"," ","0",NA," "," "," "
"696","USC00359461",1969,6,"SNOW",0," "," ","0",0," "," ","0",0," "," ","0",0," "," ","0",0," "," ","0",0," "," ","0",0," "," ","0",0," "," ","0",0," "," ","0",0," "," ","0",0," "," ","0",0," "," ","0",0," "," ","0",0," "," ","0",0," "," ","0",0," "," ","0",0," "," ","0",0," "," ","0",0," "," ","0",0," "," ","0",0," "," ","0",0," "," ","0",0," "," ","0",0," "," ","0",0," "," ","0",0," "," ","0",0," "," ","0",0," "," ","0",0," "," ","0",0," "," ","0",NA," "," "," "
"697","USC00359461",1969,6,"SNWD",0," "," ","0",0," "," ","0",0," "," ","0",0," "," ","0",0," "," ","0",0," "," ","0",0," "," ","0",0," "," ","0",0," "," ","0",0," "," ","0",0," "," ","0",0," "," ","0",0," "," ","0",0," "," ","0",0," "," ","0",0," "," ","0",0," "," ","0",0," "," ","0",0," "," ","0",0," "," ","0",0," "," ","0",0," "," ","0",0," "," ","0",0," "," ","0",0," "," ","0",0," "," ","0",0," "," ","0",0," "," ","0",0," "," ","0",0," "," ","0",NA," "," "," "
"698","USC00359461",1969,7,"PRCP",0," "," ","0",0," "," ","0",0," "," ","0",0," "," ","0",0," "," ","0",0," "," ","0",0," "," ","0",0," "," ","0",0," "," ","0",0," "," ","0",0," "," ","0",0," "," ","0",0," "," ","0",0," "," ","0",0," "," ","0",0," "," ","0",0," "," ","0",0," "," ","0",0," "," ","0",0," "," ","0",0," "," ","0",0," "," ","0",0," "," ","0",0," "," ","0",0," "," ","0",0," "," ","0",0," "," ","0",0," "," ","0",0," "," ","0",0," "," ","0",0," "," ","0"
"699","USC00359461",1969,7,"SNOW",0," "," ","0",0," "," ","0",0," "," ","0",0," "," ","0",0," "," ","0",0," "," ","0",0," "," ","0",0," "," ","0",0," "," ","0",0," "," ","0",0," "," ","0",0," "," ","0",0," "," ","0",0," "," ","0",0," "," ","0",0," "," ","0",0," "," ","0",0," "," ","0",0," "," ","0",0," "," ","0",0," "," ","0",0," "," ","0",0," "," ","0",0," "," ","0",0," "," ","0",0," "," ","0",0," "," ","0",0," "," ","0",0," "," ","0",0," "," ","0",0," "," ","0"
"700","USC00359461",1969,7,"SNWD",0," "," ","0",0," "," ","0",0," "," ","0",0," "," ","0",0," "," ","0",0," "," ","0",0," "," ","0",0," "," ","0",0," "," ","0",0," "," ","0",0," "," ","0",0," "," ","0",0," "," ","0",0," "," ","0",0," "," ","0",0," "," ","0",0," "," ","0",0," "," ","0",0," "," ","0",0," "," ","0",0," "," ","0",0," "," ","0",0," "," ","0",0," "," ","0",0," "," ","0",0," "," ","0",0," "," ","0",0," "," ","0",0," "," ","0",0," "," ","0",0," "," ","0"
"701","USC00359461",1969,8,"PRCP",0," "," ","0",0," "," ","0",0," "," ","0",0," "," ","0",0,"T"," ","0",0," "," ","0",0," "," ","0",0," "," ","0",0," "," ","0",0," "," ","0",0," "," ","0",0," "," ","0",0," "," ","0",0," "," ","0",0," "," ","0",0," "," ","0",0," "," ","0",0," "," ","0",0," "," ","0",0," "," ","0",0," "," ","0",0," "," ","0",0," "," ","0",0," "," ","0",0," "," ","0",0," "," ","0",0," "," ","0",0," "," ","0",0," "," ","0",0," "," ","0",0," "," ","0"
"702","USC00359461",1969,8,"SNOW",0," "," ","0",0," "," ","0",0," "," ","0",0," "," ","0",0," "," ","0",0," "," ","0",0," "," ","0",0," "," ","0",0," "," ","0",0," "," ","0",0," "," ","0",0," "," ","0",0," "," ","0",0," "," ","0",0," "," ","0",0," "," ","0",0," "," ","0",0," "," ","0",0," "," ","0",0," "," ","0",0," "," ","0",0," "," ","0",0," "," ","0",0," "," ","0",0," "," ","0",0," "," ","0",0," "," ","0",0," "," ","0",0," "," ","0",0," "," ","0",0," "," ","0"
"703","USC00359461",1969,8,"SNWD",0," "," ","0",0," "," ","0",0," "," ","0",0," "," ","0",0," "," ","0",0," "," ","0",0," "," ","0",0," "," ","0",0," "," ","0",0," "," ","0",0," "," ","0",0," "," ","0",0," "," ","0",0," "," ","0",0," "," ","0",0," "," ","0",0," "," ","0",0," "," ","0",0," "," ","0",0," "," ","0",0," "," ","0",0," "," ","0",0," "," ","0",0," "," ","0",0," "," ","0",0," "," ","0",0," "," ","0",0," "," ","0",0," "," ","0",0," "," ","0",0," "," ","0"
"704","USC00359461",1969,9,"PRCP",0," "," ","0",0," "," ","0",0," "," ","0",0," "," ","0",0," "," ","0",0," "," ","0",0," "," ","0",0," "," ","0",0," "," ","0",0," "," ","0",0," "," ","0",0," "," ","0",10," "," ","0",0," "," ","0",0," "," ","0",0," "," ","0",58," "," ","0",191," "," ","0",3," "," ","0",25," "," ","0",0,"T"," ","0",0," "," ","0",38," "," ","0",10," "," ","0",0,"T"," ","0",0,"T"," ","0",0," "," ","0",0," "," ","0",0," "," ","0",0," "," ","0",NA," "," "," "
"705","USC00359461",1969,9,"SNOW",0," "," ","0",0," "," ","0",0," "," ","0",0," "," ","0",0," "," ","0",0," "," ","0",0," "," ","0",0," "," ","0",0," "," ","0",0," "," ","0",0," "," ","0",0," "," ","0",0," "," ","0",0," "," ","0",0," "," ","0",0," "," ","0",0," "," ","0",0," "," ","0",0," "," ","0",0," "," ","0",0," "," ","0",0," "," ","0",0," "," ","0",0," "," ","0",0," "," ","0",0," "," ","0",0," "," ","0",0," "," ","0",0," "," ","0",0," "," ","0",NA," "," "," "
"706","USC00359461",1969,9,"SNWD",0," "," ","0",0," "," ","0",0," "," ","0",0," "," ","0",0," "," ","0",0," "," ","0",0," "," ","0",0," "," ","0",0," "," ","0",0," "," ","0",0," "," ","0",0," "," ","0",0," "," ","0",0," "," ","0",0," "," ","0",0," "," ","0",0," "," ","0",0," "," ","0",0," "," ","0",0," "," ","0",0," "," ","0",0," "," ","0",0," "," ","0",0," "," ","0",0," "," ","0",0," "," ","0",0," "," ","0",0," "," ","0",0," "," ","0",0," "," ","0",NA," "," "," "
"707","USC00359461",1969,10,"PRCP",3," "," ","0",64," "," ","0",51," "," ","0",0," "," ","0",0," "," ","0",0," "," ","0",0,"T"," ","0",112," "," ","0",109," "," ","0",91," "," ","0",0," "," ","0",0," "," ","0",0," "," ","0",0," "," ","0",81," "," ","0",211," "," ","0",23," "," ","0",0,"T"," ","0",0," "," ","0",0," "," ","0",0," "," ","0",3," "," ","0",3," "," ","0",15," "," ","0",0,"T"," ","0",0," "," ","0",86," "," ","0",30," "," ","0",3," "," ","0",0,"T"," ","0",0," "," ","0"
"708","USC00359461",1969,10,"SNOW",0," "," ","0",0," "," ","0",0," "," ","0",0," "," ","0",0," "," ","0",0," "," ","0",0," "," ","0",0," "," ","0",0," "," ","0",0," "," ","0",0," "," ","0",0," "," ","0",0," "," ","0",0," "," ","0",0," "," ","0",0," "," ","0",0," "," ","0",0," "," ","0",0," "," ","0",0," "," ","0",0," "," ","0",0," "," ","0",0," "," ","0",0," "," ","0",0," "," ","0",0," "," ","0",0," "," ","0",0," "," ","0",0," "," ","0",0," "," ","0",0," "," ","0"
"709","USC00359461",1969,10,"SNWD",0," "," ","0",0," "," ","0",0," "," ","0",0," "," ","0",0," "," ","0",0," "," ","0",0," "," ","0",0," "," ","0",0," "," ","0",0," "," ","0",0," "," ","0",0," "," ","0",0," "," ","0",0," "," ","0",0," "," ","0",0," "," ","0",0," "," ","0",0," "," ","0",0," "," ","0",0," "," ","0",0," "," ","0",0," "," ","0",0," "," ","0",0," "," ","0",0," "," ","0",0," "," ","0",0," "," ","0",0," "," ","0",0," "," ","0",0," "," ","0",0," "," ","0"
"710","USC00359461",1969,11,"PRCP",0," "," ","0",0," "," ","0",0," "," ","0",0," "," ","0",229," "," ","0",5," "," ","0",5," "," ","0",0," "," ","0",0," "," ","0",0," "," ","0",0," "," ","0",0," "," ","0",0," "," ","0",0," "," ","0",0," "," ","0",18," "," ","0",25," "," ","0",0,"T"," ","0",0," "," ","0",0," "," ","0",20," "," ","0",0," "," ","0",0," "," ","0",30," "," ","0",0," "," ","0",3," "," ","0",0," "," ","0",0," "," ","0",0," "," ","0",0," "," ","0",NA," "," "," "
"711","USC00359461",1969,11,"SNOW",0," "," ","0",0," "," ","0",0," "," ","0",0," "," ","0",0," "," ","0",0," "," ","0",0," "," ","0",0," "," ","0",0," "," ","0",0," "," ","0",0," "," ","0",0," "," ","0",0," "," ","0",0," "," ","0",0," "," ","0",0," "," ","0",0," "," ","0",0," "," ","0",0," "," ","0",0," "," ","0",0," "," ","0",0," "," ","0",0," "," ","0",0," "," ","0",0," "," ","0",0," "," ","0",0," "," ","0",0," "," ","0",0," "," ","0",0," "," ","0",NA," "," "," "
"712","USC00359461",1969,11,"SNWD",0," "," ","0",0," "," ","0",0," "," ","0",0," "," ","0",0," "," ","0",0," "," ","0",0," "," ","0",0," "," ","0",0," "," ","0",0," "," ","0",0," "," ","0",0," "," ","0",0," "," ","0",0," "," ","0",0," "," ","0",0," "," ","0",0," "," ","0",0," "," ","0",0," "," ","0",0," "," ","0",0," "," ","0",0," "," ","0",0," "," ","0",0," "," ","0",0," "," ","0",0," "," ","0",0," "," ","0",0," "," ","0",0," "," ","0",0," "," ","0",NA," "," "," "
"713","USC00359461",1969,12,"PRCP",0," "," ","0",0," "," ","0",0," "," ","0",15," "," ","0",0," "," ","0",18," "," ","0",8," "," ","0",33," "," ","0",99," "," ","0",38," "," ","0",33," "," ","0",330," "," ","0",135," "," ","0",79," "," ","0",3," "," ","0",38," "," ","0",38," "," ","0",28," "," ","0",5," "," ","0",124," "," ","0",762," "," ","0",18," "," ","0",236," "," ","0",41," "," ","0",18," "," ","0",318," "," ","0",104," "," ","0",5," "," ","0",0," "," ","0",0,"T"," ","0",0," "," ","0"
"714","USC00359461",1969,12,"SNOW",0," "," ","0",0," "," ","0",0," "," ","0",0," "," ","0",0," "," ","0",0," "," ","0",0," "," ","0",0," "," ","0",0," "," ","0",0," "," ","0",0," "," ","0",0," "," ","0",0," "," ","0",0," "," ","0",0," "," ","0",0," "," ","0",0," "," ","0",0," "," ","0",0," "," ","0",0," "," ","0",0," "," ","0",0," "," ","0",0," "," ","0",0," "," ","0",0," "," ","0",0," "," ","0",0," "," ","0",0," "," ","0",0," "," ","0",0," "," ","0",0," "," ","0"
"715","USC00359461",1969,12,"SNWD",0," "," ","0",0," "," ","0",0," "," ","0",0," "," ","0",0," "," ","0",0," "," ","0",0," "," ","0",0," "," ","0",0," "," ","0",0," "," ","0",0," "," ","0",0," "," ","0",0," "," ","0",0," "," ","0",0," "," ","0",0," "," ","0",0," "," ","0",0," "," ","0",0," "," ","0",0," "," ","0",0," "," ","0",0," "," ","0",0," "," ","0",0," "," ","0",0," "," ","0",0," "," ","0",0," "," ","0",0," "," ","0",0," "," ","0",0," "," ","0",0," "," ","0"
"716","USC00359461",1970,1,"PRCP",0," "," ","0",0," "," ","0",0," "," ","0",25," "," ","0",0," "," ","0",0," "," ","0",8," "," ","0",5," "," ","0",107," "," ","0",173," "," ","0",3," "," ","0",97," "," ","0",43," "," ","0",13," "," ","0",69," "," ","0",107," "," ","0",290," "," ","0",33," "," ","0",36," "," ","0",89," "," ","0",79," "," ","0",325," "," ","0",224," "," ","0",300," "," ","0",173," "," ","0",112," "," ","0",307," "," ","0",18," "," ","0",0,"T"," ","0",25," "," ","0",0," "," ","0"
"717","USC00359461",1970,1,"SNOW",0," "," ","0",0," "," ","0",0," "," ","0",0," "," ","0",0," "," ","0",0," "," ","0",0," "," ","0",0," "," ","0",0," "," ","0",0," "," ","0",0," "," ","0",0," "," ","0",0," "," ","0",0," "," ","0",0," "," ","0",0," "," ","0",0," "," ","0",0," "," ","0",0," "," ","0",0," "," ","0",0," "," ","0",0," "," ","0",0," "," ","0",0," "," ","0",0," "," ","0",0," "," ","0",0," "," ","0",0," "," ","0",0," "," ","0",0," "," ","0",0," "," ","0"
"718","USC00359461",1970,1,"SNWD",0," "," ","0",0," "," ","0",0," "," ","0",0," "," ","0",0," "," ","0",0," "," ","0",0," "," ","0",0," "," ","0",0," "," ","0",0," "," ","0",0," "," ","0",0," "," ","0",0," "," ","0",0," "," ","0",0," "," ","0",0," "," ","0",0," "," ","0",0," "," ","0",0," "," ","0",0," "," ","0",0," "," ","0",0," "," ","0",0," "," ","0",0," "," ","0",0," "," ","0",0," "," ","0",0," "," ","0",0," "," ","0",0," "," ","0",0," "," ","0",0," "," ","0"
"719","USC00359461",1970,2,"PRCP",61," "," ","0",0,"T"," ","0",20," "," ","0",15," "," ","0",5," "," ","0",36," "," ","0",15," "," ","0",0,"T"," ","0",3," "," ","0",0,"T"," ","0",0," "," ","0",0,"T"," ","0",25," "," ","0",0,"T"," ","0",0," "," ","0",5," "," ","0",135," "," ","0",84," "," ","0",0,"T"," ","0",0," "," ","0",0," "," ","0",0,"T"," ","0",0," "," ","0",0," "," ","0",0," "," ","0",0," "," ","0",0," "," ","0",170," "," ","0",NA," "," "," ",NA," "," "," ",NA," "," "," "
"720","USC00359461",1970,2,"SNOW",0," "," ","0",0," "," ","0",0," "," ","0",0," "," ","0",0," "," ","0",0," "," ","0",0," "," ","0",0," "," ","0",0," "," ","0",0," "," ","0",0," "," ","0",0," "," ","0",0," "," ","0",0," "," ","0",0," "," ","0",0," "," ","0",0," "," ","0",0," "," ","0",0," "," ","0",0," "," ","0",0," "," ","0",0," "," ","0",0," "," ","0",0," "," ","0",0," "," ","0",0," "," ","0",0," "," ","0",0," "," ","0",NA," "," "," ",NA," "," "," ",NA," "," "," "
"721","USC00359461",1970,2,"SNWD",0," "," ","0",0," "," ","0",0," "," ","0",0," "," ","0",0," "," ","0",0," "," ","0",0," "," ","0",0," "," ","0",0," "," ","0",0," "," ","0",0," "," ","0",0," "," ","0",0," "," ","0",0," "," ","0",0," "," ","0",0," "," ","0",0," "," ","0",0," "," ","0",0," "," ","0",0," "," ","0",0," "," ","0",0," "," ","0",0," "," ","0",0," "," ","0",0," "," ","0",0," "," ","0",0," "," ","0",0," "," ","0",NA," "," "," ",NA," "," "," ",NA," "," "," "
"722","USC00359461",1970,3,"PRCP",109," "," ","0",20," "," ","0",5," "," ","0",13," "," ","0",0,"T"," ","0",3," "," ","0",168," "," ","0",109," "," ","0",0,"T"," ","0",15," "," ","0",41," "," ","0",13," "," ","0",13," "," ","0",53," "," ","0",23," "," ","0",13," "," ","0",0," "," ","0",0," "," ","0",0," "," ","0",0," "," ","0",3," "," ","0",0," "," ","0",0," "," ","0",0," "," ","0",0," "," ","0",0," "," ","0",0," "," ","0",0," "," ","0",0," "," ","0",3," "," ","0",0," "," ","0"
"723","USC00359461",1970,3,"SNOW",0," "," ","0",0," "," ","0",0," "," ","0",0," "," ","0",0," "," ","0",0," "," ","0",0," "," ","0",0," "," ","0",0," "," ","0",0," "," ","0",0," "," ","0",0," "," ","0",0," "," ","0",0," "," ","0",0," "," ","0",0," "," ","0",0," "," ","0",0," "," ","0",0," "," ","0",0," "," ","0",0," "," ","0",0," "," ","0",0," "," ","0",0," "," ","0",0," "," ","0",0," "," ","0",0," "," ","0",0," "," ","0",0," "," ","0",0," "," ","0",0," "," ","0"
"724","USC00359461",1970,3,"SNWD",0," "," ","0",0," "," ","0",0," "," ","0",0," "," ","0",0," "," ","0",0," "," ","0",0," "," ","0",0," "," ","0",0," "," ","0",0," "," ","0",0," "," ","0",0," "," ","0",0," "," ","0",0," "," ","0",0," "," ","0",0," "," ","0",0," "," ","0",0," "," ","0",0," "," ","0",0," "," ","0",0," "," ","0",0," "," ","0",0," "," ","0",0," "," ","0",0," "," ","0",0," "," ","0",0," "," ","0",0," "," ","0",0," "," ","0",0," "," ","0",0," "," ","0"
"725","USC00359461",1970,4,"PRCP",0," "," ","0",0," "," ","0",0," "," ","0",0," "," ","0",0," "," ","0",0," "," ","0",20," "," ","0",0," "," ","0",0," "," ","0",81," "," ","0",10," "," ","0",0,"T"," ","0",0," "," ","0",18," "," ","0",20," "," ","0",0," "," ","0",0," "," ","0",0," "," ","0",114," "," ","0",46," "," ","0",5," "," ","0",8," "," ","0",8," "," ","0",13," "," ","0",10," "," ","0",48," "," ","0",13," "," ","0",18," "," ","0",5," "," ","0",86," "," ","0",NA," "," "," "
"726","USC00359461",1970,4,"SNOW",0," "," ","0",0," "," ","0",0," "," ","0",0," "," ","0",0," "," ","0",0," "," ","0",0," "," ","0",0," "," ","0",0," "," ","0",0," "," ","0",0," "," ","0",0," "," ","0",0," "," ","0",0," "," ","0",0," "," ","0",0," "," ","0",0," "," ","0",0," "," ","0",0," "," ","0",0," "," ","0",0," "," ","0",0," "," ","0",0," "," ","0",0," "," ","0",0," "," ","0",0," "," ","0",0," "," ","0",0," "," ","0",0," "," ","0",0," "," ","0",NA," "," "," "
"727","USC00359461",1970,4,"SNWD",0," "," ","0",0," "," ","0",0," "," ","0",0," "," ","0",0," "," ","0",0," "," ","0",0," "," ","0",0," "," ","0",0," "," ","0",0," "," ","0",0," "," ","0",0," "," ","0",0," "," ","0",0," "," ","0",0," "," ","0",0," "," ","0",0," "," ","0",0," "," ","0",0," "," ","0",0," "," ","0",0," "," ","0",0," "," ","0",0," "," ","0",0," "," ","0",0," "," ","0",0," "," ","0",0," "," ","0",0," "," ","0",0," "," ","0",0," "," ","0",NA," "," "," "
"728","USC00359461",1970,5,"PRCP",3," "," ","0",0," "," ","0",0," "," ","0",0," "," ","0",0," "," ","0",0," "," ","0",0," "," ","0",71," "," ","0",23," "," ","0",66," "," ","0",51," "," ","0",28," "," ","0",0,"T"," ","0",0," "," ","0",0," "," ","0",0," "," ","0",0," "," ","0",0," "," ","0",0," "," ","0",0," "," ","0",0," "," ","0",0," "," ","0",0," "," ","0",0," "," ","0",0," "," ","0",0," "," ","0",0," "," ","0",0," "," ","0",0," "," ","0",0," "," ","0",0," "," ","0"
"729","USC00359461",1970,5,"SNOW",0," "," ","0",0," "," ","0",0," "," ","0",0," "," ","0",0," "," ","0",0," "," ","0",0," "," ","0",0," "," ","0",0," "," ","0",0," "," ","0",0," "," ","0",0," "," ","0",0," "," ","0",0," "," ","0",0," "," ","0",0," "," ","0",0," "," ","0",0," "," ","0",0," "," ","0",0," "," ","0",0," "," ","0",0," "," ","0",0," "," ","0",0," "," ","0",0," "," ","0",0," "," ","0",0," "," ","0",0," "," ","0",0," "," ","0",0," "," ","0",0," "," ","0"
"730","USC00359461",1970,5,"SNWD",0," "," ","0",0," "," ","0",0," "," ","0",0," "," ","0",0," "," ","0",0," "," ","0",0," "," ","0",0," "," ","0",0," "," ","0",0," "," ","0",0," "," ","0",0," "," ","0",0," "," ","0",0," "," ","0",0," "," ","0",0," "," ","0",0," "," ","0",0," "," ","0",0," "," ","0",0," "," ","0",0," "," ","0",0," "," ","0",0," "," ","0",0," "," ","0",0," "," ","0",0," "," ","0",0," "," ","0",0," "," ","0",0," "," ","0",0," "," ","0",0," "," ","0"
"731","USC00359461",1970,6,"PRCP",0," "," ","0",0," "," ","0",0," "," ","0",0," "," ","0",0," "," ","0",0," "," ","0",0," "," ","0",0," "," ","0",23," "," ","0",5," "," ","0",3," "," ","0",3," "," ","0",0," "," ","0",0," "," ","0",3," "," ","0",3," "," ","0",0," "," ","0",0," "," ","0",0," "," ","0",0," "," ","0",10," "," ","0",0," "," ","0",0," "," ","0",0," "," ","0",0," "," ","0",0," "," ","0",0," "," ","0",3," "," ","0",3," "," ","0",0,"T"," ","0",NA," "," "," "
"732","USC00359461",1970,6,"SNOW",0," "," ","0",0," "," ","0",0," "," ","0",0," "," ","0",0," "," ","0",0," "," ","0",0," "," ","0",0," "," ","0",0," "," ","0",0," "," ","0",0," "," ","0",0," "," ","0",0," "," ","0",0," "," ","0",0," "," ","0",0," "," ","0",0," "," ","0",0," "," ","0",0," "," ","0",0," "," ","0",0," "," ","0",0," "," ","0",0," "," ","0",0," "," ","0",0," "," ","0",0," "," ","0",0," "," ","0",0," "," ","0",0," "," ","0",0," "," ","0",NA," "," "," "
"733","USC00359461",1970,6,"SNWD",0," "," ","0",0," "," ","0",0," "," ","0",0," "," ","0",0," "," ","0",0," "," ","0",0," "," ","0",0," "," ","0",0," "," ","0",0," "," ","0",0," "," ","0",0," "," ","0",0," "," ","0",0," "," ","0",0," "," ","0",0," "," ","0",0," "," ","0",0," "," ","0",0," "," ","0",0," "," ","0",0," "," ","0",0," "," ","0",0," "," ","0",0," "," ","0",0," "," ","0",0," "," ","0",0," "," ","0",0," "," ","0",0," "," ","0",0," "," ","0",NA," "," "," "
"734","USC00359461",1970,7,"PRCP",20," "," ","0",0," "," ","0",0," "," ","0",0," "," ","0",0," "," ","0",0," "," ","0",0," "," ","0",0," "," ","0",0," "," ","0",0," "," ","0",0," "," ","0",0," "," ","0",0," "," ","0",0," "," ","0",0," "," ","0",0," "," ","0",0," "," ","0",0," "," ","0",0," "," ","0",0," "," ","0",0," "," ","0",0," "," ","0",0," "," ","0",0," "," ","0",0," "," ","0",0," "," ","0",0," "," ","0",0," "," ","0",0," "," ","0",0," "," ","0",0," "," ","0"
"735","USC00359461",1970,7,"SNOW",0," "," ","0",0," "," ","0",0," "," ","0",0," "," ","0",0," "," ","0",0," "," ","0",0," "," ","0",0," "," ","0",0," "," ","0",0," "," ","0",0," "," ","0",0," "," ","0",0," "," ","0",0," "," ","0",0," "," ","0",0," "," ","0",0," "," ","0",0," "," ","0",0," "," ","0",0," "," ","0",0," "," ","0",0," "," ","0",0," "," ","0",0," "," ","0",0," "," ","0",0," "," ","0",0," "," ","0",0," "," ","0",0," "," ","0",0," "," ","0",0," "," ","0"
"736","USC00359461",1970,7,"SNWD",0," "," ","0",0," "," ","0",0," "," ","0",0," "," ","0",0," "," ","0",0," "," ","0",0," "," ","0",0," "," ","0",0," "," ","0",0," "," ","0",0," "," ","0",0," "," ","0",0," "," ","0",0," "," ","0",0," "," ","0",0," "," ","0",0," "," ","0",0," "," ","0",0," "," ","0",0," "," ","0",0," "," ","0",0," "," ","0",0," "," ","0",0," "," ","0",0," "," ","0",0," "," ","0",0," "," ","0",0," "," ","0",0," "," ","0",0," "," ","0",0," "," ","0"
"737","USC00359461",1970,8,"PRCP",0," "," ","0",0," "," ","0",0," "," ","0",0," "," ","0",0," "," ","0",0," "," ","0",0," "," ","0",0," "," ","0",0," "," ","0",0," "," ","0",0," "," ","0",0," "," ","0",0," "," ","0",0," "," ","0",0," "," ","0",0," "," ","0",0," "," ","0",0," "," ","0",0," "," ","0",0," "," ","0",0," "," ","0",0," "," ","0",0," "," ","0",0," "," ","0",0," "," ","0",0," "," ","0",0," "," ","0",0," "," ","0",0," "," ","0",0," "," ","0",0," "," ","0"
"738","USC00359461",1970,8,"SNOW",0," "," ","0",0," "," ","0",0," "," ","0",0," "," ","0",0," "," ","0",0," "," ","0",0," "," ","0",0," "," ","0",0," "," ","0",0," "," ","0",0," "," ","0",0," "," ","0",0," "," ","0",0," "," ","0",0," "," ","0",0," "," ","0",0," "," ","0",0," "," ","0",0," "," ","0",0," "," ","0",0," "," ","0",0," "," ","0",0," "," ","0",0," "," ","0",0," "," ","0",0," "," ","0",0," "," ","0",0," "," ","0",0," "," ","0",0," "," ","0",0," "," ","0"
"739","USC00359461",1970,8,"SNWD",0," "," ","0",0," "," ","0",0," "," ","0",0," "," ","0",0," "," ","0",0," "," ","0",0," "," ","0",0," "," ","0",0," "," ","0",0," "," ","0",0," "," ","0",0," "," ","0",0," "," ","0",0," "," ","0",0," "," ","0",0," "," ","0",0," "," ","0",0," "," ","0",0," "," ","0",0," "," ","0",0," "," ","0",0," "," ","0",0," "," ","0",0," "," ","0",0," "," ","0",0," "," ","0",0," "," ","0",0," "," ","0",0," "," ","0",0," "," ","0",0," "," ","0"
"740","USC00359461",1970,9,"PRCP",0," "," ","0",0," "," ","0",0," "," ","0",74," "," ","0",201," "," ","0",3," "," ","0",5," "," ","0",3," "," ","0",0," "," ","0",0," "," ","0",0," "," ","0",0," "," ","0",0," "," ","0",0," "," ","0",0," "," ","0",0," "," ","0",0," "," ","0",18," "," ","0",3," "," ","0",33," "," ","0",30," "," ","0",0," "," ","0",0,"T"," ","0",0," "," ","0",0," "," ","0",0," "," ","0",0," "," ","0",0," "," ","0",0," "," ","0",0," "," ","0",NA," "," "," "
"741","USC00359461",1970,9,"SNOW",0," "," ","0",0," "," ","0",0," "," ","0",0," "," ","0",0," "," ","0",0," "," ","0",0," "," ","0",0," "," ","0",0," "," ","0",0," "," ","0",0," "," ","0",0," "," ","0",0," "," ","0",0," "," ","0",0," "," ","0",0," "," ","0",0," "," ","0",0," "," ","0",0," "," ","0",0," "," ","0",0," "," ","0",0," "," ","0",0," "," ","0",0," "," ","0",0," "," ","0",0," "," ","0",0," "," ","0",0," "," ","0",0," "," ","0",0," "," ","0",NA," "," "," "
"742","USC00359461",1970,9,"SNWD",0," "," ","0",0," "," ","0",0," "," ","0",0," "," ","0",0," "," ","0",0," "," ","0",0," "," ","0",0," "," ","0",0," "," ","0",0," "," ","0",0," "," ","0",0," "," ","0",0," "," ","0",0," "," ","0",0," "," ","0",0," "," ","0",0," "," ","0",0," "," ","0",0," "," ","0",0," "," ","0",0," "," ","0",0," "," ","0",0," "," ","0",0," "," ","0",0," "," ","0",0," "," ","0",0," "," ","0",0," "," ","0",0," "," ","0",0," "," ","0",NA," "," "," "
"743","USC00359461",1970,10,"PRCP",0," "," ","0",0," "," ","0",0," "," ","0",0," "," ","0",0,"T"," ","0",13," "," ","0",30," "," ","0",0," "," ","0",0," "," ","0",0," "," ","0",0," "," ","0",0," "," ","0",0," "," ","0",0," "," ","0",0," "," ","0",0," "," ","0",0," "," ","0",33," "," ","0",18," "," ","0",74," "," ","0",3," "," ","0",249," "," ","0",145," "," ","0",102," "," ","0",91," "," ","0",137," "," ","0",0,"T"," ","0",0,"T"," ","0",0,"T"," ","0",0," "," ","0",0," "," ","0"
"744","USC00359461",1970,10,"SNOW",0," "," ","0",0," "," ","0",0," "," ","0",0," "," ","0",0," "," ","0",0," "," ","0",0," "," ","0",0," "," ","0",0," "," ","0",0," "," ","0",0," "," ","0",0," "," ","0",0," "," ","0",0," "," ","0",0," "," ","0",0," "," ","0",0," "," ","0",0," "," ","0",0," "," ","0",0," "," ","0",0," "," ","0",0," "," ","0",0," "," ","0",0," "," ","0",0," "," ","0",0," "," ","0",0," "," ","0",0," "," ","0",0," "," ","0",0," "," ","0",0," "," ","0"
"745","USC00359461",1970,10,"SNWD",0," "," ","0",0," "," ","0",0," "," ","0",0," "," ","0",0," "," ","0",0," "," ","0",0," "," ","0",0," "," ","0",0," "," ","0",0," "," ","0",0," "," ","0",0," "," ","0",0," "," ","0",0," "," ","0",0," "," ","0",0," "," ","0",0," "," ","0",0," "," ","0",0," "," ","0",0," "," ","0",0," "," ","0",0," "," ","0",0," "," ","0",0," "," ","0",0," "," ","0",0," "," ","0",0," "," ","0",0," "," ","0",0," "," ","0",0," "," ","0",0," "," ","0"
"746","USC00359461",1970,11,"PRCP",0," "," ","0",0," "," ","0",0," "," ","0",15," "," ","0",66," "," ","0",30," "," ","0",20," "," ","0",36," "," ","0",140," "," ","0",10," "," ","0",145," "," ","0",97," "," ","0",3," "," ","0",0," "," ","0",0," "," ","0",36," "," ","0",0,"T"," ","0",8," "," ","0",8," "," ","0",0," "," ","0",0,"T"," ","0",25," "," ","0",140," "," ","0",262," "," ","0",13," "," ","0",38," "," ","0",185," "," ","0",36," "," ","0",0,"T"," ","0",38," "," ","0",NA," "," "," "
"747","USC00359461",1970,11,"SNOW",0," "," ","0",0," "," ","0",0," "," ","0",0," "," ","0",0," "," ","0",0," "," ","0",0," "," ","0",0," "," ","0",0," "," ","0",0," "," ","0",0," "," ","0",0," "," ","0",0," "," ","0",0," "," ","0",0," "," ","0",0," "," ","0",0," "," ","0",0," "," ","0",0," "," ","0",0," "," ","0",0," "," ","0",0," "," ","0",0," "," ","0",0," "," ","0",0," "," ","0",0," "," ","0",0," "," ","0",0," "," ","0",0," "," ","0",0," "," ","0",NA," "," "," "
"748","USC00359461",1970,11,"SNWD",0," "," ","0",0," "," ","0",0," "," ","0",0," "," ","0",0," "," ","0",0," "," ","0",0," "," ","0",0," "," ","0",0," "," ","0",0," "," ","0",0," "," ","0",0," "," ","0",0," "," ","0",0," "," ","0",0," "," ","0",0," "," ","0",0," "," ","0",0," "," ","0",0," "," ","0",0," "," ","0",0," "," ","0",0," "," ","0",0," "," ","0",0," "," ","0",0," "," ","0",0," "," ","0",0," "," ","0",0," "," ","0",0," "," ","0",0," "," ","0",NA," "," "," "
"749","USC00359461",1970,12,"PRCP",221," "," ","0",188," "," ","0",53," "," ","0",102," "," ","0",0," "," ","0",3," "," ","0",89," "," ","0",0,"T"," ","0",20," "," ","0",18," "," ","0",30," "," ","0",0,"T"," ","0",28," "," ","0",13," "," ","0",104," "," ","0",216," "," ","0",61," "," ","0",3," "," ","0",0," "," ","0",28," "," ","0",13," "," ","0",0,"T"," ","0",0," "," ","0",0," "," ","0",0," "," ","0",0," "," ","0",5," "," ","0",20," "," ","0",305," "," ","0",76," "," ","0",239," "," ","0"
"750","USC00359461",1970,12,"SNOW",0," "," ","0",0," "," ","0",0," "," ","0",0," "," ","0",0," "," ","0",0," "," ","0",0," "," ","0",0," "," ","0",0," "," ","0",0," "," ","0",0," "," ","0",0," "," ","0",0," "," ","0",0," "," ","0",0," "," ","0",0," "," ","0",0," "," ","0",0," "," ","0",0," "," ","0",0," "," ","0",0," "," ","0",0," "," ","0",0," "," ","0",0," "," ","0",0," "," ","0",0," "," ","0",0," "," ","0",0," "," ","0",0," "," ","0",0," "," ","0",0," "," ","0"
"751","USC00359461",1970,12,"SNWD",0," "," ","0",0," "," ","0",0," "," ","0",0," "," ","0",0," "," ","0",0," "," ","0",0," "," ","0",0," "," ","0",0," "," ","0",0," "," ","0",0," "," ","0",0," "," ","0",0," "," ","0",0," "," ","0",0," "," ","0",0," "," ","0",0," "," ","0",0," "," ","0",0," "," ","0",0," "," ","0",0," "," ","0",0," "," ","0",0," "," ","0",0," "," ","0",0," "," ","0",0," "," ","0",0," "," ","0",0," "," ","0",0," "," ","0",0," "," ","0",0," "," ","0"
"752","USC00359461",1971,1,"PRCP",25," "," ","0",0," "," ","0",0," "," ","0",0," "," ","0",0," "," ","0",0," "," ","0",0," "," ","0",0," "," ","0",36," "," ","0",28," "," ","0",30," "," ","0",56," "," ","0",81," "," ","0",124," "," ","0",104," "," ","0",132," "," ","0",373," "," ","0",445," "," ","0",71," "," ","0",94," "," ","0",0,"T"," ","0",0," "," ","0",8," "," ","0",0,"T"," ","0",8," "," ","0",0," "," ","0",0," "," ","0",0," "," ","0",0," "," ","0",0," "," ","0",0," "," ","0"
"753","USC00359461",1971,1,"SNOW",0," "," ","0",0," "," ","0",0," "," ","0",0," "," ","0",0," "," ","0",0," "," ","0",0," "," ","0",0," "," ","0",0," "," ","0",0," "," ","0",0," "," ","0",13," "," ","0",91," "," ","0",89," "," ","0",0," "," ","0",0," "," ","0",0," "," ","0",0," "," ","0",0," "," ","0",0," "," ","0",0," "," ","0",0," "," ","0",0," "," ","0",0," "," ","0",0," "," ","0",0," "," ","0",0," "," ","0",0," "," ","0",0," "," ","0",0," "," ","0",0," "," ","0"
"754","USC00359461",1971,1,"SNWD",0," "," ","0",0," "," ","0",0," "," ","0",0," "," ","0",0," "," ","0",0," "," ","0",0," "," ","0",0," "," ","0",0," "," ","0",0," "," ","0",0," "," ","0",25," "," ","0",102," "," ","0",152," "," ","0",0," "," ","0",0," "," ","0",0," "," ","0",0," "," ","0",0," "," ","0",0," "," ","0",0," "," ","0",0," "," ","0",0," "," ","0",0," "," ","0",0," "," ","0",0," "," ","0",0," "," ","0",0," "," ","0",0," "," ","0",0," "," ","0",0," "," ","0"
"755","USC00359461",1971,2,"PRCP",0," "," ","0",8," "," ","0",13," "," ","0",117," "," ","0",157," "," ","0",8," "," ","0",0,"T"," ","0",0,"T"," ","0",0,"T"," ","0",8," "," ","0",0,"T"," ","0",0," "," ","0",0," "," ","0",0," "," ","0",94," "," ","0",30," "," ","0",8," "," ","0",0,"T"," ","0",91," "," ","0",0," "," ","0",0," "," ","0",43," "," ","0",28," "," ","0",13," "," ","0",94," "," ","0",33," "," ","0",183," "," ","0",145," "," ","0",NA," "," "," ",NA," "," "," ",NA," "," "," "
"756","USC00359461",1971,3,"PRCP",15," "," ","0",0," "," ","0",69," "," ","0",117," "," ","0",119," "," ","0",0,"T"," ","0",0,"T"," ","0",0," "," ","0",0," "," ","0",20," "," ","0",86," "," ","0",175," "," ","0",145," "," ","0",89," "," ","0",41," "," ","0",10," "," ","0",5," "," ","0",0," "," ","0",0," "," ","0",0," "," ","0",0," "," ","0",10," "," ","0",173," "," ","0",71," "," ","0",13," "," ","0",140," "," ","0",102," "," ","0",0,"T"," ","0",5," "," ","0",28," "," ","0",91," "," ","0"
"757","USC00359461",1971,3,"SNOW",0," "," ","0",0," "," ","0",0," "," ","0",0," "," ","0",0," "," ","0",0," "," ","0",0," "," ","0",0," "," ","0",0," "," ","0",0," "," ","0",0," "," ","0",0," "," ","0",0," "," ","0",0," "," ","0",0," "," ","0",0," "," ","0",0," "," ","0",0," "," ","0",0," "," ","0",0," "," ","0",0," "," ","0",0," "," ","0",0," "," ","0",0," "," ","0",0," "," ","0",0," "," ","0",0," "," ","0",0," "," ","0",0," "," ","0",0," "," ","0",0," "," ","0"
"758","USC00359461",1971,3,"SNWD",0," "," ","0",0," "," ","0",0," "," ","0",0," "," ","0",0," "," ","0",0," "," ","0",0," "," ","0",0," "," ","0",0," "," ","0",0," "," ","0",0," "," ","0",0," "," ","0",0," "," ","0",0," "," ","0",0," "," ","0",0," "," ","0",0," "," ","0",0," "," ","0",0," "," ","0",0," "," ","0",0," "," ","0",0," "," ","0",0," "," ","0",0," "," ","0",0," "," ","0",0," "," ","0",0," "," ","0",0," "," ","0",0," "," ","0",0," "," ","0",0," "," ","0"
"759","USC00359461",1971,4,"PRCP",0," "," ","0",0," "," ","0",0," "," ","0",0," "," ","0",0," "," ","0",0," "," ","0",8," "," ","0",0,"T"," ","0",53," "," ","0",147," "," ","0",15," "," ","0",33," "," ","0",0,"T"," ","0",0," "," ","0",5," "," ","0",5," "," ","0",53," "," ","0",58," "," ","0",0," "," ","0",66," "," ","0",28," "," ","0",3," "," ","0",46," "," ","0",53," "," ","0",33," "," ","0",0," "," ","0",0," "," ","0",0," "," ","0",0," "," ","0",0," "," ","0",NA," "," "," "
"760","USC00359461",1971,4,"SNOW",0," "," ","0",0," "," ","0",0," "," ","0",0," "," ","0",0," "," ","0",0," "," ","0",0," "," ","0",0," "," ","0",0," "," ","0",0," "," ","0",0," "," ","0",0," "," ","0",0," "," ","0",0," "," ","0",0," "," ","0",0," "," ","0",0," "," ","0",0," "," ","0",0," "," ","0",0," "," ","0",0," "," ","0",0," "," ","0",0," "," ","0",0," "," ","0",0," "," ","0",0," "," ","0",0," "," ","0",0," "," ","0",0," "," ","0",0," "," ","0",NA," "," "," "
"761","USC00359461",1971,4,"SNWD",0," "," ","0",0," "," ","0",0," "," ","0",0," "," ","0",0," "," ","0",0," "," ","0",0," "," ","0",0," "," ","0",0," "," ","0",0," "," ","0",0," "," ","0",0," "," ","0",0," "," ","0",0," "," ","0",0," "," ","0",0," "," ","0",0," "," ","0",0," "," ","0",0," "," ","0",0," "," ","0",0," "," ","0",0," "," ","0",0," "," ","0",0," "," ","0",0," "," ","0",0," "," ","0",0," "," ","0",0," "," ","0",0," "," ","0",0," "," ","0",NA," "," "," "
"762","USC00359461",1971,5,"PRCP",0," "," ","0",3," "," ","0",5," "," ","0",3," "," ","0",41," "," ","0",0,"T"," ","0",0," "," ","0",0," "," ","0",0," "," ","0",0," "," ","0",0," "," ","0",8," "," ","0",20," "," ","0",0," "," ","0",0," "," ","0",124," "," ","0",3," "," ","0",0," "," ","0",0," "," ","0",0," "," ","0",23," "," ","0",0," "," ","0",0," "," ","0",0," "," ","0",0," "," ","0",173," "," ","0",20," "," ","0",0,"T"," ","0",0," "," ","0",0,"T"," ","0",0,"T"," ","0"
"763","USC00359461",1971,5,"SNOW",0," "," ","0",0," "," ","0",0," "," ","0",0," "," ","0",0," "," ","0",0," "," ","0",0," "," ","0",0," "," ","0",0," "," ","0",0," "," ","0",0," "," ","0",0," "," ","0",0," "," ","0",0," "," ","0",0," "," ","0",0," "," ","0",0," "," ","0",0," "," ","0",0," "," ","0",0," "," ","0",0," "," ","0",0," "," ","0",0," "," ","0",0," "," ","0",0," "," ","0",0," "," ","0",0," "," ","0",0," "," ","0",0," "," ","0",0," "," ","0",0," "," ","0"
"764","USC00359461",1971,5,"SNWD",0," "," ","0",0," "," ","0",0," "," ","0",0," "," ","0",0," "," ","0",0," "," ","0",0," "," ","0",0," "," ","0",0," "," ","0",0," "," ","0",0," "," ","0",0," "," ","0",0," "," ","0",0," "," ","0",0," "," ","0",0," "," ","0",0," "," ","0",0," "," ","0",0," "," ","0",0," "," ","0",0," "," ","0",0," "," ","0",0," "," ","0",0," "," ","0",0," "," ","0",0," "," ","0",0," "," ","0",0," "," ","0",0," "," ","0",0," "," ","0",0," "," ","0"
"765","USC00359461",1971,6,"PRCP",107," "," ","0",3," "," ","0",0,"T"," ","0",5," "," ","0",0," "," ","0",0," "," ","0",0," "," ","0",0," "," ","0",0," "," ","0",18," "," ","0",0," "," ","0",0," "," ","0",43," "," ","0",8," "," ","0",0," "," ","0",0," "," ","0",0," "," ","0",76," "," ","0",0,"T"," ","0",0," "," ","0",0," "," ","0",0," "," ","0",0," "," ","0",0," "," ","0",140," "," ","0",10," "," ","0",0," "," ","0",0," "," ","0",0," "," ","0",0," "," ","0",NA," "," "," "
"766","USC00359461",1971,6,"SNOW",0," "," ","0",0," "," ","0",0," "," ","0",0," "," ","0",0," "," ","0",0," "," ","0",0," "," ","0",0," "," ","0",0," "," ","0",0," "," ","0",0," "," ","0",0," "," ","0",0," "," ","0",0," "," ","0",0," "," ","0",0," "," ","0",0," "," ","0",0," "," ","0",0," "," ","0",0," "," ","0",0," "," ","0",0," "," ","0",0," "," ","0",0," "," ","0",0," "," ","0",0," "," ","0",0," "," ","0",0," "," ","0",0," "," ","0",0," "," ","0",NA," "," "," "
"767","USC00359461",1971,6,"SNWD",0," "," ","0",0," "," ","0",0," "," ","0",0," "," ","0",0," "," ","0",0," "," ","0",0," "," ","0",0," "," ","0",0," "," ","0",0," "," ","0",0," "," ","0",0," "," ","0",0," "," ","0",0," "," ","0",0," "," ","0",0," "," ","0",0," "," ","0",0," "," ","0",0," "," ","0",0," "," ","0",0," "," ","0",0," "," ","0",0," "," ","0",0," "," ","0",0," "," ","0",0," "," ","0",0," "," ","0",0," "," ","0",0," "," ","0",0," "," ","0",NA," "," "," "
"768","USC00359461",1971,7,"PRCP",0," "," ","0",0," "," ","0",0," "," ","0",0," "," ","0",0," "," ","0",0," "," ","0",0," "," ","0",0," "," ","0",0," "," ","0",0," "," ","0",0," "," ","0",0," "," ","0",0," "," ","0",0," "," ","0",0," "," ","0",0," "," ","0",0," "," ","0",0," "," ","0",0," "," ","0",0," "," ","0",0," "," ","0",0," "," ","0",0," "," ","0",0," "," ","0",0," "," ","0",0," "," ","0",0," "," ","0",0," "," ","0",0," "," ","0",0," "," ","0",0," "," ","0"
"769","USC00359461",1971,7,"SNOW",0," "," ","0",0," "," ","0",0," "," ","0",0," "," ","0",0," "," ","0",0," "," ","0",0," "," ","0",0," "," ","0",0," "," ","0",0," "," ","0",0," "," ","0",0," "," ","0",0," "," ","0",0," "," ","0",0," "," ","0",0," "," ","0",0," "," ","0",0," "," ","0",0," "," ","0",0," "," ","0",0," "," ","0",0," "," ","0",0," "," ","0",0," "," ","0",0," "," ","0",0," "," ","0",0," "," ","0",0," "," ","0",0," "," ","0",0," "," ","0",0," "," ","0"
"770","USC00359461",1971,7,"SNWD",0," "," ","0",0," "," ","0",0," "," ","0",0," "," ","0",0," "," ","0",0," "," ","0",0," "," ","0",0," "," ","0",0," "," ","0",0," "," ","0",0," "," ","0",0," "," ","0",0," "," ","0",0," "," ","0",0," "," ","0",0," "," ","0",0," "," ","0",0," "," ","0",0," "," ","0",0," "," ","0",0," "," ","0",0," "," ","0",0," "," ","0",0," "," ","0",0," "," ","0",0," "," ","0",0," "," ","0",0," "," ","0",0," "," ","0",0," "," ","0",0," "," ","0"
"771","USC00359461",1971,8,"PRCP",0," "," ","0",0," "," ","0",0," "," ","0",0," "," ","0",0," "," ","0",0," "," ","0",0," "," ","0",0," "," ","0",0," "," ","0",0," "," ","0",0," "," ","0",0," "," ","0",0," "," ","0",0," "," ","0",0," "," ","0",0," "," ","0",0," "," ","0",0," "," ","0",0," "," ","0",0," "," ","0",0,"T"," ","0",51," "," ","0",0,"T"," ","0",0," "," ","0",0," "," ","0",0," "," ","0",0,"T"," ","0",3," "," ","0",0," "," ","0",0," "," ","0",51," "," ","0"
"772","USC00359461",1971,8,"SNOW",0," "," ","0",0," "," ","0",0," "," ","0",0," "," ","0",0," "," ","0",0," "," ","0",0," "," ","0",0," "," ","0",0," "," ","0",0," "," ","0",0," "," ","0",0," "," ","0",0," "," ","0",0," "," ","0",0," "," ","0",0," "," ","0",0," "," ","0",0," "," ","0",0," "," ","0",0," "," ","0",0," "," ","0",0," "," ","0",0," "," ","0",0," "," ","0",0," "," ","0",0," "," ","0",0," "," ","0",0," "," ","0",0," "," ","0",0," "," ","0",0," "," ","0"
"773","USC00359461",1971,8,"SNWD",0," "," ","0",0," "," ","0",0," "," ","0",0," "," ","0",0," "," ","0",0," "," ","0",0," "," ","0",0," "," ","0",0," "," ","0",0," "," ","0",0," "," ","0",0," "," ","0",0," "," ","0",0," "," ","0",0," "," ","0",0," "," ","0",0," "," ","0",0," "," ","0",0," "," ","0",0," "," ","0",0," "," ","0",0," "," ","0",0," "," ","0",0," "," ","0",0," "," ","0",0," "," ","0",0," "," ","0",0," "," ","0",0," "," ","0",0," "," ","0",0," "," ","0"
"774","USC00359461",1971,9,"PRCP",61," "," ","0",33," "," ","0",36," "," ","0",0," "," ","0",0," "," ","0",10," "," ","0",0," "," ","0",0," "," ","0",0," "," ","0",5," "," ","0",0," "," ","0",0," "," ","0",0," "," ","0",0," "," ","0",0," "," ","0",0," "," ","0",0," "," ","0",0," "," ","0",0," "," ","0",0," "," ","0",0," "," ","0",0," "," ","0",0," "," ","0",0," "," ","0",8," "," ","0",89," "," ","0",28," "," ","0",33," "," ","0",173," "," ","0",58," "," ","0",NA," "," "," "
"775","USC00359461",1971,9,"SNOW",0," "," ","0",0," "," ","0",0," "," ","0",0," "," ","0",0," "," ","0",0," "," ","0",0," "," ","0",0," "," ","0",0," "," ","0",0," "," ","0",0," "," ","0",0," "," ","0",0," "," ","0",0," "," ","0",0," "," ","0",0," "," ","0",0," "," ","0",0," "," ","0",0," "," ","0",0," "," ","0",0," "," ","0",0," "," ","0",0," "," ","0",0," "," ","0",0," "," ","0",0," "," ","0",0," "," ","0",0," "," ","0",0," "," ","0",0," "," ","0",NA," "," "," "
"776","USC00359461",1971,9,"SNWD",0," "," ","0",0," "," ","0",0," "," ","0",0," "," ","0",0," "," ","0",0," "," ","0",0," "," ","0",0," "," ","0",0," "," ","0",0," "," ","0",0," "," ","0",0," "," ","0",0," "," ","0",0," "," ","0",0," "," ","0",0," "," ","0",0," "," ","0",0," "," ","0",0," "," ","0",0," "," ","0",0," "," ","0",0," "," ","0",0," "," ","0",0," "," ","0",0," "," ","0",0," "," ","0",0," "," ","0",0," "," ","0",0," "," ","0",0," "," ","0",NA," "," "," "
"777","USC00359461",1971,10,"PRCP",0,"T"," ","0",0," "," ","0",0," "," ","0",0," "," ","0",0," "," ","0",0," "," ","0",0," "," ","0",0," "," ","0",0," "," ","0",0," "," ","0",0," "," ","0",0," "," ","0",0," "," ","0",0," "," ","0",43," "," ","0",8," "," ","0",0," "," ","0",0," "," ","0",0," "," ","0",112," "," ","0",0,"T"," ","0",0," "," ","0",51," "," ","0",28," "," ","0",0," "," ","0",8," "," ","0",102," "," ","0",5," "," ","0",0," "," ","0",76," "," ","0",38," "," ","0"
"778","USC00359461",1971,10,"SNOW",0," "," ","0",0," "," ","0",0," "," ","0",0," "," ","0",0," "," ","0",0," "," ","0",0," "," ","0",0," "," ","0",0," "," ","0",0," "," ","0",0," "," ","0",0," "," ","0",0," "," ","0",0," "," ","0",0," "," ","0",0," "," ","0",0," "," ","0",0," "," ","0",0," "," ","0",0," "," ","0",0," "," ","0",0," "," ","0",0," "," ","0",0," "," ","0",0," "," ","0",0," "," ","0",0," "," ","0",0," "," ","0",0," "," ","0",0," "," ","0",0," "," ","0"
"779","USC00359461",1971,10,"SNWD",0," "," ","0",0," "," ","0",0," "," ","0",0," "," ","0",0," "," ","0",0," "," ","0",0," "," ","0",0," "," ","0",0," "," ","0",0," "," ","0",0," "," ","0",0," "," ","0",0," "," ","0",0," "," ","0",0," "," ","0",0," "," ","0",0," "," ","0",0," "," ","0",0," "," ","0",0," "," ","0",0," "," ","0",0," "," ","0",0," "," ","0",0," "," ","0",0," "," ","0",0," "," ","0",0," "," ","0",0," "," ","0",0," "," ","0",0," "," ","0",0," "," ","0"
"780","USC00359461",1971,11,"PRCP",13," "," ","0",5," "," ","0",0," "," ","0",0," "," ","0",5," "," ","0",0," "," ","0",38," "," ","0",36," "," ","0",0," "," ","0",351," "," ","0",13," "," ","0",51," "," ","0",38," "," ","0",71," "," ","0",3," "," ","0",0," "," ","0",0," "," ","0",0," "," ","0",0," "," ","0",0," "," ","0",0," "," ","0",25," "," ","0",28," "," ","0",132," "," ","0",94," "," ","0",373," "," ","0",333," "," ","0",107," "," ","0",145," "," ","0",25," "," ","0",NA," "," "," "
"781","USC00359461",1971,11,"SNOW",0," "," ","0",0," "," ","0",0," "," ","0",0," "," ","0",0," "," ","0",0," "," ","0",0," "," ","0",0," "," ","0",0," "," ","0",0," "," ","0",0," "," ","0",0," "," ","0",0," "," ","0",0," "," ","0",0," "," ","0",0," "," ","0",0," "," ","0",0," "," ","0",0," "," ","0",0," "," ","0",0," "," ","0",0," "," ","0",0," "," ","0",0," "," ","0",0," "," ","0",0," "," ","0",0," "," ","0",0," "," ","0",0," "," ","0",0," "," ","0",NA," "," "," "
"782","USC00359461",1971,11,"SNWD",0," "," ","0",0," "," ","0",0," "," ","0",0," "," ","0",0," "," ","0",0," "," ","0",0," "," ","0",0," "," ","0",0," "," ","0",0," "," ","0",0," "," ","0",0," "," ","0",0," "," ","0",0," "," ","0",0," "," ","0",0," "," ","0",0," "," ","0",0," "," ","0",0," "," ","0",0," "," ","0",0," "," ","0",0," "," ","0",0," "," ","0",0," "," ","0",0," "," ","0",0," "," ","0",0," "," ","0",0," "," ","0",0," "," ","0",0," "," ","0",NA," "," "," "
"783","USC00359461",1971,12,"PRCP",0," "," ","0",3," "," ","0",66," "," ","0",51," "," ","0",216," "," ","0",147," "," ","0",5," "," ","0",28," "," ","0",170," "," ","0",257," "," ","0",64," "," ","0",127," "," ","0",170," "," ","0",64," "," ","0",119," "," ","0",0,"T"," ","0",0,"T"," ","0",0," "," ","0",0,"T"," ","0",0," "," ","0",0," "," ","0",46," "," ","0",97," "," ","0",38," "," ","0",13," "," ","0",0," "," ","0",0," "," ","0",0," "," ","0",51," "," ","0",8," "," ","0",0," "," ","0"
"784","USC00359461",1971,12,"SNOW",0," "," ","0",0," "," ","0",0," "," ","0",0," "," ","0",0," "," ","0",0," "," ","0",0," "," ","0",0," "," ","0",0," "," ","0",0," "," ","0",0," "," ","0",0," "," ","0",0," "," ","0",0," "," ","0",0," "," ","0",0," "," ","0",0," "," ","0",0," "," ","0",0," "," ","0",0," "," ","0",0," "," ","0",0," "," ","0",0," "," ","0",0," "," ","0",0," "," ","0",0," "," ","0",0," "," ","0",0," "," ","0",0,"T"," ","0",0," "," ","0",0," "," ","0"
"785","USC00359461",1971,12,"SNWD",0," "," ","0",0," "," ","0",0," "," ","0",0," "," ","0",0," "," ","0",0," "," ","0",0," "," ","0",0," "," ","0",0," "," ","0",0," "," ","0",0," "," ","0",0," "," ","0",0," "," ","0",0," "," ","0",0," "," ","0",0," "," ","0",0," "," ","0",0," "," ","0",0," "," ","0",0," "," ","0",0," "," ","0",0," "," ","0",0," "," ","0",0," "," ","0",0," "," ","0",0," "," ","0",0," "," ","0",0," "," ","0",0," "," ","0",0," "," ","0",0," "," ","0"
"786","USC00359461",1972,1,"PRCP",0," "," ","0",0," "," ","0",0," "," ","0",0," "," ","0",0," "," ","0",0," "," ","0",8," "," ","0",0," "," ","0",13," "," ","0",74," "," ","0",76," "," ","0",127," "," ","0",15," "," ","0",0,"T"," ","0",0," "," ","0",0," "," ","0",53," "," ","0",173," "," ","0",10," "," ","0",94," "," ","0",328," "," ","0",302," "," ","0",157," "," ","0",89," "," ","0",15," "," ","0",5," "," ","0",23," "," ","0",5," "," ","0",0," "," ","0",0," "," ","0",0," "," ","0"
"787","USC00359461",1972,1,"SNOW",0," "," ","0",0," "," ","0",0," "," ","0",0," "," ","0",0," "," ","0",0," "," ","0",0," "," ","0",0," "," ","0",0," "," ","0",0," "," ","0",0," "," ","0",0," "," ","0",0," "," ","0",0," "," ","0",0," "," ","0",0," "," ","0",0," "," ","0",0," "," ","0",0," "," ","0",0," "," ","0",0," "," ","0",0," "," ","0",0," "," ","0",0," "," ","0",0," "," ","0",0,"T"," ","0",38," "," ","0",25," "," ","0",0," "," ","0",0," "," ","0",0," "," ","0"
"788","USC00359461",1972,1,"SNWD",0," "," ","0",0," "," ","0",0," "," ","0",0," "," ","0",0," "," ","0",0," "," ","0",0," "," ","0",0," "," ","0",0," "," ","0",0," "," ","0",0," "," ","0",0," "," ","0",0," "," ","0",0," "," ","0",0," "," ","0",0," "," ","0",0," "," ","0",0," "," ","0",0," "," ","0",0," "," ","0",0," "," ","0",0," "," ","0",0," "," ","0",0," "," ","0",0," "," ","0",0,"T"," ","0",51," "," ","0",25," "," ","0",0," "," ","0",0," "," ","0",0," "," ","0"
"789","USC00359461",1972,2,"PRCP",0,"T"," ","0",0," "," ","0",0," "," ","0",0,"T"," ","0",107," "," ","0",15," "," ","0",0,"T"," ","0",0," "," ","0",0," "," ","0",0," "," ","0",8," "," ","0",18," "," ","0",56," "," ","0",33," "," ","0",20," "," ","0",3," "," ","0",5," "," ","0",0," "," ","0",0," "," ","0",36," "," ","0",0," "," ","0",71," "," ","0",206," "," ","0",140," "," ","0",99," "," ","0",132," "," ","0",20," "," ","0",64," "," ","0",107," "," ","0",NA," "," "," ",NA," "," "," "
"790","USC00359461",1972,2,"SNOW",0," "," ","0",0," "," ","0",0," "," ","0",0," "," ","0",0," "," ","0",0," "," ","0",0," "," ","0",0," "," ","0",0," "," ","0",0," "," ","0",0," "," ","0",0," "," ","0",0," "," ","0",0," "," ","0",0," "," ","0",0," "," ","0",0," "," ","0",0," "," ","0",0," "," ","0",0," "," ","0",0," "," ","0",0," "," ","0",0," "," ","0",0," "," ","0",0," "," ","0",0," "," ","0",0," "," ","0",0," "," ","0",0," "," ","0",NA," "," "," ",NA," "," "," "
"791","USC00359461",1972,2,"SNWD",0," "," ","0",0," "," ","0",0," "," ","0",0," "," ","0",0," "," ","0",0," "," ","0",0," "," ","0",0," "," ","0",0," "," ","0",0," "," ","0",0," "," ","0",0," "," ","0",0," "," ","0",0," "," ","0",0," "," ","0",0," "," ","0",0," "," ","0",0," "," ","0",0," "," ","0",0," "," ","0",0," "," ","0",0," "," ","0",0," "," ","0",0," "," ","0",0," "," ","0",0," "," ","0",0," "," ","0",0," "," ","0",0," "," ","0",NA," "," "," ",NA," "," "," "
"792","USC00359461",1972,3,"PRCP",38," "," ","0",457," "," ","0",173," "," ","0",10," "," ","0",13," "," ","0",23," "," ","0",0,"T"," ","0",0," "," ","0",0," "," ","0",20," "," ","0",94," "," ","0",30," "," ","0",66," "," ","0",0,"T"," ","0",0," "," ","0",0," "," ","0",0," "," ","0",8," "," ","0",8," "," ","0",3," "," ","0",0,"T"," ","0",150," "," ","0",13," "," ","0",18," "," ","0",25," "," ","0",36," "," ","0",5," "," ","0",0," "," ","0",0," "," ","0",0," "," ","0",0," "," ","0"
"793","USC00359461",1972,3,"SNOW",0," "," ","0",0," "," ","0",0," "," ","0",0," "," ","0",0," "," ","0",0," "," ","0",0," "," ","0",0," "," ","0",0," "," ","0",0," "," ","0",0," "," ","0",0," "," ","0",0," "," ","0",0," "," ","0",0," "," ","0",0," "," ","0",0," "," ","0",0," "," ","0",0," "," ","0",0," "," ","0",0," "," ","0",0," "," ","0",0," "," ","0",0," "," ","0",0," "," ","0",0," "," ","0",0," "," ","0",0," "," ","0",0," "," ","0",0," "," ","0",0," "," ","0"
"794","USC00359461",1972,3,"SNWD",0," "," ","0",0," "," ","0",0," "," ","0",0," "," ","0",0," "," ","0",0," "," ","0",0," "," ","0",0," "," ","0",0," "," ","0",0," "," ","0",0," "," ","0",0," "," ","0",0," "," ","0",0," "," ","0",0," "," ","0",0," "," ","0",0," "," ","0",0," "," ","0",0," "," ","0",0," "," ","0",0," "," ","0",0," "," ","0",0," "," ","0",0," "," ","0",0," "," ","0",0," "," ","0",0," "," ","0",0," "," ","0",0," "," ","0",0," "," ","0",0," "," ","0"
"795","USC00359461",1972,4,"PRCP",0," "," ","0",66," "," ","0",0,"T"," ","0",13," "," ","0",23," "," ","0",66," "," ","0",137," "," ","0",119," "," ","0",5," "," ","0",25," "," ","0",0,"T"," ","0",208," "," ","0",71," "," ","0",23," "," ","0",0," "," ","0",61," "," ","0",33," "," ","0",0,"T"," ","0",0," "," ","0",0," "," ","0",8," "," ","0",3," "," ","0",0," "," ","0",0,"T"," ","0",5," "," ","0",0," "," ","0",0," "," ","0",10," "," ","0",18," "," ","0",0," "," ","0",NA," "," "," "
"796","USC00359461",1972,4,"SNOW",0," "," ","0",0," "," ","0",0," "," ","0",0," "," ","0",0," "," ","0",0," "," ","0",0," "," ","0",0," "," ","0",0," "," ","0",0," "," ","0",0," "," ","0",0," "," ","0",0," "," ","0",0," "," ","0",0," "," ","0",0," "," ","0",0," "," ","0",0," "," ","0",0," "," ","0",0," "," ","0",0," "," ","0",0," "," ","0",0," "," ","0",0," "," ","0",0," "," ","0",0," "," ","0",0," "," ","0",0," "," ","0",0," "," ","0",0," "," ","0",NA," "," "," "
"797","USC00359461",1972,4,"SNWD",0," "," ","0",0," "," ","0",0," "," ","0",0," "," ","0",0," "," ","0",0," "," ","0",0," "," ","0",0," "," ","0",0," "," ","0",0," "," ","0",0," "," ","0",0," "," ","0",0," "," ","0",0," "," ","0",0," "," ","0",0," "," ","0",0," "," ","0",0," "," ","0",0," "," ","0",0," "," ","0",0," "," ","0",0," "," ","0",0," "," ","0",0," "," ","0",0," "," ","0",0," "," ","0",0," "," ","0",0," "," ","0",0," "," ","0",0," "," ","0",NA," "," "," "
"798","USC00359461",1972,5,"PRCP",0," "," ","0",0," "," ","0",0," "," ","0",0," "," ","0",0," "," ","0",0," "," ","0",0," "," ","0",20," "," ","0",0,"T"," ","0",0," "," ","0",0," "," ","0",0," "," ","0",0," "," ","0",0," "," ","0",0," "," ","0",36," "," ","0",241," "," ","0",15," "," ","0",15," "," ","0",0," "," ","0",0," "," ","0",38," "," ","0",15," "," ","0",5," "," ","0",0," "," ","0",0," "," ","0",0," "," ","0",0," "," ","0",0," "," ","0",0," "," ","0",0," "," ","0"
"799","USC00359461",1972,5,"SNOW",0," "," ","0",0," "," ","0",0," "," ","0",0," "," ","0",0," "," ","0",0," "," ","0",0," "," ","0",0," "," ","0",0," "," ","0",0," "," ","0",0," "," ","0",0," "," ","0",0," "," ","0",0," "," ","0",0," "," ","0",0," "," ","0",0," "," ","0",0," "," ","0",0," "," ","0",0," "," ","0",0," "," ","0",0," "," ","0",0," "," ","0",0," "," ","0",0," "," ","0",0," "," ","0",0," "," ","0",0," "," ","0",0," "," ","0",0," "," ","0",0," "," ","0"
"800","USC00359461",1972,5,"SNWD",0," "," ","0",0," "," ","0",0," "," ","0",0," "," ","0",0," "," ","0",0," "," ","0",0," "," ","0",0," "," ","0",0," "," ","0",0," "," ","0",0," "," ","0",0," "," ","0",0," "," ","0",0," "," ","0",0," "," ","0",0," "," ","0",0," "," ","0",0," "," ","0",0," "," ","0",0," "," ","0",0," "," ","0",0," "," ","0",0," "," ","0",0," "," ","0",0," "," ","0",0," "," ","0",0," "," ","0",0," "," ","0",0," "," ","0",0," "," ","0",0," "," ","0"
"801","USC00359461",1972,6,"PRCP",0," "," ","0",0," "," ","0",0," "," ","0",0," "," ","0",0," "," ","0",0," "," ","0",5," "," ","0",8," "," ","0",41," "," ","0",168," "," ","0",8," "," ","0",0," "," ","0",0," "," ","0",0," "," ","0",0," "," ","0",0," "," ","0",0," "," ","0",0," "," ","0",0," "," ","0",0," "," ","0",0," "," ","0",0," "," ","0",5," "," ","0",0,"T"," ","0",0," "," ","0",0," "," ","0",0," "," ","0",0," "," ","0",0," "," ","0",0," "," ","0",NA," "," "," "
"802","USC00359461",1972,6,"SNOW",0," "," ","0",0," "," ","0",0," "," ","0",0," "," ","0",0," "," ","0",0," "," ","0",0," "," ","0",0," "," ","0",0," "," ","0",0," "," ","0",0," "," ","0",0," "," ","0",0," "," ","0",0," "," ","0",0," "," ","0",0," "," ","0",0," "," ","0",0," "," ","0",0," "," ","0",0," "," ","0",0," "," ","0",0," "," ","0",0," "," ","0",0," "," ","0",0," "," ","0",0," "," ","0",0," "," ","0",0," "," ","0",0," "," ","0",0," "," ","0",NA," "," "," "
"803","USC00359461",1972,6,"SNWD",0," "," ","0",0," "," ","0",0," "," ","0",0," "," ","0",0," "," ","0",0," "," ","0",0," "," ","0",0," "," ","0",0," "," ","0",0," "," ","0",0," "," ","0",0," "," ","0",0," "," ","0",0," "," ","0",0," "," ","0",0," "," ","0",0," "," ","0",0," "," ","0",0," "," ","0",0," "," ","0",0," "," ","0",0," "," ","0",0," "," ","0",0," "," ","0",0," "," ","0",0," "," ","0",0," "," ","0",0," "," ","0",0," "," ","0",0," "," ","0",NA," "," "," "
"804","USC00359461",1972,7,"PRCP",0," "," ","0",0," "," ","0",0," "," ","0",0," "," ","0",0," "," ","0",0," "," ","0",0," "," ","0",0," "," ","0",0,"T"," ","0",0," "," ","0",0," "," ","0",0," "," ","0",0," "," ","0",0," "," ","0",0," "," ","0",0," "," ","0",0," "," ","0",0," "," ","0",0," "," ","0",0," "," ","0",0," "," ","0",0," "," ","0",0," "," ","0",0," "," ","0",0," "," ","0",0," "," ","0",0," "," ","0",0," "," ","0",0," "," ","0",0," "," ","0",0," "," ","0"
"805","USC00359461",1972,7,"SNOW",0," "," ","0",0," "," ","0",0," "," ","0",0," "," ","0",0," "," ","0",0," "," ","0",0," "," ","0",0," "," ","0",0," "," ","0",0," "," ","0",0," "," ","0",0," "," ","0",0," "," ","0",0," "," ","0",0," "," ","0",0," "," ","0",0," "," ","0",0," "," ","0",0," "," ","0",0," "," ","0",0," "," ","0",0," "," ","0",0," "," ","0",0," "," ","0",0," "," ","0",0," "," ","0",0," "," ","0",0," "," ","0",0," "," ","0",0," "," ","0",0," "," ","0"
"806","USC00359461",1972,7,"SNWD",0," "," ","0",0," "," ","0",0," "," ","0",0," "," ","0",0," "," ","0",0," "," ","0",0," "," ","0",0," "," ","0",0," "," ","0",0," "," ","0",0," "," ","0",0," "," ","0",0," "," ","0",0," "," ","0",0," "," ","0",0," "," ","0",0," "," ","0",0," "," ","0",0," "," ","0",0," "," ","0",0," "," ","0",0," "," ","0",0," "," ","0",0," "," ","0",0," "," ","0",0," "," ","0",0," "," ","0",0," "," ","0",0," "," ","0",0," "," ","0",0," "," ","0"
"807","USC00359461",1972,8,"PRCP",0," "," ","0",0," "," ","0",0," "," ","0",0," "," ","0",0," "," ","0",0," "," ","0",0," "," ","0",0," "," ","0",0," "," ","0",0," "," ","0",0," "," ","0",0," "," ","0",0," "," ","0",0," "," ","0",0,"T"," ","0",41," "," ","0",66," "," ","0",0,"T"," ","0",0," "," ","0",48," "," ","0",56," "," ","0",0," "," ","0",0," "," ","0",0," "," ","0",0," "," ","0",0," "," ","0",0," "," ","0",0," "," ","0",0," "," ","0",0," "," ","0",0," "," ","0"
"808","USC00359461",1972,8,"SNOW",0," "," ","0",0," "," ","0",0," "," ","0",0," "," ","0",0," "," ","0",0," "," ","0",0," "," ","0",0," "," ","0",0," "," ","0",0," "," ","0",0," "," ","0",0," "," ","0",0," "," ","0",0," "," ","0",0," "," ","0",0," "," ","0",0," "," ","0",0," "," ","0",0," "," ","0",0," "," ","0",0," "," ","0",0," "," ","0",0," "," ","0",0," "," ","0",0," "," ","0",0," "," ","0",0," "," ","0",0," "," ","0",0," "," ","0",0," "," ","0",0," "," ","0"
"809","USC00359461",1972,8,"SNWD",0," "," ","0",0," "," ","0",0," "," ","0",0," "," ","0",0," "," ","0",0," "," ","0",0," "," ","0",0," "," ","0",0," "," ","0",0," "," ","0",0," "," ","0",0," "," ","0",0," "," ","0",0," "," ","0",0," "," ","0",0," "," ","0",0," "," ","0",0," "," ","0",0," "," ","0",0," "," ","0",0," "," ","0",0," "," ","0",0," "," ","0",0," "," ","0",0," "," ","0",0," "," ","0",0," "," ","0",0," "," ","0",0," "," ","0",0," "," ","0",0," "," ","0"
"810","USC00359461",1972,9,"PRCP",0," "," ","0",0," "," ","0",0," "," ","0",0,"T"," ","0",0,"T"," ","0",0," "," ","0",0," "," ","0",0," "," ","0",0," "," ","0",0,"T"," ","0",0," "," ","0",0," "," ","0",0," "," ","0",0," "," ","0",0," "," ","0",0," "," ","0",0," "," ","0",0," "," ","0",18," "," ","0",0," "," ","0",0," "," ","0",140," "," ","0",53," "," ","0",18," "," ","0",8," "," ","0",0," "," ","0",0," "," ","0",0," "," ","0",0," "," ","0",0," "," ","0",NA," "," "," "
"811","USC00359461",1972,9,"SNOW",0," "," ","0",0," "," ","0",0," "," ","0",0," "," ","0",0," "," ","0",0," "," ","0",0," "," ","0",0," "," ","0",0," "," ","0",0," "," ","0",0," "," ","0",0," "," ","0",0," "," ","0",0," "," ","0",0," "," ","0",0," "," ","0",0," "," ","0",0," "," ","0",0," "," ","0",0," "," ","0",0," "," ","0",0," "," ","0",0," "," ","0",0," "," ","0",0," "," ","0",0," "," ","0",0," "," ","0",0," "," ","0",0," "," ","0",0," "," ","0",NA," "," "," "
"812","USC00359461",1972,9,"SNWD",0," "," ","0",0," "," ","0",0," "," ","0",0," "," ","0",0," "," ","0",0," "," ","0",0," "," ","0",0," "," ","0",0," "," ","0",0," "," ","0",0," "," ","0",0," "," ","0",0," "," ","0",0," "," ","0",0," "," ","0",0," "," ","0",0," "," ","0",0," "," ","0",0," "," ","0",0," "," ","0",0," "," ","0",0," "," ","0",0," "," ","0",0," "," ","0",0," "," ","0",0," "," ","0",0," "," ","0",0," "," ","0",0," "," ","0",0," "," ","0",NA," "," "," "
"813","USC00359461",1972,10,"PRCP",0," "," ","0",0," "," ","0",0," "," ","0",0," "," ","0",0," "," ","0",0," "," ","0",0," "," ","0",0," "," ","0",0," "," ","0",109," "," ","0",112," "," ","0",8," "," ","0",76," "," ","0",48," "," ","0",8," "," ","0",0," "," ","0",0," "," ","0",0," "," ","0",0," "," ","0",0," "," ","0",0,"T"," ","0",13," "," ","0",0," "," ","0",0," "," ","0",0," "," ","0",13," "," ","0",0," "," ","0",38," "," ","0",81," "," ","0",0," "," ","0",0," "," ","0"
"814","USC00359461",1972,10,"SNOW",0," "," ","0",0," "," ","0",0," "," ","0",0," "," ","0",0," "," ","0",0," "," ","0",0," "," ","0",0," "," ","0",0," "," ","0",0," "," ","0",0," "," ","0",0," "," ","0",0," "," ","0",0," "," ","0",0," "," ","0",0," "," ","0",0," "," ","0",0," "," ","0",0," "," ","0",0," "," ","0",0," "," ","0",0," "," ","0",0," "," ","0",0," "," ","0",0," "," ","0",0," "," ","0",0," "," ","0",0," "," ","0",0," "," ","0",0," "," ","0",0," "," ","0"
"815","USC00359461",1972,10,"SNWD",0," "," ","0",0," "," ","0",0," "," ","0",0," "," ","0",0," "," ","0",0," "," ","0",0," "," ","0",0," "," ","0",0," "," ","0",0," "," ","0",0," "," ","0",0," "," ","0",0," "," ","0",0," "," ","0",0," "," ","0",0," "," ","0",0," "," ","0",0," "," ","0",0," "," ","0",0," "," ","0",0," "," ","0",0," "," ","0",0," "," ","0",0," "," ","0",0," "," ","0",0," "," ","0",0," "," ","0",0," "," ","0",0," "," ","0",0," "," ","0",0," "," ","0"
"816","USC00359461",1972,11,"PRCP",15," "," ","0",28," "," ","0",94," "," ","0",135," "," ","0",69," "," ","0",0," "," ","0",10," "," ","0",56," "," ","0",8," "," ","0",33," "," ","0",3," "," ","0",0," "," ","0",3," "," ","0",0,"T"," ","0",0," "," ","0",3," "," ","0",36," "," ","0",15," "," ","0",127," "," ","0",36," "," ","0",46," "," ","0",20," "," ","0",0," "," ","0",0," "," ","0",3," "," ","0",18," "," ","0",5," "," ","0",8," "," ","0",3," "," ","0",0," "," ","0",NA," "," "," "
"817","USC00359461",1972,11,"SNOW",0," "," ","0",0," "," ","0",0," "," ","0",0," "," ","0",0," "," ","0",0," "," ","0",0," "," ","0",0," "," ","0",0," "," ","0",0," "," ","0",0," "," ","0",0," "," ","0",0," "," ","0",0," "," ","0",0," "," ","0",0," "," ","0",0," "," ","0",0," "," ","0",0," "," ","0",0," "," ","0",0," "," ","0",0," "," ","0",0," "," ","0",0," "," ","0",0," "," ","0",0," "," ","0",0," "," ","0",0," "," ","0",0," "," ","0",0," "," ","0",NA," "," "," "
"818","USC00359461",1972,11,"SNWD",0," "," ","0",0," "," ","0",0," "," ","0",0," "," ","0",0," "," ","0",0," "," ","0",0," "," ","0",0," "," ","0",0," "," ","0",0," "," ","0",0," "," ","0",0," "," ","0",0," "," ","0",0," "," ","0",0," "," ","0",0," "," ","0",0," "," ","0",0," "," ","0",0," "," ","0",0," "," ","0",0," "," ","0",0," "," ","0",0," "," ","0",0," "," ","0",0," "," ","0",0," "," ","0",0," "," ","0",0," "," ","0",0," "," ","0",0," "," ","0",NA," "," "," "
"819","USC00359461",1972,12,"PRCP",0," "," ","0",0," "," ","0",152," "," ","0",0,"T"," ","0",0," "," ","0",58," "," ","0",3," "," ","0",0,"T"," ","0",0," "," ","0",0," "," ","0",0," "," ","0",53," "," ","0",13," "," ","0",3," "," ","0",0,"T"," ","0",8," "," ","0",152," "," ","0",86," "," ","0",81," "," ","0",38," "," ","0",33," "," ","0",208," "," ","0",8," "," ","0",94," "," ","0",13," "," ","0",0,"T"," ","0",71," "," ","0",43," "," ","0",5," "," ","0",8," "," ","0",38," "," ","0"
"820","USC00359461",1972,12,"SNOW",0," "," ","0",0," "," ","0",0," "," ","0",0," "," ","0",0," "," ","0",0," "," ","0",0," "," ","0",0," "," ","0",0," "," ","0",0," "," ","0",0," "," ","0",51," "," ","0",0,"T"," ","0",0," "," ","0",0,"T"," ","0",0," "," ","0",0," "," ","0",0," "," ","0",0," "," ","0",0," "," ","0",0," "," ","0",0," "," ","0",0," "," ","0",0," "," ","0",0," "," ","0",0," "," ","0",0," "," ","0",0," "," ","0",0," "," ","0",0," "," ","0",0," "," ","0"
"821","USC00359461",1972,12,"SNWD",0," "," ","0",0," "," ","0",0," "," ","0",0," "," ","0",0," "," ","0",0," "," ","0",0," "," ","0",0," "," ","0",0," "," ","0",0," "," ","0",0," "," ","0",51," "," ","0",51," "," ","0",25," "," ","0",25," "," ","0",0,"T"," ","0",0," "," ","0",0," "," ","0",0," "," ","0",0," "," ","0",0," "," ","0",0," "," ","0",0," "," ","0",0," "," ","0",0," "," ","0",0," "," ","0",0," "," ","0",0," "," ","0",0," "," ","0",0," "," ","0",0," "," ","0"
"822","USC00359461",1973,1,"PRCP",0," "," ","0",28," "," ","0",28," "," ","0",28," "," ","0",5," "," ","0",36," "," ","0",0,"T"," ","0",0," "," ","0",8," "," ","0",0," "," ","0",64," "," ","0",109," "," ","0",224," "," ","0",0,"T"," ","0",3," "," ","0",173," "," ","0",51," "," ","0",3," "," ","0",84," "," ","0",0," "," ","0",43," "," ","0",0," "," ","0",0," "," ","0",18," "," ","0",127," "," ","0",36," "," ","0",0," "," ","0",0," "," ","0",0," "," ","0",18," "," ","0",127," "," ","0"
"823","USC00359461",1973,1,"SNOW",0," "," ","0",0," "," ","0",0," "," ","0",0," "," ","0",0,"T"," ","0",0," "," ","0",0," "," ","0",0," "," ","0",13," "," ","0",0," "," ","0",0," "," ","0",0," "," ","0",0," "," ","0",0," "," ","0",0," "," ","0",0," "," ","0",0," "," ","0",0," "," ","0",0," "," ","0",0," "," ","0",0," "," ","0",0," "," ","0",0," "," ","0",0," "," ","0",0," "," ","0",0," "," ","0",0," "," ","0",0," "," ","0",0," "," ","0",0," "," ","0",0," "," ","0"
"824","USC00359461",1973,1,"SNWD",0," "," ","0",0," "," ","0",0," "," ","0",0," "," ","0",0,"T"," ","0",0," "," ","0",0," "," ","0",0," "," ","0",0,"T"," ","0",0," "," ","0",0," "," ","0",0," "," ","0",0," "," ","0",0," "," ","0",0," "," ","0",0," "," ","0",0," "," ","0",0," "," ","0",0," "," ","0",0," "," ","0",0," "," ","0",0," "," ","0",0," "," ","0",0," "," ","0",0," "," ","0",0," "," ","0",0," "," ","0",0," "," ","0",0," "," ","0",0," "," ","0",0," "," ","0"
"825","USC00359461",1973,2,"PRCP",0," "," ","0",0," "," ","0",0," "," ","0",28," "," ","0",38," "," ","0",8," "," ","0",0,"T"," ","0",0,"T"," ","0",10," "," ","0",8," "," ","0",13," "," ","0",64," "," ","0",0,"T"," ","0",20," "," ","0",18," "," ","0",0," "," ","0",0,"T"," ","0",0,"T"," ","0",0," "," ","0",0," "," ","0",0," "," ","0",0," "," ","0",0," "," ","0",0,"T"," ","0",71," "," ","0",5," "," ","0",64," "," ","0",28," "," ","0",NA," "," "," ",NA," "," "," ",NA," "," "," "
"826","USC00359461",1973,2,"SNOW",0," "," ","0",0," "," ","0",0," "," ","0",0," "," ","0",0," "," ","0",0," "," ","0",0," "," ","0",0," "," ","0",0," "," ","0",0," "," ","0",0," "," ","0",0," "," ","0",0," "," ","0",0," "," ","0",0," "," ","0",0," "," ","0",0," "," ","0",0," "," ","0",0," "," ","0",0," "," ","0",0," "," ","0",0," "," ","0",0," "," ","0",0," "," ","0",0," "," ","0",0," "," ","0",0," "," ","0",0," "," ","0",NA," "," "," ",NA," "," "," ",NA," "," "," "
"827","USC00359461",1973,2,"SNWD",0," "," ","0",0," "," ","0",0," "," ","0",0," "," ","0",0," "," ","0",0," "," ","0",0," "," ","0",0," "," ","0",0," "," ","0",0," "," ","0",0," "," ","0",0," "," ","0",0," "," ","0",0," "," ","0",0," "," ","0",0," "," ","0",0," "," ","0",0," "," ","0",0," "," ","0",0," "," ","0",0," "," ","0",0," "," ","0",0," "," ","0",0," "," ","0",0," "," ","0",0," "," ","0",0," "," ","0",0," "," ","0",NA," "," "," ",NA," "," "," ",NA," "," "," "
"828","USC00359461",1973,3,"PRCP",41," "," ","0",5," "," ","0",5," "," ","0",28," "," ","0",8," "," ","0",20," "," ","0",0,"T"," ","0",0," "," ","0",10," "," ","0",64," "," ","0",18," "," ","0",0," "," ","0",20," "," ","0",15," "," ","0",0," "," ","0",0," "," ","0",163," "," ","0",0,"T"," ","0",145," "," ","0",79," "," ","0",23," "," ","0",15," "," ","0",0," "," ","0",0," "," ","0",0," "," ","0",8," "," ","0",8," "," ","0",112," "," ","0",0,"T"," ","0",25," "," ","0",81," "," ","0"
"829","USC00359461",1973,3,"SNOW",0," "," ","0",0," "," ","0",0," "," ","0",0," "," ","0",0," "," ","0",0," "," ","0",0," "," ","0",0," "," ","0",0," "," ","0",0," "," ","0",0," "," ","0",0," "," ","0",0," "," ","0",0," "," ","0",0," "," ","0",0," "," ","0",0," "," ","0",0," "," ","0",0,"T"," ","0",0," "," ","0",0," "," ","0",0," "," ","0",0," "," ","0",0," "," ","0",0," "," ","0",0," "," ","0",0," "," ","0",0," "," ","0",0," "," ","0",0," "," ","0",0," "," ","0"
"830","USC00359461",1973,3,"SNWD",0," "," ","0",0," "," ","0",0," "," ","0",0," "," ","0",0," "," ","0",0," "," ","0",0," "," ","0",0," "," ","0",0," "," ","0",0," "," ","0",0," "," ","0",0," "," ","0",0," "," ","0",0," "," ","0",0," "," ","0",0," "," ","0",0," "," ","0",0," "," ","0",0,"T"," ","0",0," "," ","0",0," "," ","0",0," "," ","0",0," "," ","0",0," "," ","0",0," "," ","0",0," "," ","0",0," "," ","0",0," "," ","0",0," "," ","0",0," "," ","0",0," "," ","0"
"831","USC00359461",1973,4,"PRCP",104," "," ","0",33," "," ","0",0,"T"," ","0",0," "," ","0",0," "," ","0",0," "," ","0",0," "," ","0",0," "," ","0",0," "," ","0",0," "," ","0",0," "," ","0",0," "," ","0",193," "," ","0",3," "," ","0",0," "," ","0",0,"T"," ","0",56," "," ","0",66," "," ","0",46," "," ","0",23," "," ","0",0," "," ","0",0," "," ","0",0," "," ","0",0,"T"," ","0",0," "," ","0",0," "," ","0",0," "," ","0",0," "," ","0",0," "," ","0",0," "," ","0",NA," "," "," "
"832","USC00359461",1973,4,"SNOW",0," "," ","0",0," "," ","0",0," "," ","0",0," "," ","0",0," "," ","0",0," "," ","0",0," "," ","0",0," "," ","0",0," "," ","0",0," "," ","0",0," "," ","0",0," "," ","0",0," "," ","0",0," "," ","0",0," "," ","0",0," "," ","0",0," "," ","0",0," "," ","0",0," "," ","0",0," "," ","0",0," "," ","0",0," "," ","0",0," "," ","0",0," "," ","0",0," "," ","0",0," "," ","0",0," "," ","0",0," "," ","0",0," "," ","0",0," "," ","0",NA," "," "," "
"833","USC00359461",1973,4,"SNWD",0," "," ","0",0," "," ","0",0," "," ","0",0," "," ","0",0," "," ","0",0," "," ","0",0," "," ","0",0," "," ","0",0," "," ","0",0," "," ","0",0," "," ","0",0," "," ","0",0," "," ","0",0," "," ","0",0," "," ","0",0," "," ","0",0," "," ","0",0," "," ","0",0," "," ","0",0," "," ","0",0," "," ","0",0," "," ","0",0," "," ","0",0," "," ","0",0," "," ","0",0," "," ","0",0," "," ","0",0," "," ","0",0," "," ","0",0," "," ","0",NA," "," "," "
"834","USC00359461",1973,5,"PRCP",0," "," ","0",0," "," ","0",0," "," ","0",56," "," ","0",23," "," ","0",0,"T"," ","0",5," "," ","0",8," "," ","0",0,"T"," ","0",0," "," ","0",0," "," ","0",0," "," ","0",0," "," ","0",5," "," ","0",0," "," ","0",0," "," ","0",0," "," ","0",0," "," ","0",0," "," ","0",0," "," ","0",0," "," ","0",0," "," ","0",0,"T"," ","0",71," "," ","0",36," "," ","0",0," "," ","0",0," "," ","0",0," "," ","0",0," "," ","0",0," "," ","0",0," "," ","0"
"835","USC00359461",1973,5,"SNOW",0," "," ","0",0," "," ","0",0," "," ","0",0," "," ","0",0," "," ","0",0," "," ","0",0," "," ","0",0," "," ","0",0," "," ","0",0," "," ","0",0," "," ","0",0," "," ","0",0," "," ","0",0," "," ","0",0," "," ","0",0," "," ","0",0," "," ","0",0," "," ","0",0," "," ","0",0," "," ","0",0," "," ","0",0," "," ","0",0," "," ","0",0," "," ","0",0," "," ","0",0," "," ","0",0," "," ","0",0," "," ","0",0," "," ","0",0," "," ","0",0," "," ","0"
"836","USC00359461",1973,5,"SNWD",0," "," ","0",0," "," ","0",0," "," ","0",0," "," ","0",0," "," ","0",0," "," ","0",0," "," ","0",0," "," ","0",0," "," ","0",0," "," ","0",0," "," ","0",0," "," ","0",0," "," ","0",0," "," ","0",0," "," ","0",0," "," ","0",0," "," ","0",0," "," ","0",0," "," ","0",0," "," ","0",0," "," ","0",0," "," ","0",0," "," ","0",0," "," ","0",0," "," ","0",0," "," ","0",0," "," ","0",0," "," ","0",0," "," ","0",0," "," ","0",0," "," ","0"
"837","USC00359461",1973,6,"PRCP",0," "," ","0",0," "," ","0",0," "," ","0",0," "," ","0",0," "," ","0",0," "," ","0",0," "," ","0",0," "," ","0",0," "," ","0",0," "," ","0",0," "," ","0",0," "," ","0",8," "," ","0",0," "," ","0",0,"T"," ","0",3," "," ","0",28," "," ","0",41," "," ","0",0," "," ","0",0," "," ","0",0," "," ","0",0," "," ","0",0," "," ","0",0," "," ","0",0," "," ","0",0," "," ","0",0," "," ","0",0," "," ","0",0," "," ","0",0," "," ","0",NA," "," "," "
"838","USC00359461",1973,6,"SNOW",0," "," ","0",0," "," ","0",0," "," ","0",0," "," ","0",0," "," ","0",0," "," ","0",0," "," ","0",0," "," ","0",0," "," ","0",0," "," ","0",0," "," ","0",0," "," ","0",0," "," ","0",0," "," ","0",0," "," ","0",0," "," ","0",0," "," ","0",0," "," ","0",0," "," ","0",0," "," ","0",0," "," ","0",0," "," ","0",0," "," ","0",0," "," ","0",0," "," ","0",0," "," ","0",0," "," ","0",0," "," ","0",0," "," ","0",0," "," ","0",NA," "," "," "
"839","USC00359461",1973,6,"SNWD",0," "," ","0",0," "," ","0",0," "," ","0",0," "," ","0",0," "," ","0",0," "," ","0",0," "," ","0",0," "," ","0",0," "," ","0",0," "," ","0",0," "," ","0",0," "," ","0",0," "," ","0",0," "," ","0",0," "," ","0",0," "," ","0",0," "," ","0",0," "," ","0",0," "," ","0",0," "," ","0",0," "," ","0",0," "," ","0",0," "," ","0",0," "," ","0",0," "," ","0",0," "," ","0",0," "," ","0",0," "," ","0",0," "," ","0",0," "," ","0",NA," "," "," "
"840","USC00359461",1973,8,"PRCP",0," "," ","0",0," "," ","0",0," "," ","0",0," "," ","0",0," "," ","0",0," "," ","0",0," "," ","0",0," "," ","0",0,"T"," ","0",0," "," ","0",0," "," ","0",0," "," ","0",0," "," ","0",0," "," ","0",0," "," ","0",0," "," ","0",0," "," ","0",0," "," ","0",0," "," ","0",0," "," ","0",0," "," ","0",0," "," ","0",0," "," ","0",3," "," ","0",13," "," ","0",0,"T"," ","0",0," "," ","0",0," "," ","0",0," "," ","0",0," "," ","0",0,"T"," ","0"
"841","USC00359461",1973,8,"SNOW",0," "," ","0",0," "," ","0",0," "," ","0",0," "," ","0",0," "," ","0",0," "," ","0",0," "," ","0",0," "," ","0",0," "," ","0",0," "," ","0",0," "," ","0",0," "," ","0",0," "," ","0",0," "," ","0",0," "," ","0",0," "," ","0",0," "," ","0",0," "," ","0",0," "," ","0",0," "," ","0",0," "," ","0",0," "," ","0",0," "," ","0",0," "," ","0",0," "," ","0",0," "," ","0",0," "," ","0",0," "," ","0",0," "," ","0",0," "," ","0",0," "," ","0"
"842","USC00359461",1973,8,"SNWD",0," "," ","0",0," "," ","0",0," "," ","0",0," "," ","0",0," "," ","0",0," "," ","0",0," "," ","0",0," "," ","0",0," "," ","0",0," "," ","0",0," "," ","0",0," "," ","0",0," "," ","0",0," "," ","0",0," "," ","0",0," "," ","0",0," "," ","0",0," "," ","0",0," "," ","0",0," "," ","0",0," "," ","0",0," "," ","0",0," "," ","0",0," "," ","0",0," "," ","0",0," "," ","0",0," "," ","0",0," "," ","0",0," "," ","0",0," "," ","0",0," "," ","0"
"843","USC00359461",1973,9,"PRCP",0," "," ","0",0," "," ","0",0," "," ","0",0," "," ","0",0," "," ","0",28," "," ","0",10," "," ","0",0," "," ","0",0," "," ","0",0," "," ","0",0," "," ","0",0," "," ","0",0," "," ","0",0," "," ","0",0," "," ","0",0," "," ","0",0," "," ","0",33," "," ","0",51," "," ","0",99," "," ","0",0,"T"," ","0",48," "," ","0",64," "," ","0",61," "," ","0",36," "," ","0",0,"T"," ","0",0," "," ","0",0," "," ","0",0," "," ","0",0," "," ","0",NA," "," "," "
"844","USC00359461",1973,9,"SNOW",0," "," ","0",0," "," ","0",0," "," ","0",0," "," ","0",0," "," ","0",0," "," ","0",0," "," ","0",0," "," ","0",0," "," ","0",0," "," ","0",0," "," ","0",0," "," ","0",0," "," ","0",0," "," ","0",0," "," ","0",0," "," ","0",0," "," ","0",0," "," ","0",0," "," ","0",0," "," ","0",0," "," ","0",0," "," ","0",0," "," ","0",0," "," ","0",0," "," ","0",0," "," ","0",0," "," ","0",0," "," ","0",0," "," ","0",0," "," ","0",NA," "," "," "
"845","USC00359461",1973,9,"SNWD",0," "," ","0",0," "," ","0",0," "," ","0",0," "," ","0",0," "," ","0",0," "," ","0",0," "," ","0",0," "," ","0",0," "," ","0",0," "," ","0",0," "," ","0",0," "," ","0",0," "," ","0",0," "," ","0",0," "," ","0",0," "," ","0",0," "," ","0",0," "," ","0",0," "," ","0",0," "," ","0",0," "," ","0",0," "," ","0",0," "," ","0",0," "," ","0",0," "," ","0",0," "," ","0",0," "," ","0",0," "," ","0",0," "," ","0",0," "," ","0",NA," "," "," "
"846","USC00359461",1973,10,"PRCP",0," "," ","0",0," "," ","0",0," "," ","0",0," "," ","0",0," "," ","0",0,"T"," ","0",0," "," ","0",0," "," ","0",0,"T"," ","0",0," "," ","0",0," "," ","0",0," "," ","0",0," "," ","0",0," "," ","0",0," "," ","0",0," "," ","0",0," "," ","0",0," "," ","0",0," "," ","0",53," "," ","0",213," "," ","0",46," "," ","0",46," "," ","0",10," "," ","0",0,"T"," ","0",0," "," ","0",0," "," ","0",48," "," ","0",36," "," ","0",0," "," ","0",0," "," ","0"
"847","USC00359461",1973,10,"SNOW",0," "," ","0",0," "," ","0",0," "," ","0",0," "," ","0",0," "," ","0",0," "," ","0",0," "," ","0",0," "," ","0",0," "," ","0",0," "," ","0",0," "," ","0",0," "," ","0",0," "," ","0",0," "," ","0",0," "," ","0",0," "," ","0",0," "," ","0",0," "," ","0",0," "," ","0",0," "," ","0",0," "," ","0",0," "," ","0",0," "," ","0",0," "," ","0",0," "," ","0",0," "," ","0",0," "," ","0",0," "," ","0",0," "," ","0",0," "," ","0",0," "," ","0"
"848","USC00359461",1973,10,"SNWD",0," "," ","0",0," "," ","0",0," "," ","0",0," "," ","0",0," "," ","0",0," "," ","0",0," "," ","0",0," "," ","0",0," "," ","0",0," "," ","0",0," "," ","0",0," "," ","0",0," "," ","0",0," "," ","0",0," "," ","0",0," "," ","0",0," "," ","0",0," "," ","0",0," "," ","0",0," "," ","0",0," "," ","0",0," "," ","0",0," "," ","0",0," "," ","0",0," "," ","0",0," "," ","0",0," "," ","0",0," "," ","0",0," "," ","0",0," "," ","0",0," "," ","0"
"849","USC00359461",1973,11,"PRCP",81," "," ","0",13," "," ","0",0," "," ","0",107," "," ","0",406," "," ","0",315," "," ","0",15," "," ","0",406," "," ","0",94," "," ","0",208," "," ","0",183," "," ","0",267," "," ","0",109," "," ","0",163," "," ","0",94," "," ","0",79," "," ","0",8," "," ","0",56," "," ","0",25," "," ","0",119," "," ","0",201," "," ","0",122," "," ","0",46," "," ","0",109," "," ","0",71," "," ","0",208," "," ","0",25," "," ","0",0,"T"," ","0",234," "," ","0",145," "," ","0",NA," "," "," "
"850","USC00359461",1973,11,"SNOW",0," "," ","0",0," "," ","0",0," "," ","0",0," "," ","0",25," "," ","0",0," "," ","0",0," "," ","0",0," "," ","0",0," "," ","0",0," "," ","0",0," "," ","0",0," "," ","0",0," "," ","0",0," "," ","0",0," "," ","0",0," "," ","0",0," "," ","0",0," "," ","0",0," "," ","0",0," "," ","0",0," "," ","0",0," "," ","0",0," "," ","0",0," "," ","0",0," "," ","0",0," "," ","0",0," "," ","0",0," "," ","0",0," "," ","0",0," "," ","0",NA," "," "," "
"851","USC00359461",1973,11,"SNWD",0," "," ","0",0," "," ","0",0," "," ","0",0," "," ","0",25," "," ","0",0,"T"," ","0",0," "," ","0",0," "," ","0",0," "," ","0",0," "," ","0",0," "," ","0",0," "," ","0",0," "," ","0",0," "," ","0",0," "," ","0",0," "," ","0",0," "," ","0",0," "," ","0",0," "," ","0",0," "," ","0",0," "," ","0",0," "," ","0",0," "," ","0",0," "," ","0",0," "," ","0",0," "," ","0",0," "," ","0",0," "," ","0",0," "," ","0",0," "," ","0",NA," "," "," "
"852","USC00359461",1973,12,"PRCP",30," "," ","0",8," "," ","0",8," "," ","0",10," "," ","0",13," "," ","0",3," "," ","0",343," "," ","0",0," "," ","0",0," "," ","0",0," "," ","0",0," "," ","0",18," "," ","0",348," "," ","0",91," "," ","0",25," "," ","0",3," "," ","0",203," "," ","0",84," "," ","0",0,"T"," ","0",91," "," ","0",163," "," ","0",51," "," ","0",48," "," ","0",3," "," ","0",64," "," ","0",15," "," ","0",8," "," ","0",86," "," ","0",155," "," ","0",8," "," ","0",18," "," ","0"
"853","USC00359461",1973,12,"SNOW",0," "," ","0",0," "," ","0",0," "," ","0",0," "," ","0",0," "," ","0",0," "," ","0",0," "," ","0",0," "," ","0",0," "," ","0",0," "," ","0",0," "," ","0",0," "," ","0",0," "," ","0",0," "," ","0",0," "," ","0",0," "," ","0",0," "," ","0",0," "," ","0",0," "," ","0",0," "," ","0",0," "," ","0",0," "," ","0",0," "," ","0",0," "," ","0",0," "," ","0",0," "," ","0",0," "," ","0",0," "," ","0",0," "," ","0",0," "," ","0",0," "," ","0"
"854","USC00359461",1973,12,"SNWD",0," "," ","0",0," "," ","0",0," "," ","0",0," "," ","0",0," "," ","0",0," "," ","0",0," "," ","0",0," "," ","0",0," "," ","0",0," "," ","0",0," "," ","0",0," "," ","0",0," "," ","0",0," "," ","0",0," "," ","0",0," "," ","0",0," "," ","0",0," "," ","0",0," "," ","0",0," "," ","0",0," "," ","0",0," "," ","0",0," "," ","0",0," "," ","0",0," "," ","0",0," "," ","0",0," "," ","0",0," "," ","0",0," "," ","0",0," "," ","0",0," "," ","0"
"855","USC00359461",1974,1,"PRCP",5," "," ","0",0," "," ","0",0," "," ","0",0," "," ","0",0," "," ","0",0," "," ","0",0," "," ","0",0," "," ","0",0," "," ","0",0," "," ","0",0," "," ","0",64," "," ","0",310," "," ","0",193," "," ","0",457," "," ","0",465," "," ","0",188," "," ","0",97," "," ","0",36," "," ","0",25," "," ","0",5," "," ","0",13," "," ","0",0,"T"," ","0",0," "," ","0",30," "," ","0",18," "," ","0",3," "," ","0",8," "," ","0",0,"T"," ","0",0,"T"," ","0",69," "," ","0"
"856","USC00359461",1974,1,"SNOW",0," "," ","0",0," "," ","0",0," "," ","0",0," "," ","0",0," "," ","0",0," "," ","0",0," "," ","0",0," "," ","0",0," "," ","0",0," "," ","0",0," "," ","0",0," "," ","0",0," "," ","0",0," "," ","0",0," "," ","0",0," "," ","0",0," "," ","0",0," "," ","0",0," "," ","0",0," "," ","0",0," "," ","0",0," "," ","0",0," "," ","0",0," "," ","0",0," "," ","0",0," "," ","0",0," "," ","0",0," "," ","0",0," "," ","0",0," "," ","0",0," "," ","0"
"857","USC00359461",1974,1,"SNWD",0," "," ","0",0," "," ","0",0," "," ","0",0," "," ","0",0," "," ","0",0," "," ","0",0," "," ","0",0," "," ","0",0," "," ","0",0," "," ","0",0," "," ","0",0," "," ","0",0," "," ","0",0," "," ","0",0," "," ","0",0," "," ","0",0," "," ","0",0," "," ","0",0," "," ","0",0," "," ","0",0," "," ","0",0," "," ","0",0," "," ","0",0," "," ","0",0," "," ","0",0," "," ","0",0," "," ","0",0," "," ","0",0," "," ","0",0," "," ","0",0," "," ","0"
"858","USC00359461",1974,2,"PRCP",119," "," ","0",30," "," ","0",0,"T"," ","0",41," "," ","0",20," "," ","0",0," "," ","0",0," "," ","0",0," "," ","0",0," "," ","0",0," "," ","0",0," "," ","0",0,"T"," ","0",38," "," ","0",25," "," ","0",5," "," ","0",76," "," ","0",104," "," ","0",94," "," ","0",112," "," ","0",51," "," ","0",48," "," ","0",150," "," ","0",3," "," ","0",0," "," ","0",0,"T"," ","0",86," "," ","0",193," "," ","0",114," "," ","0",NA," "," "," ",NA," "," "," ",NA," "," "," "
"859","USC00359461",1974,2,"SNOW",0," "," ","0",0," "," ","0",0," "," ","0",0," "," ","0",0," "," ","0",0," "," ","0",0," "," ","0",0," "," ","0",0," "," ","0",0," "," ","0",0," "," ","0",0," "," ","0",0," "," ","0",0," "," ","0",0," "," ","0",0," "," ","0",0," "," ","0",0," "," ","0",0," "," ","0",0," "," ","0",0," "," ","0",0,"T"," ","0",0," "," ","0",0," "," ","0",0," "," ","0",0," "," ","0",0," "," ","0",0," "," ","0",NA," "," "," ",NA," "," "," ",NA," "," "," "
"860","USC00359461",1974,2,"SNWD",0," "," ","0",0," "," ","0",0," "," ","0",0," "," ","0",0," "," ","0",0," "," ","0",0," "," ","0",0," "," ","0",0," "," ","0",0," "," ","0",0," "," ","0",0," "," ","0",0," "," ","0",0," "," ","0",0," "," ","0",0," "," ","0",0," "," ","0",0," "," ","0",0," "," ","0",0," "," ","0",0," "," ","0",0,"T"," ","0",0," "," ","0",0," "," ","0",0," "," ","0",0," "," ","0",0," "," ","0",0," "," ","0",NA," "," "," ",NA," "," "," ",NA," "," "," "
"861","USC00359461",1974,3,"PRCP",18," "," ","0",102," "," ","0",25," "," ","0",15," "," ","0",0," "," ","0",170," "," ","0",3," "," ","0",0," "," ","0",0," "," ","0",0," "," ","0",36," "," ","0",124," "," ","0",193," "," ","0",104," "," ","0",102," "," ","0",0,"T"," ","0",30," "," ","0",0,"T"," ","0",0," "," ","0",0," "," ","0",0," "," ","0",0," "," ","0",0," "," ","0",0," "," ","0",23," "," ","0",0," "," ","0",51," "," ","0",259," "," ","0",152," "," ","0",193," "," ","0",18," "," ","0"
"862","USC00359461",1974,3,"SNOW",0," "," ","0",0," "," ","0",0," "," ","0",0," "," ","0",0," "," ","0",0," "," ","0",0," "," ","0",0," "," ","0",0," "," ","0",0," "," ","0",0," "," ","0",0," "," ","0",0," "," ","0",0," "," ","0",0," "," ","0",0," "," ","0",0," "," ","0",0," "," ","0",0," "," ","0",0," "," ","0",0," "," ","0",0," "," ","0",0," "," ","0",0," "," ","0",0," "," ","0",0," "," ","0",0," "," ","0",0," "," ","0",0," "," ","0",0," "," ","0",0," "," ","0"
"863","USC00359461",1974,3,"SNWD",0," "," ","0",0," "," ","0",0," "," ","0",0," "," ","0",0," "," ","0",0," "," ","0",0," "," ","0",0," "," ","0",0," "," ","0",0," "," ","0",0," "," ","0",0," "," ","0",0," "," ","0",0," "," ","0",0," "," ","0",0," "," ","0",0," "," ","0",0," "," ","0",0," "," ","0",0," "," ","0",0," "," ","0",0," "," ","0",0," "," ","0",0," "," ","0",0," "," ","0",0," "," ","0",0," "," ","0",0," "," ","0",0," "," ","0",0," "," ","0",0," "," ","0"
"864","USC00359461",1974,4,"PRCP",191," "," ","0",74," "," ","0",64," "," ","0",5," "," ","0",0," "," ","0",3," "," ","0",3," "," ","0",0," "," ","0",43," "," ","0",25," "," ","0",5," "," ","0",0," "," ","0",0," "," ","0",0," "," ","0",0," "," ","0",18," "," ","0",0," "," ","0",23," "," ","0",0,"T"," ","0",10," "," ","0",0,"T"," ","0",0," "," ","0",53," "," ","0",79," "," ","0",64," "," ","0",0,"T"," ","0",0,"T"," ","0",0," "," ","0",0," "," ","0",0," "," ","0",NA," "," "," "
"865","USC00359461",1974,4,"SNOW",0," "," ","0",0," "," ","0",0," "," ","0",0," "," ","0",0," "," ","0",0," "," ","0",0," "," ","0",0," "," ","0",0," "," ","0",0," "," ","0",0," "," ","0",0," "," ","0",0," "," ","0",0," "," ","0",0," "," ","0",0," "," ","0",0," "," ","0",0," "," ","0",0," "," ","0",0," "," ","0",0," "," ","0",0," "," ","0",0," "," ","0",0," "," ","0",0," "," ","0",0," "," ","0",0," "," ","0",0," "," ","0",0," "," ","0",0," "," ","0",NA," "," "," "
"866","USC00359461",1974,4,"SNWD",0," "," ","0",0," "," ","0",0," "," ","0",0," "," ","0",0," "," ","0",0," "," ","0",0," "," ","0",0," "," ","0",0," "," ","0",0," "," ","0",0," "," ","0",0," "," ","0",0," "," ","0",0," "," ","0",0," "," ","0",0," "," ","0",0," "," ","0",0," "," ","0",0," "," ","0",0," "," ","0",0," "," ","0",0," "," ","0",0," "," ","0",0," "," ","0",0," "," ","0",0," "," ","0",0," "," ","0",0," "," ","0",0," "," ","0",0," "," ","0",NA," "," "," "
"867","USC00359461",1974,5,"PRCP",0," "," ","0",0," "," ","0",0," "," ","0",0," "," ","0",0," "," ","0",0," "," ","0",0," "," ","0",0," "," ","0",0," "," ","0",5," "," ","0",3," "," ","0",13," "," ","0",8," "," ","0",0,"T"," ","0",36," "," ","0",30," "," ","0",119," "," ","0",53," "," ","0",51," "," ","0",3," "," ","0",0," "," ","0",0," "," ","0",0," "," ","0",10," "," ","0",0," "," ","0",0," "," ","0",0," "," ","0",0," "," ","0",0," "," ","0",0," "," ","0",0," "," ","0"
"868","USC00359461",1974,5,"SNOW",0," "," ","0",0," "," ","0",0," "," ","0",0," "," ","0",0," "," ","0",0," "," ","0",0," "," ","0",0," "," ","0",0," "," ","0",0," "," ","0",0," "," ","0",0," "," ","0",0," "," ","0",0," "," ","0",0," "," ","0",0," "," ","0",0," "," ","0",0," "," ","0",0," "," ","0",0," "," ","0",0," "," ","0",0," "," ","0",0," "," ","0",0," "," ","0",0," "," ","0",0," "," ","0",0," "," ","0",0," "," ","0",0," "," ","0",0," "," ","0",0," "," ","0"
"869","USC00359461",1974,5,"SNWD",0," "," ","0",0," "," ","0",0," "," ","0",0," "," ","0",0," "," ","0",0," "," ","0",0," "," ","0",0," "," ","0",0," "," ","0",0," "," ","0",0," "," ","0",0," "," ","0",0," "," ","0",0," "," ","0",0," "," ","0",0," "," ","0",0," "," ","0",0," "," ","0",0," "," ","0",0," "," ","0",0," "," ","0",0," "," ","0",0," "," ","0",0," "," ","0",0," "," ","0",0," "," ","0",0," "," ","0",0," "," ","0",0," "," ","0",0," "," ","0",0," "," ","0"
"870","USC00359461",1974,6,"PRCP",0," "," ","0",0," "," ","0",0," "," ","0",0," "," ","0",48," "," ","0",0,"T"," ","0",0,"T"," ","0",0," "," ","0",0," "," ","0",0," "," ","0",0," "," ","0",0," "," ","0",0," "," ","0",0," "," ","0",0," "," ","0",0," "," ","0",0," "," ","0",3," "," ","0",0,"T"," ","0",0," "," ","0",0," "," ","0",0," "," ","0",0," "," ","0",0," "," ","0",0,"T"," ","0",0,"T"," ","0",0," "," ","0",0," "," ","0",0," "," ","0",0," "," ","0",NA," "," "," "
"871","USC00359461",1974,6,"SNOW",0," "," ","0",0," "," ","0",0," "," ","0",0," "," ","0",0," "," ","0",0," "," ","0",0," "," ","0",0," "," ","0",0," "," ","0",0," "," ","0",0," "," ","0",0," "," ","0",0," "," ","0",0," "," ","0",0," "," ","0",0," "," ","0",0," "," ","0",0," "," ","0",0," "," ","0",0," "," ","0",0," "," ","0",0," "," ","0",0," "," ","0",0," "," ","0",0," "," ","0",0," "," ","0",0," "," ","0",0," "," ","0",0," "," ","0",0," "," ","0",NA," "," "," "
"872","USC00359461",1974,6,"SNWD",0," "," ","0",0," "," ","0",0," "," ","0",0," "," ","0",0," "," ","0",0," "," ","0",0," "," ","0",0," "," ","0",0," "," ","0",0," "," ","0",0," "," ","0",0," "," ","0",0," "," ","0",0," "," ","0",0," "," ","0",0," "," ","0",0," "," ","0",0," "," ","0",0," "," ","0",0," "," ","0",0," "," ","0",0," "," ","0",0," "," ","0",0," "," ","0",0," "," ","0",0," "," ","0",0," "," ","0",0," "," ","0",0," "," ","0",0," "," ","0",NA," "," "," "
"873","USC00359461",1974,7,"PRCP",0," "," ","0",0," "," ","0",0," "," ","0",0," "," ","0",0," "," ","0",0," "," ","0",0," "," ","0",30," "," ","0",8," "," ","0",0,"T"," ","0",3," "," ","0",0," "," ","0",0," "," ","0",0," "," ","0",0," "," ","0",0," "," ","0",3," "," ","0",0," "," ","0",0," "," ","0",0," "," ","0",0," "," ","0",0," "," ","0",0," "," ","0",0," "," ","0",0," "," ","0",0," "," ","0",0," "," ","0",0," "," ","0",0," "," ","0",0," "," ","0",0," "," ","0"
"874","USC00359461",1974,7,"SNOW",0," "," ","0",0," "," ","0",0," "," ","0",0," "," ","0",0," "," ","0",0," "," ","0",0," "," ","0",0," "," ","0",0," "," ","0",0," "," ","0",0," "," ","0",0," "," ","0",0," "," ","0",0," "," ","0",0," "," ","0",0," "," ","0",0," "," ","0",0," "," ","0",0," "," ","0",0," "," ","0",0," "," ","0",0," "," ","0",0," "," ","0",0," "," ","0",0," "," ","0",0," "," ","0",0," "," ","0",0," "," ","0",0," "," ","0",0," "," ","0",0," "," ","0"
"875","USC00359461",1974,7,"SNWD",0," "," ","0",0," "," ","0",0," "," ","0",0," "," ","0",0," "," ","0",0," "," ","0",0," "," ","0",0," "," ","0",0," "," ","0",0," "," ","0",0," "," ","0",0," "," ","0",0," "," ","0",0," "," ","0",0," "," ","0",0," "," ","0",0," "," ","0",0," "," ","0",0," "," ","0",0," "," ","0",0," "," ","0",0," "," ","0",0," "," ","0",0," "," ","0",0," "," ","0",0," "," ","0",0," "," ","0",0," "," ","0",0," "," ","0",0," "," ","0",0," "," ","0"
"876","USC00359461",1974,8,"PRCP",0," "," ","0",0," "," ","0",0," "," ","0",0," "," ","0",0," "," ","0",0," "," ","0",0," "," ","0",0," "," ","0",0," "," ","0",0," "," ","0",0," "," ","0",0," "," ","0",0," "," ","0",0," "," ","0",0," "," ","0",0," "," ","0",0," "," ","0",0," "," ","0",23," "," ","0",0," "," ","0",0," "," ","0",0," "," ","0",0," "," ","0",0," "," ","0",0," "," ","0",0," "," ","0",0," "," ","0",0," "," ","0",0," "," ","0",0," "," ","0",0," "," ","0"
"877","USC00359461",1974,8,"SNOW",0," "," ","0",0," "," ","0",0," "," ","0",0," "," ","0",0," "," ","0",0," "," ","0",0," "," ","0",0," "," ","0",0," "," ","0",0," "," ","0",0," "," ","0",0," "," ","0",0," "," ","0",0," "," ","0",0," "," ","0",0," "," ","0",0," "," ","0",0," "," ","0",0," "," ","0",0," "," ","0",0," "," ","0",0," "," ","0",0," "," ","0",0," "," ","0",0," "," ","0",0," "," ","0",0," "," ","0",0," "," ","0",0," "," ","0",0," "," ","0",0," "," ","0"
"878","USC00359461",1974,8,"SNWD",0," "," ","0",0," "," ","0",0," "," ","0",0," "," ","0",0," "," ","0",0," "," ","0",0," "," ","0",0," "," ","0",0," "," ","0",0," "," ","0",0," "," ","0",0," "," ","0",0," "," ","0",0," "," ","0",0," "," ","0",0," "," ","0",0," "," ","0",0," "," ","0",0," "," ","0",0," "," ","0",0," "," ","0",0," "," ","0",0," "," ","0",0," "," ","0",0," "," ","0",0," "," ","0",0," "," ","0",0," "," ","0",0," "," ","0",0," "," ","0",0," "," ","0"
"879","USC00359461",1974,9,"PRCP",0," "," ","0",0," "," ","0",0," "," ","0",0," "," ","0",0," "," ","0",0," "," ","0",0," "," ","0",0," "," ","0",0," "," ","0",3," "," ","0",0," "," ","0",0," "," ","0",0," "," ","0",0," "," ","0",0," "," ","0",0," "," ","0",0," "," ","0",0," "," ","0",0," "," ","0",0," "," ","0",0," "," ","0",0," "," ","0",0," "," ","0",0," "," ","0",0," "," ","0",0," "," ","0",0," "," ","0",0," "," ","0",0," "," ","0",0," "," ","0",NA," "," "," "
"880","USC00359461",1974,9,"SNOW",0," "," ","0",0," "," ","0",0," "," ","0",0," "," ","0",0," "," ","0",0," "," ","0",0," "," ","0",0," "," ","0",0," "," ","0",0," "," ","0",0," "," ","0",0," "," ","0",0," "," ","0",0," "," ","0",0," "," ","0",0," "," ","0",0," "," ","0",0," "," ","0",0," "," ","0",0," "," ","0",0," "," ","0",0," "," ","0",0," "," ","0",0," "," ","0",0," "," ","0",0," "," ","0",0," "," ","0",0," "," ","0",0," "," ","0",0," "," ","0",NA," "," "," "
"881","USC00359461",1974,9,"SNWD",0," "," ","0",0," "," ","0",0," "," ","0",0," "," ","0",0," "," ","0",0," "," ","0",0," "," ","0",0," "," ","0",0," "," ","0",0," "," ","0",0," "," ","0",0," "," ","0",0," "," ","0",0," "," ","0",0," "," ","0",0," "," ","0",0," "," ","0",0," "," ","0",0," "," ","0",0," "," ","0",0," "," ","0",0," "," ","0",0," "," ","0",0," "," ","0",0," "," ","0",0," "," ","0",0," "," ","0",0," "," ","0",0," "," ","0",0," "," ","0",NA," "," "," "
"882","USC00359461",1974,10,"PRCP",0," "," ","0",0,"T"," ","0",8," "," ","0",0," "," ","0",0," "," ","0",0," "," ","0",0," "," ","0",0," "," ","0",0," "," ","0",0," "," ","0",0," "," ","0",0," "," ","0",0," "," ","0",0," "," ","0",0," "," ","0",0," "," ","0",0," "," ","0",0," "," ","0",0," "," ","0",5," "," ","0",0,"T"," ","0",0," "," ","0",0," "," ","0",0," "," ","0",0," "," ","0",0," "," ","0",25," "," ","0",213," "," ","0",64," "," ","0",0,"T"," ","0",30," "," ","0"
"883","USC00359461",1974,10,"SNOW",0," "," ","0",0," "," ","0",0," "," ","0",0," "," ","0",0," "," ","0",0," "," ","0",0," "," ","0",0," "," ","0",0," "," ","0",0," "," ","0",0," "," ","0",0," "," ","0",0," "," ","0",0," "," ","0",0," "," ","0",0," "," ","0",0," "," ","0",0," "," ","0",0," "," ","0",0," "," ","0",0," "," ","0",0," "," ","0",0," "," ","0",0," "," ","0",0," "," ","0",0," "," ","0",0," "," ","0",0," "," ","0",0," "," ","0",0," "," ","0",0," "," ","0"
"884","USC00359461",1974,10,"SNWD",0," "," ","0",0," "," ","0",0," "," ","0",0," "," ","0",0," "," ","0",0," "," ","0",0," "," ","0",0," "," ","0",0," "," ","0",0," "," ","0",0," "," ","0",0," "," ","0",0," "," ","0",0," "," ","0",0," "," ","0",0," "," ","0",0," "," ","0",0," "," ","0",0," "," ","0",0," "," ","0",0," "," ","0",0," "," ","0",0," "," ","0",0," "," ","0",0," "," ","0",0," "," ","0",0," "," ","0",0," "," ","0",0," "," ","0",0," "," ","0",0," "," ","0"
"885","USC00359461",1974,11,"PRCP",10," "," ","0",0," "," ","0",0," "," ","0",0," "," ","0",0,"T"," ","0",5," "," ","0",236," "," ","0",130," "," ","0",79," "," ","0",13," "," ","0",0," "," ","0",0," "," ","0",0," "," ","0",0," "," ","0",0," "," ","0",0," "," ","0",0," "," ","0",175," "," ","0",58," "," ","0",3," "," ","0",10," "," ","0",18," "," ","0",46," "," ","0",0,"T"," ","0",48," "," ","0",5," "," ","0",23," "," ","0",0," "," ","0",0," "," ","0",0," "," ","0",NA," "," "," "
"886","USC00359461",1974,11,"SNOW",0," "," ","0",0," "," ","0",0," "," ","0",0," "," ","0",0," "," ","0",0," "," ","0",0," "," ","0",0," "," ","0",0," "," ","0",0," "," ","0",0," "," ","0",0," "," ","0",0," "," ","0",0," "," ","0",0," "," ","0",0," "," ","0",0," "," ","0",0," "," ","0",0," "," ","0",0," "," ","0",0," "," ","0",0," "," ","0",0," "," ","0",0," "," ","0",0," "," ","0",0," "," ","0",0," "," ","0",0," "," ","0",0," "," ","0",0," "," ","0",NA," "," "," "
"887","USC00359461",1974,11,"SNWD",0," "," ","0",0," "," ","0",0," "," ","0",0," "," ","0",0," "," ","0",0," "," ","0",0," "," ","0",0," "," ","0",0," "," ","0",0," "," ","0",0," "," ","0",0," "," ","0",0," "," ","0",0," "," ","0",0," "," ","0",0," "," ","0",0," "," ","0",0," "," ","0",0," "," ","0",0," "," ","0",0," "," ","0",0," "," ","0",0," "," ","0",0," "," ","0",0," "," ","0",0," "," ","0",0," "," ","0",0," "," ","0",0," "," ","0",0," "," ","0",NA," "," "," "
"888","USC00359461",1974,12,"PRCP",0," "," ","0",20," "," ","0",0,"T"," ","0",25," "," ","0",5," "," ","0",0,"T"," ","0",53," "," ","0",0," "," ","0",3," "," ","0",0," "," ","0",61," "," ","0",10," "," ","0",99," "," ","0",244," "," ","0",71," "," ","0",10," "," ","0",51," "," ","0",0," "," ","0",84," "," ","0",64," "," ","0",114," "," ","0",135," "," ","0",69," "," ","0",0,"T"," ","0",0," "," ","0",0,"T"," ","0",396," "," ","0",8," "," ","0",0,"T"," ","0",112," "," ","0",0," "," ","0"
"889","USC00359461",1974,12,"SNOW",0," "," ","0",0," "," ","0",0," "," ","0",0," "," ","0",0," "," ","0",0," "," ","0",0," "," ","0",0," "," ","0",0," "," ","0",0," "," ","0",0," "," ","0",0," "," ","0",0," "," ","0",0," "," ","0",0," "," ","0",0," "," ","0",0," "," ","0",0," "," ","0",0," "," ","0",0," "," ","0",0," "," ","0",0," "," ","0",13," "," ","0",0," "," ","0",0," "," ","0",0," "," ","0",0," "," ","0",0," "," ","0",0," "," ","0",0," "," ","0",0," "," ","0"
"890","USC00359461",1974,12,"SNWD",0," "," ","0",0," "," ","0",0," "," ","0",0," "," ","0",0," "," ","0",0," "," ","0",0," "," ","0",0," "," ","0",0," "," ","0",0," "," ","0",0," "," ","0",0," "," ","0",0," "," ","0",0," "," ","0",0," "," ","0",0," "," ","0",0," "," ","0",0," "," ","0",0," "," ","0",0," "," ","0",0," "," ","0",0," "," ","0",0," "," ","0",0," "," ","0",0," "," ","0",0," "," ","0",0," "," ","0",0," "," ","0",0," "," ","0",0," "," ","0",0," "," ","0"
"891","USC00359461",1975,1,"PRCP",5," "," ","0",0,"T"," ","0",0," "," ","0",137," "," ","0",183," "," ","0",185," "," ","0",56," "," ","0",119," "," ","0",135," "," ","0",122," "," ","0",25," "," ","0",0," "," ","0",0," "," ","0",0," "," ","0",0," "," ","0",10," "," ","0",0," "," ","0",0," "," ","0",0," "," ","0",3," "," ","0",0," "," ","0",0," "," ","0",0," "," ","0",43," "," ","0",0,"T"," ","0",178," "," ","0",66," "," ","0",3," "," ","0",0," "," ","0",0," "," ","0",10," "," ","0"
"892","USC00359461",1975,1,"SNOW",0," "," ","0",0," "," ","0",0," "," ","0",0," "," ","0",0," "," ","0",0," "," ","0",0," "," ","0",0," "," ","0",0," "," ","0",0," "," ","0",0," "," ","0",0," "," ","0",0," "," ","0",0," "," ","0",0," "," ","0",0," "," ","0",0," "," ","0",0," "," ","0",0," "," ","0",0," "," ","0",0," "," ","0",0," "," ","0",0," "," ","0",0," "," ","0",0," "," ","0",20," "," ","0",0,"T"," ","0",0,"T"," ","0",0," "," ","0",0," "," ","0",0," "," ","0"
"893","USC00359461",1975,1,"SNWD",0," "," ","0",0," "," ","0",0," "," ","0",0," "," ","0",0," "," ","0",0," "," ","0",0," "," ","0",0," "," ","0",0," "," ","0",0," "," ","0",0," "," ","0",0," "," ","0",0," "," ","0",0," "," ","0",0," "," ","0",0," "," ","0",0," "," ","0",0," "," ","0",0," "," ","0",0," "," ","0",0," "," ","0",0," "," ","0",0," "," ","0",0," "," ","0",0," "," ","0",0,"T"," ","0",0," "," ","0",0,"T"," ","0",0," "," ","0",0," "," ","0",0," "," ","0"
"894","USC00359461",1975,2,"PRCP",30," "," ","0",79," "," ","0",13," "," ","0",114," "," ","0",193," "," ","0",79," "," ","0",43," "," ","0",15," "," ","0",51," "," ","0",36," "," ","0",10," "," ","0",28," "," ","0",152," "," ","0",25," "," ","0",0,"T"," ","0",130," "," ","0",8," "," ","0",10," "," ","0",130," "," ","0",216," "," ","0",13," "," ","0",3," "," ","0",0," "," ","0",0,"T"," ","0",0," "," ","0",13," "," ","0",25," "," ","0",107," "," ","0",NA," "," "," ",NA," "," "," ",NA," "," "," "
"895","USC00359461",1975,2,"SNOW",0," "," ","0",0,"T"," ","0",0," "," ","0",0," "," ","0",0," "," ","0",0," "," ","0",0," "," ","0",0," "," ","0",0," "," ","0",0," "," ","0",0," "," ","0",0," "," ","0",0," "," ","0",0," "," ","0",0," "," ","0",15," "," ","0",0," "," ","0",0," "," ","0",0," "," ","0",0," "," ","0",0," "," ","0",0," "," ","0",0," "," ","0",0," "," ","0",0," "," ","0",0," "," ","0",0," "," ","0",0," "," ","0",NA," "," "," ",NA," "," "," ",NA," "," "," "
"896","USC00359461",1975,2,"SNWD",0," "," ","0",0," "," ","0",0," "," ","0",0," "," ","0",0," "," ","0",0," "," ","0",0," "," ","0",0," "," ","0",0," "," ","0",0," "," ","0",0," "," ","0",0," "," ","0",0," "," ","0",0," "," ","0",0," "," ","0",0,"T"," ","0",0," "," ","0",0," "," ","0",0," "," ","0",0," "," ","0",0," "," ","0",0," "," ","0",0," "," ","0",0," "," ","0",0," "," ","0",0," "," ","0",0," "," ","0",0," "," ","0",NA," "," "," ",NA," "," "," ",NA," "," "," "
"897","USC00359461",1975,3,"PRCP",3," "," ","0",25," "," ","0",30," "," ","0",0," "," ","0",0," "," ","0",0," "," ","0",0,"T"," ","0",64," "," ","0",0,"T"," ","0",0," "," ","0",10," "," ","0",0," "," ","0",18," "," ","0",0," "," ","0",0," "," ","0",46," "," ","0",53," "," ","0",216," "," ","0",193," "," ","0",41," "," ","0",23," "," ","0",305," "," ","0",114," "," ","0",10," "," ","0",320," "," ","0",0,"T"," ","0",5," "," ","0",0," "," ","0",0," "," ","0",0,"T"," ","0",5," "," ","0"
"898","USC00359461",1975,3,"SNOW",0," "," ","0",0," "," ","0",0," "," ","0",0," "," ","0",0," "," ","0",0," "," ","0",0," "," ","0",0," "," ","0",0," "," ","0",0," "," ","0",0," "," ","0",0," "," ","0",0," "," ","0",0," "," ","0",0," "," ","0",0," "," ","0",0," "," ","0",0," "," ","0",0," "," ","0",0," "," ","0",0," "," ","0",0," "," ","0",0," "," ","0",0," "," ","0",0," "," ","0",0," "," ","0",0," "," ","0",0," "," ","0",0," "," ","0",0," "," ","0",0," "," ","0"
"899","USC00359461",1975,3,"SNWD",0," "," ","0",0," "," ","0",0," "," ","0",0," "," ","0",0," "," ","0",0," "," ","0",0," "," ","0",0," "," ","0",0," "," ","0",0," "," ","0",0," "," ","0",0," "," ","0",0," "," ","0",0," "," ","0",0," "," ","0",0," "," ","0",0," "," ","0",0," "," ","0",0," "," ","0",0," "," ","0",0," "," ","0",0," "," ","0",0," "," ","0",0," "," ","0",0," "," ","0",0," "," ","0",0," "," ","0",0," "," ","0",0," "," ","0",0," "," ","0",0," "," ","0"
"900","USC00359461",1975,4,"PRCP",10," "," ","0",3," "," ","0",30," "," ","0",28," "," ","0",8," "," ","0",3," "," ","0",3," "," ","0",132," "," ","0",3," "," ","0",0," "," ","0",0," "," ","0",0," "," ","0",0," "," ","0",8," "," ","0",135," "," ","0",25," "," ","0",0,"T"," ","0",0," "," ","0",66," "," ","0",0,"T"," ","0",0," "," ","0",0," "," ","0",89," "," ","0",13," "," ","0",130," "," ","0",10," "," ","0",18," "," ","0",3," "," ","0",0,"T"," ","0",0," "," ","0",NA," "," "," "
"901","USC00359461",1975,4,"SNOW",0," "," ","0",0," "," ","0",0," "," ","0",0," "," ","0",0," "," ","0",0," "," ","0",0," "," ","0",0," "," ","0",0," "," ","0",0," "," ","0",0," "," ","0",0," "," ","0",0," "," ","0",0," "," ","0",0," "," ","0",0," "," ","0",0," "," ","0",0," "," ","0",0," "," ","0",0," "," ","0",0," "," ","0",0," "," ","0",0," "," ","0",0," "," ","0",0," "," ","0",0," "," ","0",0," "," ","0",0," "," ","0",0," "," ","0",0," "," ","0",NA," "," "," "
"902","USC00359461",1975,4,"SNWD",0," "," ","0",0," "," ","0",0," "," ","0",0," "," ","0",0," "," ","0",0," "," ","0",0," "," ","0",0," "," ","0",0," "," ","0",0," "," ","0",0," "," ","0",0," "," ","0",0," "," ","0",0," "," ","0",0," "," ","0",0," "," ","0",0," "," ","0",0," "," ","0",0," "," ","0",0," "," ","0",0," "," ","0",0," "," ","0",0," "," ","0",0," "," ","0",0," "," ","0",0," "," ","0",0," "," ","0",0," "," ","0",0," "," ","0",0," "," ","0",NA," "," "," "
"903","USC00359461",1975,5,"PRCP",0," "," ","0",0," "," ","0",58," "," ","0",43," "," ","0",15," "," ","0",10," "," ","0",0," "," ","0",0," "," ","0",0," "," ","0",0," "," ","0",79," "," ","0",10," "," ","0",0," "," ","0",0," "," ","0",0," "," ","0",0," "," ","0",0," "," ","0",0," "," ","0",3," "," ","0",25," "," ","0",0," "," ","0",0," "," ","0",18," "," ","0",0,"T"," ","0",0," "," ","0",0," "," ","0",0," "," ","0",0," "," ","0",0," "," ","0",0," "," ","0",0," "," ","0"
"904","USC00359461",1975,5,"SNOW",0," "," ","0",0," "," ","0",0," "," ","0",0," "," ","0",0," "," ","0",0," "," ","0",0," "," ","0",0," "," ","0",0," "," ","0",0," "," ","0",0," "," ","0",0," "," ","0",0," "," ","0",0," "," ","0",0," "," ","0",0," "," ","0",0," "," ","0",0," "," ","0",0," "," ","0",0," "," ","0",0," "," ","0",0," "," ","0",0," "," ","0",0," "," ","0",0," "," ","0",0," "," ","0",0," "," ","0",0," "," ","0",0," "," ","0",0," "," ","0",0," "," ","0"
"905","USC00359461",1975,5,"SNWD",0," "," ","0",0," "," ","0",0," "," ","0",0," "," ","0",0," "," ","0",0," "," ","0",0," "," ","0",0," "," ","0",0," "," ","0",0," "," ","0",0," "," ","0",0," "," ","0",0," "," ","0",0," "," ","0",0," "," ","0",0," "," ","0",0," "," ","0",0," "," ","0",0," "," ","0",0," "," ","0",0," "," ","0",0," "," ","0",0," "," ","0",0," "," ","0",0," "," ","0",0," "," ","0",0," "," ","0",0," "," ","0",0," "," ","0",0," "," ","0",0," "," ","0"
"906","USC00359461",1975,6,"PRCP",0," "," ","0",0," "," ","0",0," "," ","0",0," "," ","0",0," "," ","0",0," "," ","0",0," "," ","0",0," "," ","0",0," "," ","0",0," "," ","0",0," "," ","0",0," "," ","0",0," "," ","0",0," "," ","0",0," "," ","0",0," "," ","0",0,"T"," ","0",0,"T"," ","0",0," "," ","0",0," "," ","0",0," "," ","0",0," "," ","0",0," "," ","0",18," "," ","0",3," "," ","0",5," "," ","0",13," "," ","0",3," "," ","0",0," "," ","0",8," "," ","0",NA," "," "," "
"907","USC00359461",1975,6,"SNOW",0," "," ","0",0," "," ","0",0," "," ","0",0," "," ","0",0," "," ","0",0," "," ","0",0," "," ","0",0," "," ","0",0," "," ","0",0," "," ","0",0," "," ","0",0," "," ","0",0," "," ","0",0," "," ","0",0," "," ","0",0," "," ","0",0," "," ","0",0," "," ","0",0," "," ","0",0," "," ","0",0," "," ","0",0," "," ","0",0," "," ","0",0," "," ","0",0," "," ","0",0," "," ","0",0," "," ","0",0," "," ","0",0," "," ","0",0," "," ","0",NA," "," "," "
"908","USC00359461",1975,6,"SNWD",0," "," ","0",0," "," ","0",0," "," ","0",0," "," ","0",0," "," ","0",0," "," ","0",0," "," ","0",0," "," ","0",0," "," ","0",0," "," ","0",0," "," ","0",0," "," ","0",0," "," ","0",0," "," ","0",0," "," ","0",0," "," ","0",0," "," ","0",0," "," ","0",0," "," ","0",0," "," ","0",0," "," ","0",0," "," ","0",0," "," ","0",0," "," ","0",0," "," ","0",0," "," ","0",0," "," ","0",0," "," ","0",0," "," ","0",0," "," ","0",NA," "," "," "
"909","USC00359461",1975,7,"PRCP",58," "," ","0",5," "," ","0",0," "," ","0",0," "," ","0",5," "," ","0",0," "," ","0",0," "," ","0",0," "," ","0",0," "," ","0",0," "," ","0",0," "," ","0",0," "," ","0",0," "," ","0",0," "," ","0",8," "," ","0",0," "," ","0",0," "," ","0",0," "," ","0",0," "," ","0",0," "," ","0",0," "," ","0",0," "," ","0",0," "," ","0",0," "," ","0",0," "," ","0",0," "," ","0",0," "," ","0",0," "," ","0",64," "," ","0",0," "," ","0",0," "," ","0"
"910","USC00359461",1975,7,"SNOW",0," "," ","0",0," "," ","0",0," "," ","0",0," "," ","0",0," "," ","0",0," "," ","0",0," "," ","0",0," "," ","0",0," "," ","0",0," "," ","0",0," "," ","0",0," "," ","0",0," "," ","0",0," "," ","0",0," "," ","0",0," "," ","0",0," "," ","0",0," "," ","0",0," "," ","0",0," "," ","0",0," "," ","0",0," "," ","0",0," "," ","0",0," "," ","0",0," "," ","0",0," "," ","0",0," "," ","0",0," "," ","0",0," "," ","0",0," "," ","0",0," "," ","0"
"911","USC00359461",1975,7,"SNWD",0," "," ","0",0," "," ","0",0," "," ","0",0," "," ","0",0," "," ","0",0," "," ","0",0," "," ","0",0," "," ","0",0," "," ","0",0," "," ","0",0," "," ","0",0," "," ","0",0," "," ","0",0," "," ","0",0," "," ","0",0," "," ","0",0," "," ","0",0," "," ","0",0," "," ","0",0," "," ","0",0," "," ","0",0," "," ","0",0," "," ","0",0," "," ","0",0," "," ","0",0," "," ","0",0," "," ","0",0," "," ","0",0," "," ","0",0," "," ","0",0," "," ","0"
"912","USC00359461",1975,8,"PRCP",0," "," ","0",0," "," ","0",0," "," ","0",0," "," ","0",0,"T"," ","0",0," "," ","0",0," "," ","0",0," "," ","0",0," "," ","0",0," "," ","0",0," "," ","0",0," "," ","0",0," "," ","0",0," "," ","0",0," "," ","0",0," "," ","0",38," "," ","0",152," "," ","0",3," "," ","0",0," "," ","0",0," "," ","0",0," "," ","0",41," "," ","0",0,"T"," ","0",0," "," ","0",0," "," ","0",0,"T"," ","0",66," "," ","0",0,"T"," ","0",3," "," ","0",0,"T"," ","0"
"913","USC00359461",1975,8,"SNOW",0," "," ","0",0," "," ","0",0," "," ","0",0," "," ","0",0," "," ","0",0," "," ","0",0," "," ","0",0," "," ","0",0," "," ","0",0," "," ","0",0," "," ","0",0," "," ","0",0," "," ","0",0," "," ","0",0," "," ","0",0," "," ","0",0," "," ","0",0," "," ","0",0," "," ","0",0," "," ","0",0," "," ","0",0," "," ","0",0," "," ","0",0," "," ","0",0," "," ","0",0," "," ","0",0," "," ","0",0," "," ","0",0," "," ","0",0," "," ","0",0," "," ","0"
"914","USC00359461",1975,8,"SNWD",0," "," ","0",0," "," ","0",0," "," ","0",0," "," ","0",0," "," ","0",0," "," ","0",0," "," ","0",0," "," ","0",0," "," ","0",0," "," ","0",0," "," ","0",0," "," ","0",0," "," ","0",0," "," ","0",0," "," ","0",0," "," ","0",0," "," ","0",0," "," ","0",0," "," ","0",0," "," ","0",0," "," ","0",0," "," ","0",0," "," ","0",0," "," ","0",0," "," ","0",0," "," ","0",0," "," ","0",0," "," ","0",0," "," ","0",0," "," ","0",0," "," ","0"
"915","USC00359461",1975,9,"PRCP",0," "," ","0",0," "," ","0",0," "," ","0",0," "," ","0",0," "," ","0",0," "," ","0",0," "," ","0",0," "," ","0",0," "," ","0",0," "," ","0",0," "," ","0",0," "," ","0",0," "," ","0",33," "," ","0",0," "," ","0",0,"T"," ","0",0," "," ","0",0," "," ","0",0," "," ","0",0," "," ","0",0," "," ","0",0," "," ","0",0," "," ","0",0," "," ","0",0," "," ","0",0," "," ","0",0," "," ","0",0," "," ","0",0," "," ","0",0," "," ","0",NA," "," "," "
"916","USC00359461",1975,9,"SNOW",0," "," ","0",0," "," ","0",0," "," ","0",0," "," ","0",0," "," ","0",0," "," ","0",0," "," ","0",0," "," ","0",0," "," ","0",0," "," ","0",0," "," ","0",0," "," ","0",0," "," ","0",0," "," ","0",0," "," ","0",0," "," ","0",0," "," ","0",0," "," ","0",0," "," ","0",0," "," ","0",0," "," ","0",0," "," ","0",0," "," ","0",0," "," ","0",0," "," ","0",0," "," ","0",0," "," ","0",0," "," ","0",0," "," ","0",0," "," ","0",NA," "," "," "
"917","USC00359461",1975,9,"SNWD",0," "," ","0",0," "," ","0",0," "," ","0",0," "," ","0",0," "," ","0",0," "," ","0",0," "," ","0",0," "," ","0",0," "," ","0",0," "," ","0",0," "," ","0",0," "," ","0",0," "," ","0",0," "," ","0",0," "," ","0",0," "," ","0",0," "," ","0",0," "," ","0",0," "," ","0",0," "," ","0",0," "," ","0",0," "," ","0",0," "," ","0",0," "," ","0",0," "," ","0",0," "," ","0",0," "," ","0",0," "," ","0",0," "," ","0",0," "," ","0",NA," "," "," "
"918","USC00359461",1975,10,"PRCP",0," "," ","0",0," "," ","0",0," "," ","0",10," "," ","0",0,"T"," ","0",130," "," ","0",25," "," ","0",38," "," ","0",0,"T"," ","0",0," "," ","0",10," "," ","0",20," "," ","0",3," "," ","0",0," "," ","0",0," "," ","0",0," "," ","0",0," "," ","0",71," "," ","0",3," "," ","0",0," "," ","0",0,"T"," ","0",124," "," ","0",10," "," ","0",33," "," ","0",152," "," ","0",119," "," ","0",91," "," ","0",91," "," ","0",5," "," ","0",180," "," ","0",8," "," ","0"
"919","USC00359461",1975,10,"SNOW",0," "," ","0",0," "," ","0",0," "," ","0",0," "," ","0",0," "," ","0",0," "," ","0",0," "," ","0",0," "," ","0",0," "," ","0",0," "," ","0",0," "," ","0",0," "," ","0",0," "," ","0",0," "," ","0",0," "," ","0",0," "," ","0",0," "," ","0",0," "," ","0",0," "," ","0",0," "," ","0",0," "," ","0",0," "," ","0",0," "," ","0",0," "," ","0",0," "," ","0",0," "," ","0",0," "," ","0",0," "," ","0",0," "," ","0",0," "," ","0",0," "," ","0"
"920","USC00359461",1975,10,"SNWD",0," "," ","0",0," "," ","0",0," "," ","0",0," "," ","0",0," "," ","0",0," "," ","0",0," "," ","0",0," "," ","0",0," "," ","0",0," "," ","0",0," "," ","0",0," "," ","0",0," "," ","0",0," "," ","0",0," "," ","0",0," "," ","0",0," "," ","0",0," "," ","0",0," "," ","0",0," "," ","0",0," "," ","0",0," "," ","0",0," "," ","0",0," "," ","0",0," "," ","0",0," "," ","0",0," "," ","0",0," "," ","0",0," "," ","0",0," "," ","0",0," "," ","0"
"921","USC00359461",1975,11,"PRCP",3," "," ","0",3," "," ","0",0,"T"," ","0",3," "," ","0",0," "," ","0",25," "," ","0",124," "," ","0",30," "," ","0",8," "," ","0",140," "," ","0",91," "," ","0",0," "," ","0",0," "," ","0",97," "," ","0",229," "," ","0",58," "," ","0",84," "," ","0",0," "," ","0",0," "," ","0",8," "," ","0",20," "," ","0",5," "," ","0",0," "," ","0",8," "," ","0",0," "," ","0",20," "," ","0",38," "," ","0",20," "," ","0",5," "," ","0",25," "," ","0",NA," "," "," "
"922","USC00359461",1975,11,"SNOW",0," "," ","0",0," "," ","0",0," "," ","0",0," "," ","0",0," "," ","0",0," "," ","0",0," "," ","0",0," "," ","0",0," "," ","0",0," "," ","0",0," "," ","0",0," "," ","0",0," "," ","0",0," "," ","0",0," "," ","0",0," "," ","0",0," "," ","0",0," "," ","0",0," "," ","0",0," "," ","0",0," "," ","0",0," "," ","0",0," "," ","0",0," "," ","0",0," "," ","0",0," "," ","0",0," "," ","0",0," "," ","0",0,"T"," ","0",0," "," ","0",NA," "," "," "
"923","USC00359461",1975,11,"SNWD",0," "," ","0",0," "," ","0",0," "," ","0",0," "," ","0",0," "," ","0",0," "," ","0",0," "," ","0",0," "," ","0",0," "," ","0",0," "," ","0",0," "," ","0",0," "," ","0",0," "," ","0",0," "," ","0",0," "," ","0",0," "," ","0",0," "," ","0",0," "," ","0",0," "," ","0",0," "," ","0",0," "," ","0",0," "," ","0",0," "," ","0",0," "," ","0",0," "," ","0",0," "," ","0",0," "," ","0",0," "," ","0",0," "," ","0",0," "," ","0",NA," "," "," "
"924","USC00359461",1975,12,"PRCP",305," "," ","0",3," "," ","0",0," "," ","0",320," "," ","0",150," "," ","0",178," "," ","0",0,"T"," ","0",0," "," ","0",0," "," ","0",0," "," ","0",0," "," ","0",140," "," ","0",81," "," ","0",20," "," ","0",0," "," ","0",13," "," ","0",0," "," ","0",0," "," ","0",0," "," ","0",0," "," ","0",0," "," ","0",79," "," ","0",102," "," ","0",48," "," ","0",0,"T"," ","0",23," "," ","0",38," "," ","0",28," "," ","0",3," "," ","0",104," "," ","0",56," "," ","0"
"925","USC00359461",1976,1,"PRCP",0," "," ","0",8," "," ","0",25," "," ","0",51," "," ","0",229," "," ","0",46," "," ","0",236," "," ","0",368," "," ","0",28," "," ","0",0,"T"," ","0",53," "," ","0",117," "," ","0",33," "," ","0",20," "," ","0",18," "," ","0",0,"T"," ","0",0," "," ","0",0," "," ","0",0," "," ","0",0," "," ","0",0," "," ","0",0," "," ","0",38," "," ","0",0," "," ","0",0," "," ","0",0," "," ","0",0," "," ","0",0," "," ","0",0," "," ","0",0," "," ","0",0," "," ","0"
"926","USC00359461",1976,2,"PRCP",0," "," ","0",0," "," ","0",0," "," ","0",0,"T"," ","0",0," "," ","0",0," "," ","0",0," "," ","0",0," "," ","0",0," "," ","0",0," "," ","0",0," "," ","0",5," "," ","0",38," "," ","0",43," "," ","0",94," "," ","0",79," "," ","0",3," "," ","0",69," "," ","0",28," "," ","0",3," "," ","0",0," "," ","0",0," "," ","0",23," "," ","0",10," "," ","0",97," "," ","0",81," "," ","0",15," "," ","0",43," "," ","0",0," "," ","0",NA," "," "," ",NA," "," "," "
"927","USC00359461",1976,2,"SNOW",0," "," ","0",0," "," ","0",0," "," ","0",0," "," ","0",0," "," ","0",0," "," ","0",0," "," ","0",0," "," ","0",0," "," ","0",0," "," ","0",0," "," ","0",0," "," ","0",0," "," ","0",0," "," ","0",0," "," ","0",0," "," ","0",0," "," ","0",0," "," ","0",0," "," ","0",0," "," ","0",0," "," ","0",0," "," ","0",0," "," ","0",0," "," ","0",0," "," ","0",0," "," ","0",0," "," ","0",0," "," ","0",0," "," ","0",NA," "," "," ",NA," "," "," "
"928","USC00359461",1976,2,"SNWD",0," "," ","0",0," "," ","0",0," "," ","0",0," "," ","0",0," "," ","0",0," "," ","0",0," "," ","0",0," "," ","0",0," "," ","0",0," "," ","0",0," "," ","0",0," "," ","0",0," "," ","0",0," "," ","0",0," "," ","0",0," "," ","0",0," "," ","0",0," "," ","0",0," "," ","0",0," "," ","0",0," "," ","0",0," "," ","0",0," "," ","0",0," "," ","0",0," "," ","0",0," "," ","0",0," "," ","0",0," "," ","0",0," "," ","0",NA," "," "," ",NA," "," "," "
"929","USC00359461",1976,3,"PRCP",3," "," ","0",5," "," ","0",0," "," ","0",0," "," ","0",0," "," ","0",0," "," ","0",0," "," ","0",23," "," ","0",0," "," ","0",0," "," ","0",0," "," ","0",0," "," ","0",0," "," ","0",10," "," ","0",0,"T"," ","0",0,"T"," ","0",0,"T"," ","0",8," "," ","0",178," "," ","0",18," "," ","0",0,"T"," ","0",74," "," ","0",46," "," ","0",196," "," ","0",165," "," ","0",13," "," ","0",43," "," ","0",13," "," ","0",0," "," ","0",0," "," ","0",175," "," ","0"
"930","USC00359461",1976,3,"SNOW",0," "," ","0",0," "," ","0",0," "," ","0",0," "," ","0",0," "," ","0",0," "," ","0",0," "," ","0",0," "," ","0",0," "," ","0",0," "," ","0",0," "," ","0",0," "," ","0",0," "," ","0",0," "," ","0",0," "," ","0",0," "," ","0",0," "," ","0",0," "," ","0",13," "," ","0",0," "," ","0",0," "," ","0",0," "," ","0",0," "," ","0",0," "," ","0",0," "," ","0",0," "," ","0",0," "," ","0",0," "," ","0",0," "," ","0",0," "," ","0",0,"T"," ","0"
"931","USC00359461",1976,3,"SNWD",0," "," ","0",0," "," ","0",0," "," ","0",0," "," ","0",0," "," ","0",0," "," ","0",0," "," ","0",0," "," ","0",0," "," ","0",0," "," ","0",0," "," ","0",0," "," ","0",0," "," ","0",0," "," ","0",0," "," ","0",0," "," ","0",0," "," ","0",0," "," ","0",0,"T"," ","0",0," "," ","0",0," "," ","0",0," "," ","0",0," "," ","0",0," "," ","0",0," "," ","0",0," "," ","0",0," "," ","0",0," "," ","0",0," "," ","0",0," "," ","0",0,"T"," ","0"
"932","USC00359461",1976,4,"PRCP",23," "," ","0",0," "," ","0",0," "," ","0",0," "," ","0",0," "," ","0",0," "," ","0",0," "," ","0",0,"T"," ","0",0," "," ","0",5," "," ","0",61," "," ","0",74," "," ","0",71," "," ","0",0," "," ","0",38," "," ","0",20," "," ","0",0," "," ","0",23," "," ","0",3," "," ","0",5," "," ","0",0," "," ","0",48," "," ","0",3," "," ","0",79," "," ","0",25," "," ","0",3," "," ","0",0," "," ","0",0," "," ","0",0,"T"," ","0",0," "," ","0",NA," "," "," "
"933","USC00359461",1976,4,"SNOW",0," "," ","0",0," "," ","0",0," "," ","0",0," "," ","0",0," "," ","0",0," "," ","0",0," "," ","0",0," "," ","0",0," "," ","0",0," "," ","0",0," "," ","0",0," "," ","0",0," "," ","0",0," "," ","0",0," "," ","0",0," "," ","0",0," "," ","0",0," "," ","0",0," "," ","0",0," "," ","0",0," "," ","0",0," "," ","0",0," "," ","0",0," "," ","0",0," "," ","0",0," "," ","0",0," "," ","0",0," "," ","0",0," "," ","0",0," "," ","0",NA," "," "," "
"934","USC00359461",1976,4,"SNWD",0," "," ","0",0," "," ","0",0," "," ","0",0," "," ","0",0," "," ","0",0," "," ","0",0," "," ","0",0," "," ","0",0," "," ","0",0," "," ","0",0," "," ","0",0," "," ","0",0," "," ","0",0," "," ","0",0," "," ","0",0," "," ","0",0," "," ","0",0," "," ","0",0," "," ","0",0," "," ","0",0," "," ","0",0," "," ","0",0," "," ","0",0," "," ","0",0," "," ","0",0," "," ","0",0," "," ","0",0," "," ","0",0," "," ","0",0," "," ","0",NA," "," "," "
"935","USC00359461",1976,5,"PRCP",0," "," ","0",5," "," ","0",0," "," ","0",0," "," ","0",0,"T"," ","0",0,"T"," ","0",0,"T"," ","0",0," "," ","0",0," "," ","0",0," "," ","0",0,"T"," ","0",0," "," ","0",0," "," ","0",0," "," ","0",0," "," ","0",0," "," ","0",0," "," ","0",0," "," ","0",0," "," ","0",0,"T"," ","0",0," "," ","0",0," "," ","0",0," "," ","0",3," "," ","0",0,"T"," ","0",0," "," ","0",5," "," ","0",10," "," ","0",0," "," ","0",13," "," ","0",91," "," ","0"
"936","USC00359461",1976,5,"SNOW",0," "," ","0",0," "," ","0",0," "," ","0",0," "," ","0",0," "," ","0",0," "," ","0",0," "," ","0",0," "," ","0",0," "," ","0",0," "," ","0",0," "," ","0",0," "," ","0",0," "," ","0",0," "," ","0",0," "," ","0",0," "," ","0",0," "," ","0",0," "," ","0",0," "," ","0",0," "," ","0",0," "," ","0",0," "," ","0",0," "," ","0",0," "," ","0",0," "," ","0",0," "," ","0",0," "," ","0",0," "," ","0",0," "," ","0",0," "," ","0",0," "," ","0"
"937","USC00359461",1976,5,"SNWD",0," "," ","0",0," "," ","0",0," "," ","0",0," "," ","0",0," "," ","0",0," "," ","0",0," "," ","0",0," "," ","0",0," "," ","0",0," "," ","0",0," "," ","0",0," "," ","0",0," "," ","0",0," "," ","0",0," "," ","0",0," "," ","0",0," "," ","0",0," "," ","0",0," "," ","0",0," "," ","0",0," "," ","0",0," "," ","0",0," "," ","0",0," "," ","0",0," "," ","0",0," "," ","0",0," "," ","0",0," "," ","0",0," "," ","0",0," "," ","0",0," "," ","0"
"938","USC00359461",1976,6,"PRCP",10," "," ","0",0,"T"," ","0",0," "," ","0",0," "," ","0",0," "," ","0",0," "," ","0",0,"T"," ","0",0," "," ","0",0," "," ","0",13," "," ","0",0," "," ","0",15," "," ","0",0," "," ","0",0," "," ","0",0," "," ","0",0," "," ","0",0," "," ","0",0," "," ","0",0," "," ","0",0," "," ","0",0," "," ","0",0," "," ","0",0," "," ","0",0," "," ","0",0," "," ","0",0," "," ","0",0," "," ","0",0," "," ","0",0," "," ","0",0," "," ","0",NA," "," "," "
"939","USC00359461",1976,6,"SNOW",0," "," ","0",0," "," ","0",0," "," ","0",0," "," ","0",0," "," ","0",0," "," ","0",0," "," ","0",0," "," ","0",0," "," ","0",0," "," ","0",0," "," ","0",0," "," ","0",0," "," ","0",0," "," ","0",0," "," ","0",0," "," ","0",0," "," ","0",0," "," ","0",0," "," ","0",0," "," ","0",0," "," ","0",0," "," ","0",0," "," ","0",0," "," ","0",0," "," ","0",0," "," ","0",0," "," ","0",0," "," ","0",0," "," ","0",0," "," ","0",NA," "," "," "
"940","USC00359461",1976,6,"SNWD",0," "," ","0",0," "," ","0",0," "," ","0",0," "," ","0",0," "," ","0",0," "," ","0",0," "," ","0",0," "," ","0",0," "," ","0",0," "," ","0",0," "," ","0",0," "," ","0",0," "," ","0",0," "," ","0",0," "," ","0",0," "," ","0",0," "," ","0",0," "," ","0",0," "," ","0",0," "," ","0",0," "," ","0",0," "," ","0",0," "," ","0",0," "," ","0",0," "," ","0",0," "," ","0",0," "," ","0",0," "," ","0",0," "," ","0",0," "," ","0",NA," "," "," "
"941","USC00359461",1976,7,"PRCP",127," "," ","0",0," "," ","0",0," "," ","0",0," "," ","0",0," "," ","0",0," "," ","0",5," "," ","0",18," "," ","0",0," "," ","0",43," "," ","0",0," "," ","0",3," "," ","0",0," "," ","0",0," "," ","0",0," "," ","0",0," "," ","0",0," "," ","0",0," "," ","0",0," "," ","0",0," "," ","0",0," "," ","0",0," "," ","0",0," "," ","0",0," "," ","0",0," "," ","0",0," "," ","0",0," "," ","0",0," "," ","0",0," "," ","0",0," "," ","0",0," "," ","0"
"942","USC00359461",1976,7,"SNOW",0," "," ","0",0," "," ","0",0," "," ","0",0," "," ","0",0," "," ","0",0," "," ","0",0," "," ","0",0," "," ","0",0," "," ","0",0," "," ","0",0," "," ","0",0," "," ","0",0," "," ","0",0," "," ","0",0," "," ","0",0," "," ","0",0," "," ","0",0," "," ","0",0," "," ","0",0," "," ","0",0," "," ","0",0," "," ","0",0," "," ","0",0," "," ","0",0," "," ","0",0," "," ","0",0," "," ","0",0," "," ","0",0," "," ","0",0," "," ","0",0," "," ","0"
"943","USC00359461",1976,7,"SNWD",0," "," ","0",0," "," ","0",0," "," ","0",0," "," ","0",0," "," ","0",0," "," ","0",0," "," ","0",0," "," ","0",0," "," ","0",0," "," ","0",0," "," ","0",0," "," ","0",0," "," ","0",0," "," ","0",0," "," ","0",0," "," ","0",0," "," ","0",0," "," ","0",0," "," ","0",0," "," ","0",0," "," ","0",0," "," ","0",0," "," ","0",0," "," ","0",0," "," ","0",0," "," ","0",0," "," ","0",0," "," ","0",0," "," ","0",0," "," ","0",0," "," ","0"
"944","USC00359461",1976,8,"PRCP",0," "," ","0",5," "," ","0",0," "," ","0",25," "," ","0",0,"T"," ","0",0,"T"," ","0",5," "," ","0",0," "," ","0",0," "," ","0",0," "," ","0",0," "," ","0",0," "," ","0",0," "," ","0",79," "," ","0",292," "," ","0",107," "," ","0",79," "," ","0",0,"T"," ","0",0,"T"," ","0",0," "," ","0",0," "," ","0",0," "," ","0",0," "," ","0",0," "," ","0",38," "," ","0",0,"T"," ","0",0," "," ","0",0," "," ","0",0," "," ","0",0," "," ","0",0," "," ","0"
"945","USC00359461",1976,8,"SNOW",0," "," ","0",0," "," ","0",0," "," ","0",0," "," ","0",0," "," ","0",0," "," ","0",0," "," ","0",0," "," ","0",0," "," ","0",0," "," ","0",0," "," ","0",0," "," ","0",0," "," ","0",0," "," ","0",0," "," ","0",0," "," ","0",0," "," ","0",0," "," ","0",0," "," ","0",0," "," ","0",0," "," ","0",0," "," ","0",0," "," ","0",0," "," ","0",0," "," ","0",0," "," ","0",0," "," ","0",0," "," ","0",0," "," ","0",0," "," ","0",0," "," ","0"
"946","USC00359461",1976,8,"SNWD",0," "," ","0",0," "," ","0",0," "," ","0",0," "," ","0",0," "," ","0",0," "," ","0",0," "," ","0",0," "," ","0",0," "," ","0",0," "," ","0",0," "," ","0",0," "," ","0",0," "," ","0",0," "," ","0",0," "," ","0",0," "," ","0",0," "," ","0",0," "," ","0",0," "," ","0",0," "," ","0",0," "," ","0",0," "," ","0",0," "," ","0",0," "," ","0",0," "," ","0",0," "," ","0",0," "," ","0",0," "," ","0",0," "," ","0",0," "," ","0",0," "," ","0"
"947","USC00359461",1976,9,"PRCP",0," "," ","0",0," "," ","0",0," "," ","0",0," "," ","0",0," "," ","0",33," "," ","0",0," "," ","0",0," "," ","0",0," "," ","0",0," "," ","0",0," "," ","0",0," "," ","0",0," "," ","0",112," "," ","0",0,"T"," ","0",3," "," ","0",61," "," ","0",0," "," ","0",0," "," ","0",0," "," ","0",0," "," ","0",0," "," ","0",0," "," ","0",0," "," ","0",0," "," ","0",0," "," ","0",0," "," ","0",0,"T"," ","0",0," "," ","0",0," "," ","0",NA," "," "," "
"948","USC00359461",1976,9,"SNOW",0," "," ","0",0," "," ","0",0," "," ","0",0," "," ","0",0," "," ","0",0," "," ","0",0," "," ","0",0," "," ","0",0," "," ","0",0," "," ","0",0," "," ","0",0," "," ","0",0," "," ","0",0," "," ","0",0," "," ","0",0," "," ","0",0," "," ","0",0," "," ","0",0," "," ","0",0," "," ","0",0," "," ","0",0," "," ","0",0," "," ","0",0," "," ","0",0," "," ","0",0," "," ","0",0," "," ","0",0," "," ","0",0," "," ","0",0," "," ","0",NA," "," "," "
"949","USC00359461",1976,9,"SNWD",0," "," ","0",0," "," ","0",0," "," ","0",0," "," ","0",0," "," ","0",0," "," ","0",0," "," ","0",0," "," ","0",0," "," ","0",0," "," ","0",0," "," ","0",0," "," ","0",0," "," ","0",0," "," ","0",0," "," ","0",0," "," ","0",0," "," ","0",0," "," ","0",0," "," ","0",0," "," ","0",0," "," ","0",0," "," ","0",0," "," ","0",0," "," ","0",0," "," ","0",0," "," ","0",0," "," ","0",0," "," ","0",0," "," ","0",0," "," ","0",NA," "," "," "
"950","USC00359461",1976,10,"PRCP",0,"T"," ","0",8," "," ","0",5," "," ","0",0," "," ","0",0," "," ","0",0," "," ","0",0," "," ","0",0," "," ","0",0," "," ","0",0," "," ","0",0," "," ","0",0," "," ","0",0," "," ","0",0," "," ","0",0," "," ","0",0," "," ","0",0," "," ","0",0," "," ","0",0," "," ","0",0," "," ","0",0," "," ","0",0," "," ","0",0," "," ","0",0," "," ","0",132," "," ","0",8," "," ","0",0," "," ","0",0," "," ","0",13," "," ","0",13," "," ","0",0,"T"," ","0"
"951","USC00359461",1976,10,"SNOW",0," "," ","0",0," "," ","0",0," "," ","0",0," "," ","0",0," "," ","0",0," "," ","0",0," "," ","0",0," "," ","0",0," "," ","0",0," "," ","0",0," "," ","0",0," "," ","0",0," "," ","0",0," "," ","0",0," "," ","0",0," "," ","0",0," "," ","0",0," "," ","0",0," "," ","0",0," "," ","0",0," "," ","0",0," "," ","0",0," "," ","0",0," "," ","0",0," "," ","0",0," "," ","0",0," "," ","0",0," "," ","0",0," "," ","0",0," "," ","0",0," "," ","0"
"952","USC00359461",1976,10,"SNWD",0," "," ","0",0," "," ","0",0," "," ","0",0," "," ","0",0," "," ","0",0," "," ","0",0," "," ","0",0," "," ","0",0," "," ","0",0," "," ","0",0," "," ","0",0," "," ","0",0," "," ","0",0," "," ","0",0," "," ","0",0," "," ","0",0," "," ","0",0," "," ","0",0," "," ","0",0," "," ","0",0," "," ","0",0," "," ","0",0," "," ","0",0," "," ","0",0," "," ","0",0," "," ","0",0," "," ","0",0," "," ","0",0," "," ","0",0," "," ","0",0," "," ","0"
"953","USC00359461",1976,11,"PRCP",137," "," ","0",10," "," ","0",0,"T"," ","0",3," "," ","0",0,"T"," ","0",0," "," ","0",0,"T"," ","0",0," "," ","0",0," "," ","0",0,"T"," ","0",0," "," ","0",0,"T"," ","0",0," "," ","0",56," "," ","0",76," "," ","0",15," "," ","0",0,"T"," ","0",36," "," ","0",0," "," ","0",0," "," ","0",0," "," ","0",0," "," ","0",0," "," ","0",0," "," ","0",5," "," ","0",0," "," ","0",0," "," ","0",0," "," ","0",0," "," ","0",0," "," ","0",NA," "," "," "
"954","USC00359461",1976,11,"SNOW",0," "," ","0",0," "," ","0",0," "," ","0",0," "," ","0",0," "," ","0",0," "," ","0",0," "," ","0",0," "," ","0",0," "," ","0",0," "," ","0",0," "," ","0",0," "," ","0",0," "," ","0",0," "," ","0",0," "," ","0",0," "," ","0",0," "," ","0",0," "," ","0",0," "," ","0",0," "," ","0",0," "," ","0",0," "," ","0",0," "," ","0",0," "," ","0",0," "," ","0",0," "," ","0",0," "," ","0",0," "," ","0",0," "," ","0",0," "," ","0",NA," "," "," "
"955","USC00359461",1976,11,"SNWD",0," "," ","0",0," "," ","0",0," "," ","0",0," "," ","0",0," "," ","0",0," "," ","0",0," "," ","0",0," "," ","0",0," "," ","0",0," "," ","0",0," "," ","0",0," "," ","0",0," "," ","0",0," "," ","0",0," "," ","0",0," "," ","0",0," "," ","0",0," "," ","0",0," "," ","0",0," "," ","0",0," "," ","0",0," "," ","0",0," "," ","0",0," "," ","0",0," "," ","0",0," "," ","0",0," "," ","0",0," "," ","0",0," "," ","0",0," "," ","0",NA," "," "," "
"956","USC00359461",1976,12,"PRCP",0," "," ","0",0," "," ","0",0," "," ","0",0," "," ","0",3," "," ","0",0," "," ","0",0," "," ","0",0,"T"," ","0",132," "," ","0",0," "," ","0",0," "," ","0",0," "," ","0",0," "," ","0",0," "," ","0",0," "," ","0",0," "," ","0",0," "," ","0",0," "," ","0",0," "," ","0",0," "," ","0",0," "," ","0",0," "," ","0",15," "," ","0",0,"T"," ","0",8," "," ","0",25," "," ","0",5," "," ","0",0," "," ","0",3," "," ","0",0,"T"," ","0",0," "," ","0"
"957","USC00359461",1976,12,"SNOW",0," "," ","0",0," "," ","0",0," "," ","0",0," "," ","0",0," "," ","0",0," "," ","0",0," "," ","0",0," "," ","0",0," "," ","0",0," "," ","0",0," "," ","0",0," "," ","0",0," "," ","0",0," "," ","0",0," "," ","0",0," "," ","0",0," "," ","0",0," "," ","0",0," "," ","0",0," "," ","0",0," "," ","0",0," "," ","0",0," "," ","0",0," "," ","0",0," "," ","0",0," "," ","0",0," "," ","0",0," "," ","0",0," "," ","0",0," "," ","0",0," "," ","0"
"958","USC00359461",1976,12,"SNWD",0," "," ","0",0," "," ","0",0," "," ","0",0," "," ","0",0," "," ","0",0," "," ","0",0," "," ","0",0," "," ","0",0," "," ","0",0," "," ","0",0," "," ","0",0," "," ","0",0," "," ","0",0," "," ","0",0," "," ","0",0," "," ","0",0," "," ","0",0," "," ","0",0," "," ","0",0," "," ","0",0," "," ","0",0," "," ","0",0," "," ","0",0," "," ","0",0," "," ","0",0," "," ","0",0," "," ","0",0," "," ","0",0," "," ","0",0," "," ","0",0," "," ","0"
"959","USC00359461",1977,1,"PRCP",0," "," ","0",48," "," ","0",107," "," ","0",5," "," ","0",25," "," ","0",0," "," ","0",0," "," ","0",0," "," ","0",0," "," ","0",13," "," ","0",3," "," ","0",145," "," ","0",0,"T"," ","0",0,"T"," ","0",0," "," ","0",0," "," ","0",0,"T"," ","0",0," "," ","0",0," "," ","0",0," "," ","0",0," "," ","0",0," "," ","0",0," "," ","0",0," "," ","0",0," "," ","0",0," "," ","0",0," "," ","0",0," "," ","0",0," "," ","0",0," "," ","0",5," "," ","0"
"960","USC00359461",1977,2,"PRCP",20," "," ","0",0," "," ","0",0," "," ","0",0," "," ","0",0,"T"," ","0",15," "," ","0",0," "," ","0",0," "," ","0",3," "," ","0",0," "," ","0",0," "," ","0",0," "," ","0",3," "," ","0",0," "," ","0",0," "," ","0",0," "," ","0",0," "," ","0",0," "," ","0",0," "," ","0",0," "," ","0",89," "," ","0",109," "," ","0",23," "," ","0",152," "," ","0",8," "," ","0",15," "," ","0",15," "," ","0",84," "," ","0",NA," "," "," ",NA," "," "," ",NA," "," "," "
"961","USC00359461",1977,2,"SNOW",0," "," ","0",0," "," ","0",0," "," ","0",0," "," ","0",0," "," ","0",0," "," ","0",0," "," ","0",0," "," ","0",0," "," ","0",0," "," ","0",0," "," ","0",0," "," ","0",0," "," ","0",0," "," ","0",0," "," ","0",0," "," ","0",0," "," ","0",0," "," ","0",0," "," ","0",0," "," ","0",0," "," ","0",0," "," ","0",0," "," ","0",0," "," ","0",0," "," ","0",0," "," ","0",0," "," ","0",0," "," ","0",NA," "," "," ",NA," "," "," ",NA," "," "," "
"962","USC00359461",1977,2,"SNWD",0," "," ","0",0," "," ","0",0," "," ","0",0," "," ","0",0," "," ","0",0," "," ","0",0," "," ","0",0," "," ","0",0," "," ","0",0," "," ","0",0," "," ","0",0," "," ","0",0," "," ","0",0," "," ","0",0," "," ","0",0," "," ","0",0," "," ","0",0," "," ","0",0," "," ","0",0," "," ","0",0," "," ","0",0," "," ","0",0," "," ","0",0," "," ","0",0," "," ","0",0," "," ","0",0," "," ","0",0," "," ","0",NA," "," "," ",NA," "," "," ",NA," "," "," "
"963","USC00359461",1977,3,"PRCP",140," "," ","0",53," "," ","0",74," "," ","0",25," "," ","0",0,"T"," ","0",0," "," ","0",10," "," ","0",23," "," ","0",188," "," ","0",97," "," ","0",0,"T"," ","0",10," "," ","0",58," "," ","0",0,"T"," ","0",0," "," ","0",0," "," ","0",8," "," ","0",10," "," ","0",23," "," ","0",0," "," ","0",0," "," ","0",0," "," ","0",74," "," ","0",127," "," ","0",15," "," ","0",0," "," ","0",10," "," ","0",48," "," ","0",15," "," ","0",0,"T"," ","0",0," "," ","0"
"964","USC00359461",1977,3,"SNOW",0," "," ","0",0," "," ","0",0," "," ","0",0," "," ","0",0," "," ","0",0," "," ","0",0," "," ","0",0," "," ","0",0," "," ","0",0," "," ","0",0," "," ","0",0," "," ","0",0," "," ","0",0," "," ","0",0," "," ","0",0," "," ","0",0," "," ","0",0," "," ","0",0," "," ","0",0," "," ","0",0," "," ","0",0," "," ","0",0," "," ","0",0," "," ","0",0," "," ","0",0," "," ","0",0," "," ","0",0," "," ","0",0," "," ","0",0," "," ","0",0," "," ","0"
"965","USC00359461",1977,3,"SNWD",0," "," ","0",0," "," ","0",0," "," ","0",0," "," ","0",0," "," ","0",0," "," ","0",0," "," ","0",0," "," ","0",0," "," ","0",0," "," ","0",0," "," ","0",0," "," ","0",0," "," ","0",0," "," ","0",0," "," ","0",0," "," ","0",0," "," ","0",0," "," ","0",0," "," ","0",0," "," ","0",0," "," ","0",0," "," ","0",0," "," ","0",0," "," ","0",0," "," ","0",0," "," ","0",0," "," ","0",0," "," ","0",0," "," ","0",0," "," ","0",0," "," ","0"
"966","USC00359461",1977,4,"PRCP",5," "," ","0",0," "," ","0",0," "," ","0",0," "," ","0",0," "," ","0",0," "," ","0",0," "," ","0",107," "," ","0",0," "," ","0",0," "," ","0",0," "," ","0",0," "," ","0",15," "," ","0",0,"T"," ","0",0," "," ","0",3," "," ","0",0," "," ","0",0," "," ","0",0," "," ","0",0," "," ","0",0," "," ","0",0," "," ","0",0," "," ","0",0," "," ","0",0," "," ","0",25," "," ","0",0," "," ","0",0," "," ","0",0,"T"," ","0",36," "," ","0",NA," "," "," "
"967","USC00359461",1977,4,"SNOW",0," "," ","0",0," "," ","0",0," "," ","0",0," "," ","0",0," "," ","0",0," "," ","0",0," "," ","0",0," "," ","0",0," "," ","0",0," "," ","0",0," "," ","0",0," "," ","0",0," "," ","0",0," "," ","0",0," "," ","0",0," "," ","0",0," "," ","0",0," "," ","0",0," "," ","0",0," "," ","0",0," "," ","0",0," "," ","0",0," "," ","0",0," "," ","0",0," "," ","0",0," "," ","0",0," "," ","0",0," "," ","0",0," "," ","0",0," "," ","0",NA," "," "," "
"968","USC00359461",1977,4,"SNWD",0," "," ","0",0," "," ","0",0," "," ","0",0," "," ","0",0," "," ","0",0," "," ","0",0," "," ","0",0," "," ","0",0," "," ","0",0," "," ","0",0," "," ","0",0," "," ","0",0," "," ","0",0," "," ","0",0," "," ","0",0," "," ","0",0," "," ","0",0," "," ","0",0," "," ","0",0," "," ","0",0," "," ","0",0," "," ","0",0," "," ","0",0," "," ","0",0," "," ","0",0," "," ","0",0," "," ","0",0," "," ","0",0," "," ","0",0," "," ","0",NA," "," "," "
"969","USC00359461",1977,5,"PRCP",5," "," ","0",86," "," ","0",112," "," ","0",28," "," ","0",61," "," ","0",41," "," ","0",0,"T"," ","0",0,"T"," ","0",0," "," ","0",0,"T"," ","0",74," "," ","0",0," "," ","0",0," "," ","0",0," "," ","0",30," "," ","0",46," "," ","0",58," "," ","0",3," "," ","0",0," "," ","0",0," "," ","0",0," "," ","0",0," "," ","0",69," "," ","0",13," "," ","0",0," "," ","0",48," "," ","0",3," "," ","0",5," "," ","0",0," "," ","0",0," "," ","0",0," "," ","0"
"970","USC00359461",1977,5,"SNOW",0," "," ","0",0," "," ","0",0," "," ","0",0," "," ","0",0," "," ","0",0," "," ","0",0," "," ","0",0," "," ","0",0," "," ","0",0," "," ","0",0," "," ","0",0," "," ","0",0," "," ","0",0," "," ","0",0," "," ","0",0," "," ","0",0," "," ","0",0," "," ","0",0," "," ","0",0," "," ","0",0," "," ","0",0," "," ","0",0," "," ","0",0," "," ","0",0," "," ","0",0," "," ","0",0," "," ","0",0," "," ","0",0," "," ","0",0," "," ","0",0," "," ","0"
"971","USC00359461",1977,5,"SNWD",0," "," ","0",0," "," ","0",0," "," ","0",0," "," ","0",0," "," ","0",0," "," ","0",0," "," ","0",0," "," ","0",0," "," ","0",0," "," ","0",0," "," ","0",0," "," ","0",0," "," ","0",0," "," ","0",0," "," ","0",0," "," ","0",0," "," ","0",0," "," ","0",0," "," ","0",0," "," ","0",0," "," ","0",0," "," ","0",0," "," ","0",0," "," ","0",0," "," ","0",0," "," ","0",0," "," ","0",0," "," ","0",0," "," ","0",0," "," ","0",0," "," ","0"
"972","USC00359461",1977,6,"PRCP",30," "," ","0",0," "," ","0",0," "," ","0",20," "," ","0",0,"T"," ","0",0," "," ","0",0," "," ","0",0," "," ","0",0," "," ","0",0," "," ","0",0," "," ","0",0," "," ","0",0," "," ","0",0," "," ","0",0," "," ","0",0," "," ","0",0," "," ","0",0,"T"," ","0",0," "," ","0",0,"T"," ","0",0," "," ","0",0," "," ","0",0," "," ","0",0," "," ","0",0," "," ","0",0," "," ","0",0," "," ","0",0," "," ","0",0," "," ","0",0," "," ","0",NA," "," "," "
"973","USC00359461",1977,6,"SNOW",0," "," ","0",0," "," ","0",0," "," ","0",0," "," ","0",0," "," ","0",0," "," ","0",0," "," ","0",0," "," ","0",0," "," ","0",0," "," ","0",0," "," ","0",0," "," ","0",0," "," ","0",0," "," ","0",0," "," ","0",0," "," ","0",0," "," ","0",0," "," ","0",0," "," ","0",0," "," ","0",0," "," ","0",0," "," ","0",0," "," ","0",0," "," ","0",0," "," ","0",0," "," ","0",0," "," ","0",0," "," ","0",0," "," ","0",0," "," ","0",NA," "," "," "
"974","USC00359461",1977,6,"SNWD",0," "," ","0",0," "," ","0",0," "," ","0",0," "," ","0",0," "," ","0",0," "," ","0",0," "," ","0",0," "," ","0",0," "," ","0",0," "," ","0",0," "," ","0",0," "," ","0",0," "," ","0",0," "," ","0",0," "," ","0",0," "," ","0",0," "," ","0",0," "," ","0",0," "," ","0",0," "," ","0",0," "," ","0",0," "," ","0",0," "," ","0",0," "," ","0",0," "," ","0",0," "," ","0",0," "," ","0",0," "," ","0",0," "," ","0",0," "," ","0",NA," "," "," "
"975","USC00359461",1977,7,"PRCP",0," "," ","0",0," "," ","0",0," "," ","0",0," "," ","0",0," "," ","0",0," "," ","0",0," "," ","0",0," "," ","0",0," "," ","0",0," "," ","0",0," "," ","0",0," "," ","0",0," "," ","0",0," "," ","0",0," "," ","0",0," "," ","0",0," "," ","0",0," "," ","0",0," "," ","0",0," "," ","0",0," "," ","0",0," "," ","0",0," "," ","0",0," "," ","0",0," "," ","0",0," "," ","0",0," "," ","0",0," "," ","0",0," "," ","0",0," "," ","0",0," "," ","0"
"976","USC00359461",1977,7,"SNOW",0," "," ","0",0," "," ","0",0," "," ","0",0," "," ","0",0," "," ","0",0," "," ","0",0," "," ","0",0," "," ","0",0," "," ","0",0," "," ","0",0," "," ","0",0," "," ","0",0," "," ","0",0," "," ","0",0," "," ","0",0," "," ","0",0," "," ","0",0," "," ","0",0," "," ","0",0," "," ","0",0," "," ","0",0," "," ","0",0," "," ","0",0," "," ","0",0," "," ","0",0," "," ","0",0," "," ","0",0," "," ","0",0," "," ","0",0," "," ","0",0," "," ","0"
"977","USC00359461",1977,7,"SNWD",0," "," ","0",0," "," ","0",0," "," ","0",0," "," ","0",0," "," ","0",0," "," ","0",0," "," ","0",0," "," ","0",0," "," ","0",0," "," ","0",0," "," ","0",0," "," ","0",0," "," ","0",0," "," ","0",0," "," ","0",0," "," ","0",0," "," ","0",0," "," ","0",0," "," ","0",0," "," ","0",0," "," ","0",0," "," ","0",0," "," ","0",0," "," ","0",0," "," ","0",0," "," ","0",0," "," ","0",0," "," ","0",0," "," ","0",0," "," ","0",0," "," ","0"
"978","USC00359461",1977,8,"PRCP",0," "," ","0",0," "," ","0",0,"T"," ","0",0," "," ","0",0," "," ","0",0," "," ","0",0," "," ","0",0," "," ","0",0," "," ","0",0," "," ","0",0," "," ","0",0," "," ","0",0," "," ","0",0," "," ","0",0," "," ","0",0," "," ","0",0," "," ","0",0," "," ","0",0," "," ","0",0," "," ","0",0,"T"," ","0",0," "," ","0",0," "," ","0",335," "," ","0",66," "," ","0",41," "," ","0",10," "," ","0",0," "," ","0",0,"T"," ","0",0,"T"," ","0",0," "," ","0"
"979","USC00359461",1977,8,"SNOW",0," "," ","0",0," "," ","0",0," "," ","0",0," "," ","0",0," "," ","0",0," "," ","0",0," "," ","0",0," "," ","0",0," "," ","0",0," "," ","0",0," "," ","0",0," "," ","0",0," "," ","0",0," "," ","0",0," "," ","0",0," "," ","0",0," "," ","0",0," "," ","0",0," "," ","0",0," "," ","0",0," "," ","0",0," "," ","0",0," "," ","0",0," "," ","0",0," "," ","0",0," "," ","0",0," "," ","0",0," "," ","0",0," "," ","0",0," "," ","0",0," "," ","0"
"980","USC00359461",1977,8,"SNWD",0," "," ","0",0," "," ","0",0," "," ","0",0," "," ","0",0," "," ","0",0," "," ","0",0," "," ","0",0," "," ","0",0," "," ","0",0," "," ","0",0," "," ","0",0," "," ","0",0," "," ","0",0," "," ","0",0," "," ","0",0," "," ","0",0," "," ","0",0," "," ","0",0," "," ","0",0," "," ","0",0," "," ","0",0," "," ","0",0," "," ","0",0," "," ","0",0," "," ","0",0," "," ","0",0," "," ","0",0," "," ","0",0," "," ","0",0," "," ","0",0," "," ","0"
"981","USC00359461",1977,9,"PRCP",0," "," ","0",0," "," ","0",0," "," ","0",0," "," ","0",0," "," ","0",0," "," ","0",0," "," ","0",0," "," ","0",0," "," ","0",0," "," ","0",0," "," ","0",0," "," ","0",0," "," ","0",0," "," ","0",0," "," ","0",0," "," ","0",23," "," ","0",36," "," ","0",147," "," ","0",23," "," ","0",0,"T"," ","0",0," "," ","0",0," "," ","0",71," "," ","0",23," "," ","0",8," "," ","0",28," "," ","0",295," "," ","0",89," "," ","0",5," "," ","0",NA," "," "," "
"982","USC00359461",1977,9,"SNOW",0," "," ","0",0," "," ","0",0," "," ","0",0," "," ","0",0," "," ","0",0," "," ","0",0," "," ","0",0," "," ","0",0," "," ","0",0," "," ","0",0," "," ","0",0," "," ","0",0," "," ","0",0," "," ","0",0," "," ","0",0," "," ","0",0," "," ","0",0," "," ","0",0," "," ","0",0," "," ","0",0," "," ","0",0," "," ","0",0," "," ","0",0," "," ","0",0," "," ","0",0," "," ","0",0," "," ","0",0," "," ","0",0," "," ","0",0," "," ","0",NA," "," "," "
"983","USC00359461",1977,9,"SNWD",0," "," ","0",0," "," ","0",0," "," ","0",0," "," ","0",0," "," ","0",0," "," ","0",0," "," ","0",0," "," ","0",0," "," ","0",0," "," ","0",0," "," ","0",0," "," ","0",0," "," ","0",0," "," ","0",0," "," ","0",0," "," ","0",0," "," ","0",0," "," ","0",0," "," ","0",0," "," ","0",0," "," ","0",0," "," ","0",0," "," ","0",0," "," ","0",0," "," ","0",0," "," ","0",0," "," ","0",0," "," ","0",0," "," ","0",0," "," ","0",NA," "," "," "
"984","USC00359461",1977,10,"PRCP",0,"T"," ","0",0," "," ","0",0," "," ","0",0," "," ","0",0," "," ","0",51," "," ","0",10," "," ","0",5," "," ","0",0," "," ","0",0," "," ","0",0," "," ","0",0,"T"," ","0",0,"T"," ","0",0," "," ","0",0,"T"," ","0",0," "," ","0",0," "," ","0",3," "," ","0",0," "," ","0",0," "," ","0",0," "," ","0",0," "," ","0",41," "," ","0",15," "," ","0",91," "," ","0",58," "," ","0",0,"T"," ","0",23," "," ","0",0,"T"," ","0",152," "," ","0",10," "," ","0"
"985","USC00359461",1977,10,"SNOW",0," "," ","0",0," "," ","0",0," "," ","0",0," "," ","0",0," "," ","0",0," "," ","0",0," "," ","0",0," "," ","0",0," "," ","0",0," "," ","0",0," "," ","0",0," "," ","0",0," "," ","0",0," "," ","0",0," "," ","0",0," "," ","0",0," "," ","0",0," "," ","0",0," "," ","0",0," "," ","0",0," "," ","0",0," "," ","0",0," "," ","0",0," "," ","0",0," "," ","0",0," "," ","0",0," "," ","0",0," "," ","0",0," "," ","0",0," "," ","0",0," "," ","0"
"986","USC00359461",1977,10,"SNWD",0," "," ","0",0," "," ","0",0," "," ","0",0," "," ","0",0," "," ","0",0," "," ","0",0," "," ","0",0," "," ","0",0," "," ","0",0," "," ","0",0," "," ","0",0," "," ","0",0," "," ","0",0," "," ","0",0," "," ","0",0," "," ","0",0," "," ","0",0," "," ","0",0," "," ","0",0," "," ","0",0," "," ","0",0," "," ","0",0," "," ","0",0," "," ","0",0," "," ","0",0," "," ","0",0," "," ","0",0," "," ","0",0," "," ","0",0," "," ","0",0," "," ","0"
"987","USC00359461",1977,11,"PRCP",3," "," ","0",23," "," ","0",0," "," ","0",0,"T"," ","0",46," "," ","0",91," "," ","0",8," "," ","0",0," "," ","0",0," "," ","0",0," "," ","0",0," "," ","0",8," "," ","0",41," "," ","0",5," "," ","0",25," "," ","0",20," "," ","0",0," "," ","0",36," "," ","0",5," "," ","0",0," "," ","0",211," "," ","0",279," "," ","0",178," "," ","0",333," "," ","0",241," "," ","0",173," "," ","0",51," "," ","0",5," "," ","0",38," "," ","0",3," "," ","0",NA," "," "," "
"988","USC00359461",1977,11,"SNOW",0," "," ","0",0," "," ","0",0," "," ","0",0," "," ","0",0," "," ","0",0," "," ","0",0," "," ","0",0," "," ","0",0," "," ","0",0," "," ","0",0," "," ","0",0," "," ","0",0," "," ","0",0," "," ","0",0," "," ","0",0," "," ","0",0," "," ","0",0," "," ","0",0," "," ","0",0," "," ","0",0," "," ","0",0," "," ","0",0," "," ","0",0," "," ","0",0," "," ","0",0," "," ","0",0," "," ","0",0," "," ","0",0," "," ","0",0," "," ","0",NA," "," "," "
"989","USC00359461",1977,11,"SNWD",0," "," ","0",0," "," ","0",0," "," ","0",0," "," ","0",0," "," ","0",0," "," ","0",0," "," ","0",0," "," ","0",0," "," ","0",0," "," ","0",0," "," ","0",0," "," ","0",0," "," ","0",0," "," ","0",0," "," ","0",0," "," ","0",0," "," ","0",0," "," ","0",0," "," ","0",0," "," ","0",0," "," ","0",0," "," ","0",0," "," ","0",0," "," ","0",0," "," ","0",0," "," ","0",0," "," ","0",0," "," ","0",0," "," ","0",0," "," ","0",NA," "," "," "
"990","USC00359461",1977,12,"PRCP",0,"T"," ","0",0," "," ","0",170," "," ","0",5," "," ","0",5," "," ","0",8," "," ","0",23," "," ","0",0," "," ","0",0," "," ","0",0," "," ","0",28," "," ","0",66," "," ","0",104," "," ","0",107," "," ","0",320," "," ","0",66," "," ","0",97," "," ","0",15," "," ","0",38," "," ","0",0," "," ","0",0," "," ","0",3," "," ","0",41," "," ","0",259," "," ","0",0,"T"," ","0",0," "," ","0",13," "," ","0",38," "," ","0",33," "," ","0",152," "," ","0",0,"T"," ","0"
"991","USC00359461",1977,12,"SNOW",0," "," ","0",0," "," ","0",0," "," ","0",0," "," ","0",0," "," ","0",0," "," ","0",0," "," ","0",0," "," ","0",0," "," ","0",0," "," ","0",0," "," ","0",0," "," ","0",0," "," ","0",0," "," ","0",0," "," ","0",0," "," ","0",0," "," ","0",0," "," ","0",0," "," ","0",0," "," ","0",0," "," ","0",0," "," ","0",0," "," ","0",0," "," ","0",0," "," ","0",0," "," ","0",0," "," ","0",0," "," ","0",0," "," ","0",0," "," ","0",0," "," ","0"
"992","USC00359461",1977,12,"SNWD",0," "," ","0",0," "," ","0",0," "," ","0",0," "," ","0",0," "," ","0",0," "," ","0",0," "," ","0",0," "," ","0",0," "," ","0",0," "," ","0",0," "," ","0",0," "," ","0",0," "," ","0",0," "," ","0",0," "," ","0",0," "," ","0",0," "," ","0",0," "," ","0",0," "," ","0",0," "," ","0",0," "," ","0",0," "," ","0",0," "," ","0",0," "," ","0",0," "," ","0",0," "," ","0",0," "," ","0",0," "," ","0",0," "," ","0",0," "," ","0",0," "," ","0"
"993","USC00359461",1978,1,"PRCP",0," "," ","0",46," "," ","0",51," "," ","0",20," "," ","0",130," "," ","0",71," "," ","0",13," "," ","0",8," "," ","0",20," "," ","0",23," "," ","0",0," "," ","0",41," "," ","0",20," "," ","0",5," "," ","0",18," "," ","0",191," "," ","0",48," "," ","0",25," "," ","0",25," "," ","0",33," "," ","0",61," "," ","0",56," "," ","0",0," "," ","0",0," "," ","0",0," "," ","0",10," "," ","0",0,"T"," ","0",15," "," ","0",10," "," ","0",0," "," ","0",10," "," ","0"
"994","USC00359461",1978,1,"SNOW",0," "," ","0",0," "," ","0",0," "," ","0",0," "," ","0",0," "," ","0",0," "," ","0",0," "," ","0",0," "," ","0",0," "," ","0",0," "," ","0",0," "," ","0",0," "," ","0",0," "," ","0",0," "," ","0",0," "," ","0",0," "," ","0",0," "," ","0",0," "," ","0",0," "," ","0",0," "," ","0",0," "," ","0",0," "," ","0",0," "," ","0",0," "," ","0",0," "," ","0",0," "," ","0",0," "," ","0",0," "," ","0",0," "," ","0",0," "," ","0",0," "," ","0"
"995","USC00359461",1978,1,"SNWD",0," "," ","0",0," "," ","0",0," "," ","0",0," "," ","0",0," "," ","0",0," "," ","0",0," "," ","0",0," "," ","0",0," "," ","0",0," "," ","0",0," "," ","0",0," "," ","0",0," "," ","0",0," "," ","0",0," "," ","0",0," "," ","0",0," "," ","0",0," "," ","0",0," "," ","0",0," "," ","0",0," "," ","0",0," "," ","0",0," "," ","0",0," "," ","0",0," "," ","0",0," "," ","0",0," "," ","0",0," "," ","0",0," "," ","0",0," "," ","0",0," "," ","0"
"996","USC00359461",1978,2,"PRCP",38," "," ","0",74," "," ","0",373," "," ","0",3," "," ","0",3," "," ","0",8," "," ","0",41," "," ","0",198," "," ","0",264," "," ","0",13," "," ","0",0," "," ","0",0," "," ","0",0," "," ","0",0," "," ","0",81," "," ","0",8," "," ","0",18," "," ","0",15," "," ","0",3," "," ","0",0,"T"," ","0",0,"T"," ","0",0," "," ","0",3," "," ","0",0,"T"," ","0",3," "," ","0",13," "," ","0",28," "," ","0",0," "," ","0",NA," "," "," ",NA," "," "," ",NA," "," "," "
"997","USC00359461",1978,2,"SNOW",0," "," ","0",0," "," ","0",0," "," ","0",0," "," ","0",0," "," ","0",0," "," ","0",0," "," ","0",0," "," ","0",0," "," ","0",0," "," ","0",0," "," ","0",0," "," ","0",0," "," ","0",0," "," ","0",0," "," ","0",0," "," ","0",0," "," ","0",0," "," ","0",0," "," ","0",0," "," ","0",0," "," ","0",0," "," ","0",0," "," ","0",0," "," ","0",0," "," ","0",0," "," ","0",0," "," ","0",0," "," ","0",NA," "," "," ",NA," "," "," ",NA," "," "," "
"998","USC00359461",1978,2,"SNWD",0," "," ","0",0," "," ","0",0," "," ","0",0," "," ","0",0," "," ","0",0," "," ","0",0," "," ","0",0," "," ","0",0," "," ","0",0," "," ","0",0," "," ","0",0," "," ","0",0," "," ","0",0," "," ","0",0," "," ","0",0," "," ","0",0," "," ","0",0," "," ","0",0," "," ","0",0," "," ","0",0," "," ","0",0," "," ","0",0," "," ","0",0," "," ","0",0," "," ","0",0," "," ","0",0," "," ","0",0," "," ","0",NA," "," "," ",NA," "," "," ",NA," "," "," "
"999","USC00359461",1978,3,"PRCP",0," "," ","0",0," "," ","0",20," "," ","0",23," "," ","0",61," "," ","0",3," "," ","0",0," "," ","0",25," "," ","0",8," "," ","0",0," "," ","0",18," "," ","0",25," "," ","0",36," "," ","0",0," "," ","0",0," "," ","0",0," "," ","0",0," "," ","0",0," "," ","0",0," "," ","0",0," "," ","0",0," "," ","0",0," "," ","0",33," "," ","0",107," "," ","0",0," "," ","0",0," "," ","0",0," "," ","0",0," "," ","0",0," "," ","0",8," "," ","0",0," "," ","0"
"1000","USC00359461",1978,3,"SNOW",0," "," ","0",0," "," ","0",0," "," ","0",0," "," ","0",0," "," ","0",0," "," ","0",0," "," ","0",0," "," ","0",0," "," ","0",0," "," ","0",0," "," ","0",0," "," ","0",0," "," ","0",0," "," ","0",0," "," ","0",0," "," ","0",0," "," ","0",0," "," ","0",0," "," ","0",0," "," ","0",0," "," ","0",0," "," ","0",0," "," ","0",0," "," ","0",0," "," ","0",0," "," ","0",0," "," ","0",0," "," ","0",0," "," ","0",0," "," ","0",0," "," ","0"
"1001","USC00359461",1978,3,"SNWD",0," "," ","0",0," "," ","0",0," "," ","0",0," "," ","0",0," "," ","0",0," "," ","0",0," "," ","0",0," "," ","0",0," "," ","0",0," "," ","0",0," "," ","0",0," "," ","0",0," "," ","0",0," "," ","0",0," "," ","0",0," "," ","0",0," "," ","0",0," "," ","0",0," "," ","0",0," "," ","0",0," "," ","0",0," "," ","0",0," "," ","0",0," "," ","0",0," "," ","0",0," "," ","0",0," "," ","0",0," "," ","0",0," "," ","0",0," "," ","0",0," "," ","0"
"1002","USC00359461",1978,4,"PRCP",0,"T"," ","0",76," "," ","0",25," "," ","0",48," "," ","0",99," "," ","0",10," "," ","0",0," "," ","0",3," "," ","0",0," "," ","0",0," "," ","0",0," "," ","0",0," "," ","0",0," "," ","0",61," "," ","0",79," "," ","0",79," "," ","0",28," "," ","0",0," "," ","0",3," "," ","0",13," "," ","0",86," "," ","0",30," "," ","0",81," "," ","0",0,"T"," ","0",13," "," ","0",58," "," ","0",5," "," ","0",0,"T"," ","0",10," "," ","0",18," "," ","0",NA," "," "," "
"1003","USC00359461",1978,4,"SNOW",0," "," ","0",0," "," ","0",0," "," ","0",0," "," ","0",0," "," ","0",0," "," ","0",0," "," ","0",0," "," ","0",0," "," ","0",0," "," ","0",0," "," ","0",0," "," ","0",0," "," ","0",0," "," ","0",0," "," ","0",0," "," ","0",0," "," ","0",0," "," ","0",0," "," ","0",0," "," ","0",0," "," ","0",0," "," ","0",0," "," ","0",0," "," ","0",0," "," ","0",0," "," ","0",0," "," ","0",0," "," ","0",0," "," ","0",0," "," ","0",NA," "," "," "
"1004","USC00359461",1978,4,"SNWD",0," "," ","0",0," "," ","0",0," "," ","0",0," "," ","0",0," "," ","0",0," "," ","0",0," "," ","0",0," "," ","0",0," "," ","0",0," "," ","0",0," "," ","0",0," "," ","0",0," "," ","0",0," "," ","0",0," "," ","0",0," "," ","0",0," "," ","0",0," "," ","0",0," "," ","0",0," "," ","0",0," "," ","0",0," "," ","0",0," "," ","0",0," "," ","0",0," "," ","0",0," "," ","0",0," "," ","0",0," "," ","0",0," "," ","0",0," "," ","0",NA," "," "," "
"1005","USC00359461",1978,5,"PRCP",10," "," ","0",0," "," ","0",0," "," ","0",0," "," ","0",3," "," ","0",0," "," ","0",0," "," ","0",0," "," ","0",3," "," ","0",5," "," ","0",23," "," ","0",51," "," ","0",23," "," ","0",51," "," ","0",28," "," ","0",8," "," ","0",0," "," ","0",0," "," ","0",0," "," ","0",0," "," ","0",0," "," ","0",0,"T"," ","0",0," "," ","0",81," "," ","0",119," "," ","0",0,"T"," ","0",23," "," ","0",0,"T"," ","0",0," "," ","0",0," "," ","0",0," "," ","0"
"1006","USC00359461",1978,5,"SNOW",0," "," ","0",0," "," ","0",0," "," ","0",0," "," ","0",0," "," ","0",0," "," ","0",0," "," ","0",0," "," ","0",0," "," ","0",0," "," ","0",0," "," ","0",0," "," ","0",0," "," ","0",0," "," ","0",0," "," ","0",0," "," ","0",0," "," ","0",0," "," ","0",0," "," ","0",0," "," ","0",0," "," ","0",0," "," ","0",0," "," ","0",0," "," ","0",0," "," ","0",0," "," ","0",0," "," ","0",0," "," ","0",0," "," ","0",0," "," ","0",0," "," ","0"
"1007","USC00359461",1978,5,"SNWD",0," "," ","0",0," "," ","0",0," "," ","0",0," "," ","0",0," "," ","0",0," "," ","0",0," "," ","0",0," "," ","0",0," "," ","0",0," "," ","0",0," "," ","0",0," "," ","0",0," "," ","0",0," "," ","0",0," "," ","0",0," "," ","0",0," "," ","0",0," "," ","0",0," "," ","0",0," "," ","0",0," "," ","0",0," "," ","0",0," "," ","0",0," "," ","0",0," "," ","0",0," "," ","0",0," "," ","0",0," "," ","0",0," "," ","0",0," "," ","0",0," "," ","0"
"1008","USC00359461",1978,6,"PRCP",0," "," ","0",0," "," ","0",0," "," ","0",0," "," ","0",0," "," ","0",0," "," ","0",0," "," ","0",0," "," ","0",0,"T"," ","0",43," "," ","0",3," "," ","0",0," "," ","0",30," "," ","0",0," "," ","0",13," "," ","0",0," "," ","0",0," "," ","0",13," "," ","0",0,"T"," ","0",8," "," ","0",0," "," ","0",0," "," ","0",3," "," ","0",8," "," ","0",3," "," ","0",0," "," ","0",0," "," ","0",0," "," ","0",0," "," ","0",0," "," ","0",NA," "," "," "
"1009","USC00359461",1978,6,"SNOW",0," "," ","0",0," "," ","0",0," "," ","0",0," "," ","0",0," "," ","0",0," "," ","0",0," "," ","0",0," "," ","0",0," "," ","0",0," "," ","0",0," "," ","0",0," "," ","0",0," "," ","0",0," "," ","0",0," "," ","0",0," "," ","0",0," "," ","0",0," "," ","0",0," "," ","0",0," "," ","0",0," "," ","0",0," "," ","0",0," "," ","0",0," "," ","0",0," "," ","0",0," "," ","0",0," "," ","0",0," "," ","0",0," "," ","0",0," "," ","0",NA," "," "," "
"1010","USC00359461",1978,6,"SNWD",0," "," ","0",0," "," ","0",0," "," ","0",0," "," ","0",0," "," ","0",0," "," ","0",0," "," ","0",0," "," ","0",0," "," ","0",0," "," ","0",0," "," ","0",0," "," ","0",0," "," ","0",0," "," ","0",0," "," ","0",0," "," ","0",0," "," ","0",0," "," ","0",0," "," ","0",0," "," ","0",0," "," ","0",0," "," ","0",0," "," ","0",0," "," ","0",0," "," ","0",0," "," ","0",0," "," ","0",0," "," ","0",0," "," ","0",0," "," ","0",NA," "," "," "
"1011","USC00359461",1978,7,"PRCP",0,"T"," ","0",25," "," ","0",10," "," ","0",5," "," ","0",0," "," ","0",0," "," ","0",0," "," ","0",0," "," ","0",0," "," ","0",0," "," ","0",0," "," ","0",0," "," ","0",0," "," ","0",0," "," ","0",0," "," ","0",33," "," ","0",0," "," ","0",0," "," ","0",0," "," ","0",0," "," ","0",0," "," ","0",0," "," ","0",0," "," ","0",0," "," ","0",0," "," ","0",8," "," ","0",0," "," ","0",0," "," ","0",0," "," ","0",0," "," ","0",0," "," ","0"
"1012","USC00359461",1978,7,"SNOW",0," "," ","0",0," "," ","0",0," "," ","0",0," "," ","0",0," "," ","0",0," "," ","0",0," "," ","0",0," "," ","0",0," "," ","0",0," "," ","0",0," "," ","0",0," "," ","0",0," "," ","0",0," "," ","0",0," "," ","0",0," "," ","0",0," "," ","0",0," "," ","0",0," "," ","0",0," "," ","0",0," "," ","0",0," "," ","0",0," "," ","0",0," "," ","0",0," "," ","0",0," "," ","0",0," "," ","0",0," "," ","0",0," "," ","0",0," "," ","0",0," "," ","0"
"1013","USC00359461",1978,7,"SNWD",0," "," ","0",0," "," ","0",0," "," ","0",0," "," ","0",0," "," ","0",0," "," ","0",0," "," ","0",0," "," ","0",0," "," ","0",0," "," ","0",0," "," ","0",0," "," ","0",0," "," ","0",0," "," ","0",0," "," ","0",0," "," ","0",0," "," ","0",0," "," ","0",0," "," ","0",0," "," ","0",0," "," ","0",0," "," ","0",0," "," ","0",0," "," ","0",0," "," ","0",0," "," ","0",0," "," ","0",0," "," ","0",0," "," ","0",0," "," ","0",0," "," ","0"
"1014","USC00359461",1978,8,"PRCP",0," "," ","0",0," "," ","0",0," "," ","0",0," "," ","0",0," "," ","0",0," "," ","0",0," "," ","0",0," "," ","0",0," "," ","0",0," "," ","0",0," "," ","0",0,"T"," ","0",25," "," ","0",0,"T"," ","0",0," "," ","0",20," "," ","0",25," "," ","0",0," "," ","0",3," "," ","0",0," "," ","0",58," "," ","0",79," "," ","0",3," "," ","0",0,"T"," ","0",155," "," ","0",3," "," ","0",0," "," ","0",0," "," ","0",0," "," ","0",0," "," ","0",0," "," ","0"
"1015","USC00359461",1978,8,"SNOW",0," "," ","0",0," "," ","0",0," "," ","0",0," "," ","0",0," "," ","0",0," "," ","0",0," "," ","0",0," "," ","0",0," "," ","0",0," "," ","0",0," "," ","0",0," "," ","0",0," "," ","0",0," "," ","0",0," "," ","0",0," "," ","0",0," "," ","0",0," "," ","0",0," "," ","0",0," "," ","0",0," "," ","0",0," "," ","0",0," "," ","0",0," "," ","0",0," "," ","0",0," "," ","0",0," "," ","0",0," "," ","0",0," "," ","0",0," "," ","0",0," "," ","0"
"1016","USC00359461",1978,8,"SNWD",0," "," ","0",0," "," ","0",0," "," ","0",0," "," ","0",0," "," ","0",0," "," ","0",0," "," ","0",0," "," ","0",0," "," ","0",0," "," ","0",0," "," ","0",0," "," ","0",0," "," ","0",0," "," ","0",0," "," ","0",0," "," ","0",0," "," ","0",0," "," ","0",0," "," ","0",0," "," ","0",0," "," ","0",0," "," ","0",0," "," ","0",0," "," ","0",0," "," ","0",0," "," ","0",0," "," ","0",0," "," ","0",0," "," ","0",0," "," ","0",0," "," ","0"
"1017","USC00359461",1978,9,"PRCP",0," "," ","0",0," "," ","0",0," "," ","0",89," "," ","0",140," "," ","0",20," "," ","0",56," "," ","0",58," "," ","0",36," "," ","0",236," "," ","0",66," "," ","0",0," "," ","0",13," "," ","0",3," "," ","0",0,"T"," ","0",0," "," ","0",8," "," ","0",79," "," ","0",0,"T"," ","0",0," "," ","0",3," "," ","0",3," "," ","0",0," "," ","0",0," "," ","0",0," "," ","0",0," "," ","0",0,"T"," ","0",0," "," ","0",0," "," ","0",0," "," ","0",NA," "," "," "
"1018","USC00359461",1978,9,"SNOW",0," "," ","0",0," "," ","0",0," "," ","0",0," "," ","0",0," "," ","0",0," "," ","0",0," "," ","0",0," "," ","0",0," "," ","0",0," "," ","0",0," "," ","0",0," "," ","0",0," "," ","0",0," "," ","0",0," "," ","0",0," "," ","0",0," "," ","0",0," "," ","0",0," "," ","0",0," "," ","0",0," "," ","0",0," "," ","0",0," "," ","0",0," "," ","0",0," "," ","0",0," "," ","0",0," "," ","0",0," "," ","0",0," "," ","0",0," "," ","0",NA," "," "," "
"1019","USC00359461",1978,9,"SNWD",0," "," ","0",0," "," ","0",0," "," ","0",0," "," ","0",0," "," ","0",0," "," ","0",0," "," ","0",0," "," ","0",0," "," ","0",0," "," ","0",0," "," ","0",0," "," ","0",0," "," ","0",0," "," ","0",0," "," ","0",0," "," ","0",0," "," ","0",0," "," ","0",0," "," ","0",0," "," ","0",0," "," ","0",0," "," ","0",0," "," ","0",0," "," ","0",0," "," ","0",0," "," ","0",0," "," ","0",0," "," ","0",0," "," ","0",0," "," ","0",NA," "," "," "
"1020","USC00359461",1978,10,"PRCP",0," "," ","0",0," "," ","0",0," "," ","0",0," "," ","0",0," "," ","0",0," "," ","0",0," "," ","0",0," "," ","0",0," "," ","0",0," "," ","0",0," "," ","0",0," "," ","0",0," "," ","0",0," "," ","0",0," "," ","0",0," "," ","0",0," "," ","0",0," "," ","0",0," "," ","0",0," "," ","0",0," "," ","0",0," "," ","0",0," "," ","0",0," "," ","0",0," "," ","0",0," "," ","0",0," "," ","0",0," "," ","0",33," "," ","0",46," "," ","0",0,"T"," ","0"
"1021","USC00359461",1978,10,"SNOW",0," "," ","0",0," "," ","0",0," "," ","0",0," "," ","0",0," "," ","0",0," "," ","0",0," "," ","0",0," "," ","0",0," "," ","0",0," "," ","0",0," "," ","0",0," "," ","0",0," "," ","0",0," "," ","0",0," "," ","0",0," "," ","0",0," "," ","0",0," "," ","0",0," "," ","0",0," "," ","0",0," "," ","0",0," "," ","0",0," "," ","0",0," "," ","0",0," "," ","0",0," "," ","0",0," "," ","0",0," "," ","0",0," "," ","0",0," "," ","0",0," "," ","0"
"1022","USC00359461",1978,10,"SNWD",0," "," ","0",0," "," ","0",0," "," ","0",0," "," ","0",0," "," ","0",0," "," ","0",0," "," ","0",0," "," ","0",0," "," ","0",0," "," ","0",0," "," ","0",0," "," ","0",0," "," ","0",0," "," ","0",0," "," ","0",0," "," ","0",0," "," ","0",0," "," ","0",0," "," ","0",0," "," ","0",0," "," ","0",0," "," ","0",0," "," ","0",0," "," ","0",0," "," ","0",0," "," ","0",0," "," ","0",0," "," ","0",0," "," ","0",0," "," ","0",0," "," ","0"
"1023","USC00359461",1978,11,"PRCP",0," "," ","0",0," "," ","0",0," "," ","0",89," "," ","0",0," "," ","0",0," "," ","0",0," "," ","0",3," "," ","0",13," "," ","0",0," "," ","0",0," "," ","0",0," "," ","0",0," "," ","0",0," "," ","0",0," "," ","0",3," "," ","0",10," "," ","0",3," "," ","0",203," "," ","0",124," "," ","0",0,"T"," ","0",8," "," ","0",0," "," ","0",0," "," ","0",0," "," ","0",0," "," ","0",0," "," ","0",51," "," ","0",76," "," ","0",0," "," ","0",NA," "," "," "
"1024","USC00359461",1978,11,"SNOW",0," "," ","0",0," "," ","0",0," "," ","0",0," "," ","0",0," "," ","0",0," "," ","0",0," "," ","0",0," "," ","0",0," "," ","0",0," "," ","0",0," "," ","0",0," "," ","0",0," "," ","0",0," "," ","0",0," "," ","0",0," "," ","0",0," "," ","0",0," "," ","0",0," "," ","0",0," "," ","0",0," "," ","0",0," "," ","0",0," "," ","0",0," "," ","0",0," "," ","0",0," "," ","0",0," "," ","0",0," "," ","0",0," "," ","0",0," "," ","0",NA," "," "," "
"1025","USC00359461",1978,11,"SNWD",0," "," ","0",0," "," ","0",0," "," ","0",0," "," ","0",0," "," ","0",0," "," ","0",0," "," ","0",0," "," ","0",0," "," ","0",0," "," ","0",0," "," ","0",0," "," ","0",0," "," ","0",0," "," ","0",0," "," ","0",0," "," ","0",0," "," ","0",0," "," ","0",0," "," ","0",0," "," ","0",0," "," ","0",0," "," ","0",0," "," ","0",0," "," ","0",0," "," ","0",0," "," ","0",0," "," ","0",0," "," ","0",0," "," ","0",0," "," ","0",NA," "," "," "
"1026","USC00359461",1978,12,"PRCP",119," "," ","0",18," "," ","0",0," "," ","0",13," "," ","0",122," "," ","0",8," "," ","0",0," "," ","0",0," "," ","0",13," "," ","0",10," "," ","0",206," "," ","0",3," "," ","0",3," "," ","0",0," "," ","0",33," "," ","0",0," "," ","0",8," "," ","0",0,"T"," ","0",0,"T"," ","0",0," "," ","0",15," "," ","0",5," "," ","0",10," "," ","0",0,"T"," ","0",3," "," ","0",0," "," ","0",0," "," ","0",0," "," ","0",0,"T"," ","0",0," "," ","0",0,"T"," ","0"
"1027","USC00359461",1978,12,"SNOW",0," "," ","0",0," "," ","0",0," "," ","0",0," "," ","0",0," "," ","0",0," "," ","0",0," "," ","0",0," "," ","0",0," "," ","0",0," "," ","0",0," "," ","0",0," "," ","0",0," "," ","0",0," "," ","0",0," "," ","0",0," "," ","0",0," "," ","0",0," "," ","0",0," "," ","0",0," "," ","0",0," "," ","0",0," "," ","0",0," "," ","0",0," "," ","0",0," "," ","0",0," "," ","0",0," "," ","0",0," "," ","0",0," "," ","0",0," "," ","0",0," "," ","0"
"1028","USC00359461",1978,12,"SNWD",0," "," ","0",0," "," ","0",0," "," ","0",0," "," ","0",0," "," ","0",0," "," ","0",0," "," ","0",0," "," ","0",0," "," ","0",0," "," ","0",0," "," ","0",0," "," ","0",0," "," ","0",0," "," ","0",0," "," ","0",0," "," ","0",0," "," ","0",0," "," ","0",0," "," ","0",0," "," ","0",0," "," ","0",0," "," ","0",0," "," ","0",0," "," ","0",0," "," ","0",0," "," ","0",0," "," ","0",0," "," ","0",0," "," ","0",0," "," ","0",0," "," ","0"
"1029","USC00359461",1979,1,"PRCP",0," "," ","0",0," "," ","0",0," "," ","0",13," "," ","0",0," "," ","0",0," "," ","0",0," "," ","0",41," "," ","0",5," "," ","0",117," "," ","0",551," "," ","0",81," "," ","0",0,"T"," ","0",33," "," ","0",13," "," ","0",0," "," ","0",3," "," ","0",0," "," ","0",0,"T"," ","0",0,"T"," ","0",0," "," ","0",0," "," ","0",0," "," ","0",3," "," ","0",15," "," ","0",0," "," ","0",25," "," ","0",48," "," ","0",3," "," ","0",0," "," ","0",0," "," ","0"
"1030","USC00359461",1979,1,"SNOW",0," "," ","0",0," "," ","0",0," "," ","0",0," "," ","0",0," "," ","0",0," "," ","0",0," "," ","0",0," "," ","0",0," "," ","0",0," "," ","0",0," "," ","0",0," "," ","0",0," "," ","0",0," "," ","0",0," "," ","0",0," "," ","0",0," "," ","0",0," "," ","0",0," "," ","0",0," "," ","0",0," "," ","0",0," "," ","0",0," "," ","0",0," "," ","0",0," "," ","0",0," "," ","0",0," "," ","0",0," "," ","0",0," "," ","0",0," "," ","0",0," "," ","0"
"1031","USC00359461",1979,1,"SNWD",0," "," ","0",0," "," ","0",0," "," ","0",0," "," ","0",0," "," ","0",0," "," ","0",0," "," ","0",0," "," ","0",0," "," ","0",0," "," ","0",0," "," ","0",0," "," ","0",0," "," ","0",0," "," ","0",0," "," ","0",0," "," ","0",0," "," ","0",0," "," ","0",0," "," ","0",0," "," ","0",0," "," ","0",0," "," ","0",0," "," ","0",0," "," ","0",0," "," ","0",0," "," ","0",0," "," ","0",0," "," ","0",0," "," ","0",0," "," ","0",0," "," ","0"
"1032","USC00359461",1979,2,"PRCP",0," "," ","0",0," "," ","0",0," "," ","0",23," "," ","0",56," "," ","0",208," "," ","0",84," "," ","0",185," "," ","0",5," "," ","0",51," "," ","0",33," "," ","0",46," "," ","0",147," "," ","0",99," "," ","0",3," "," ","0",25," "," ","0",119," "," ","0",122," "," ","0",38," "," ","0",18," "," ","0",66," "," ","0",36," "," ","0",8," "," ","0",46," "," ","0",0," "," ","0",0,"T"," ","0",0," "," ","0",323," "," ","0",NA," "," "," ",NA," "," "," ",NA," "," "," "
"1033","USC00359461",1979,2,"SNOW",0," "," ","0",0," "," ","0",0," "," ","0",0," "," ","0",0," "," ","0",0," "," ","0",0," "," ","0",0," "," ","0",0," "," ","0",0," "," ","0",0," "," ","0",0," "," ","0",0," "," ","0",0," "," ","0",0," "," ","0",0," "," ","0",0," "," ","0",0," "," ","0",0," "," ","0",0," "," ","0",0," "," ","0",0," "," ","0",0," "," ","0",0," "," ","0",0," "," ","0",0," "," ","0",0," "," ","0",0," "," ","0",NA," "," "," ",NA," "," "," ",NA," "," "," "
"1034","USC00359461",1979,2,"SNWD",0," "," ","0",0," "," ","0",0," "," ","0",0," "," ","0",0," "," ","0",0," "," ","0",0," "," ","0",0," "," ","0",0," "," ","0",0," "," ","0",0," "," ","0",0," "," ","0",0," "," ","0",0," "," ","0",0," "," ","0",0," "," ","0",0," "," ","0",0," "," ","0",0," "," ","0",0," "," ","0",0," "," ","0",0," "," ","0",0," "," ","0",0," "," ","0",0," "," ","0",0," "," ","0",0," "," ","0",0," "," ","0",NA," "," "," ",NA," "," "," ",NA," "," "," "
"1035","USC00359461",1979,3,"PRCP",8," "," ","0",0,"T"," ","0",147," "," ","0",8," "," ","0",18," "," ","0",3," "," ","0",5," "," ","0",0," "," ","0",0," "," ","0",0," "," ","0",0," "," ","0",0," "," ","0",0," "," ","0",0," "," ","0",102," "," ","0",33," "," ","0",10," "," ","0",30," "," ","0",5," "," ","0",0," "," ","0",0," "," ","0",0," "," ","0",3," "," ","0",0," "," ","0",0," "," ","0",69," "," ","0",53," "," ","0",241," "," ","0",81," "," ","0",8," "," ","0",0," "," ","0"
"1036","USC00359461",1979,3,"SNOW",0," "," ","0",0," "," ","0",0," "," ","0",0," "," ","0",0," "," ","0",0," "," ","0",0," "," ","0",0," "," ","0",0," "," ","0",0," "," ","0",0," "," ","0",0," "," ","0",0," "," ","0",0," "," ","0",0," "," ","0",0," "," ","0",0," "," ","0",0," "," ","0",0," "," ","0",0," "," ","0",0," "," ","0",0," "," ","0",0," "," ","0",0," "," ","0",0," "," ","0",0," "," ","0",0," "," ","0",0," "," ","0",0," "," ","0",0," "," ","0",0," "," ","0"
"1037","USC00359461",1979,3,"SNWD",0," "," ","0",0," "," ","0",0," "," ","0",0," "," ","0",0," "," ","0",0," "," ","0",0," "," ","0",0," "," ","0",0," "," ","0",0," "," ","0",0," "," ","0",0," "," ","0",0," "," ","0",0," "," ","0",0," "," ","0",0," "," ","0",0," "," ","0",0," "," ","0",0," "," ","0",0," "," ","0",0," "," ","0",0," "," ","0",0," "," ","0",0," "," ","0",0," "," ","0",0," "," ","0",0," "," ","0",0," "," ","0",0," "," ","0",0," "," ","0",0," "," ","0"
"1038","USC00359461",1979,4,"PRCP",0," "," ","0",8," "," ","0",5," "," ","0",0," "," ","0",0," "," ","0",188," "," ","0",30," "," ","0",0," "," ","0",79," "," ","0",102," "," ","0",130," "," ","0",20," "," ","0",10," "," ","0",5," "," ","0",28," "," ","0",173," "," ","0",231," "," ","0",8," "," ","0",5," "," ","0",0," "," ","0",0," "," ","0",61," "," ","0",28," "," ","0",0," "," ","0",0," "," ","0",0," "," ","0",109," "," ","0",64," "," ","0",0," "," ","0",0," "," ","0",NA," "," "," "
"1039","USC00359461",1979,4,"SNOW",0," "," ","0",0," "," ","0",0," "," ","0",0," "," ","0",0," "," ","0",0," "," ","0",0," "," ","0",0," "," ","0",0," "," ","0",0," "," ","0",0," "," ","0",0," "," ","0",0," "," ","0",0," "," ","0",0," "," ","0",0," "," ","0",0," "," ","0",0," "," ","0",0," "," ","0",0," "," ","0",0," "," ","0",0," "," ","0",0," "," ","0",0," "," ","0",0," "," ","0",0," "," ","0",0," "," ","0",0," "," ","0",0," "," ","0",0," "," ","0",NA," "," "," "
"1040","USC00359461",1979,4,"SNWD",0," "," ","0",0," "," ","0",0," "," ","0",0," "," ","0",0," "," ","0",0," "," ","0",0," "," ","0",0," "," ","0",0," "," ","0",0," "," ","0",0," "," ","0",0," "," ","0",0," "," ","0",0," "," ","0",0," "," ","0",0," "," ","0",0," "," ","0",0," "," ","0",0," "," ","0",0," "," ","0",0," "," ","0",0," "," ","0",0," "," ","0",0," "," ","0",0," "," ","0",0," "," ","0",0," "," ","0",0," "," ","0",0," "," ","0",0," "," ","0",NA," "," "," "
"1041","USC00359461",1979,5,"PRCP",53," "," ","0",0," "," ","0",0," "," ","0",25," "," ","0",94," "," ","0",203," "," ","0",46," "," ","0",13," "," ","0",56," "," ","0",0," "," ","0",0," "," ","0",0," "," ","0",0," "," ","0",0," "," ","0",0," "," ","0",0," "," ","0",0," "," ","0",0," "," ","0",0," "," ","0",0," "," ","0",0," "," ","0",0," "," ","0",0," "," ","0",0," "," ","0",0," "," ","0",0," "," ","0",0," "," ","0",0," "," ","0",0," "," ","0",0," "," ","0",0," "," ","0"
"1042","USC00359461",1979,5,"SNOW",0," "," ","0",0," "," ","0",0," "," ","0",0," "," ","0",0," "," ","0",0," "," ","0",0," "," ","0",0," "," ","0",0," "," ","0",0," "," ","0",0," "," ","0",0," "," ","0",0," "," ","0",0," "," ","0",0," "," ","0",0," "," ","0",0," "," ","0",0," "," ","0",0," "," ","0",0," "," ","0",0," "," ","0",0," "," ","0",0," "," ","0",0," "," ","0",0," "," ","0",0," "," ","0",0," "," ","0",0," "," ","0",0," "," ","0",0," "," ","0",0," "," ","0"
"1043","USC00359461",1979,5,"SNWD",0," "," ","0",0," "," ","0",0," "," ","0",0," "," ","0",0," "," ","0",0," "," ","0",0," "," ","0",0," "," ","0",0," "," ","0",0," "," ","0",0," "," ","0",0," "," ","0",0," "," ","0",0," "," ","0",0," "," ","0",0," "," ","0",0," "," ","0",0," "," ","0",0," "," ","0",0," "," ","0",0," "," ","0",0," "," ","0",0," "," ","0",0," "," ","0",0," "," ","0",0," "," ","0",0," "," ","0",0," "," ","0",0," "," ","0",0," "," ","0",0," "," ","0"
"1044","USC00359461",1979,6,"PRCP",0," "," ","0",0," "," ","0",0," "," ","0",0," "," ","0",0," "," ","0",0," "," ","0",0," "," ","0",0," "," ","0",0," "," ","0",0," "," ","0",0," "," ","0",0," "," ","0",0," "," ","0",0," "," ","0",0," "," ","0",28," "," ","0",109," "," ","0",10," "," ","0",0," "," ","0",0," "," ","0",0," "," ","0",0," "," ","0",0," "," ","0",0," "," ","0",0," "," ","0",0," "," ","0",0," "," ","0",0," "," ","0",0," "," ","0",5," "," ","0",NA," "," "," "
"1045","USC00359461",1979,6,"SNOW",0," "," ","0",0," "," ","0",0," "," ","0",0," "," ","0",0," "," ","0",0," "," ","0",0," "," ","0",0," "," ","0",0," "," ","0",0," "," ","0",0," "," ","0",0," "," ","0",0," "," ","0",0," "," ","0",0," "," ","0",0," "," ","0",0," "," ","0",0," "," ","0",0," "," ","0",0," "," ","0",0," "," ","0",0," "," ","0",0," "," ","0",0," "," ","0",0," "," ","0",0," "," ","0",0," "," ","0",0," "," ","0",0," "," ","0",0," "," ","0",NA," "," "," "
"1046","USC00359461",1979,6,"SNWD",0," "," ","0",0," "," ","0",0," "," ","0",0," "," ","0",0," "," ","0",0," "," ","0",0," "," ","0",0," "," ","0",0," "," ","0",0," "," ","0",0," "," ","0",0," "," ","0",0," "," ","0",0," "," ","0",0," "," ","0",0," "," ","0",0," "," ","0",0," "," ","0",0," "," ","0",0," "," ","0",0," "," ","0",0," "," ","0",0," "," ","0",0," "," ","0",0," "," ","0",0," "," ","0",0," "," ","0",0," "," ","0",0," "," ","0",0," "," ","0",NA," "," "," "
"1047","USC00359461",1979,7,"PRCP",0," "," ","0",0,"T"," ","0",0," "," ","0",0,"T"," ","0",0," "," ","0",0," "," ","0",0," "," ","0",0," "," ","0",0," "," ","0",84," "," ","0",3," "," ","0",0," "," ","0",0," "," ","0",0," "," ","0",0," "," ","0",0," "," ","0",0," "," ","0",0," "," ","0",0," "," ","0",0," "," ","0",0," "," ","0",0," "," ","0",0," "," ","0",0," "," ","0",0," "," ","0",0," "," ","0",0," "," ","0",0," "," ","0",0," "," ","0",0," "," ","0",0," "," ","0"
"1048","USC00359461",1979,7,"SNOW",0," "," ","0",0," "," ","0",0," "," ","0",0," "," ","0",0," "," ","0",0," "," ","0",0," "," ","0",0," "," ","0",0," "," ","0",0," "," ","0",0," "," ","0",0," "," ","0",0," "," ","0",0," "," ","0",0," "," ","0",0," "," ","0",0," "," ","0",0," "," ","0",0," "," ","0",0," "," ","0",0," "," ","0",0," "," ","0",0," "," ","0",0," "," ","0",0," "," ","0",0," "," ","0",0," "," ","0",0," "," ","0",0," "," ","0",0," "," ","0",0," "," ","0"
"1049","USC00359461",1979,7,"SNWD",0," "," ","0",0," "," ","0",0," "," ","0",0," "," ","0",0," "," ","0",0," "," ","0",0," "," ","0",0," "," ","0",0," "," ","0",0," "," ","0",0," "," ","0",0," "," ","0",0," "," ","0",0," "," ","0",0," "," ","0",0," "," ","0",0," "," ","0",0," "," ","0",0," "," ","0",0," "," ","0",0," "," ","0",0," "," ","0",0," "," ","0",0," "," ","0",0," "," ","0",0," "," ","0",0," "," ","0",0," "," ","0",0," "," ","0",0," "," ","0",0," "," ","0"
"1050","USC00359461",1979,8,"PRCP",0," "," ","0",0," "," ","0",0," "," ","0",0," "," ","0",0," "," ","0",0," "," ","0",0," "," ","0",0," "," ","0",0," "," ","0",0," "," ","0",0," "," ","0",0," "," ","0",0," "," ","0",0," "," ","0",0," "," ","0",71," "," ","0",0," "," ","0",0," "," ","0",3," "," ","0",0," "," ","0",112," "," ","0",69," "," ","0",0,"T"," ","0",0," "," ","0",0," "," ","0",0," "," ","0",0," "," ","0",25," "," ","0",18," "," ","0",25," "," ","0",0,"T"," ","0"
"1051","USC00359461",1979,8,"SNOW",0," "," ","0",0," "," ","0",0," "," ","0",0," "," ","0",0," "," ","0",0," "," ","0",0," "," ","0",0," "," ","0",0," "," ","0",0," "," ","0",0," "," ","0",0," "," ","0",0," "," ","0",0," "," ","0",0," "," ","0",0," "," ","0",0," "," ","0",0," "," ","0",0," "," ","0",0," "," ","0",0," "," ","0",0," "," ","0",0," "," ","0",0," "," ","0",0," "," ","0",0," "," ","0",0," "," ","0",0," "," ","0",0," "," ","0",0," "," ","0",0," "," ","0"
"1052","USC00359461",1979,8,"SNWD",0," "," ","0",0," "," ","0",0," "," ","0",0," "," ","0",0," "," ","0",0," "," ","0",0," "," ","0",0," "," ","0",0," "," ","0",0," "," ","0",0," "," ","0",0," "," ","0",0," "," ","0",0," "," ","0",0," "," ","0",0," "," ","0",0," "," ","0",0," "," ","0",0," "," ","0",0," "," ","0",0," "," ","0",0," "," ","0",0," "," ","0",0," "," ","0",0," "," ","0",0," "," ","0",0," "," ","0",0," "," ","0",0," "," ","0",0," "," ","0",0," "," ","0"
"1053","USC00359461",1979,9,"PRCP",3," "," ","0",366," "," ","0",142," "," ","0",5," "," ","0",0," "," ","0",0," "," ","0",0," "," ","0",0," "," ","0",0," "," ","0",0," "," ","0",0," "," ","0",0," "," ","0",0," "," ","0",0," "," ","0",0," "," ","0",0," "," ","0",0," "," ","0",0," "," ","0",0," "," ","0",0," "," ","0",5," "," ","0",0," "," ","0",0," "," ","0",0," "," ","0",0," "," ","0",0," "," ","0",0," "," ","0",3," "," ","0",0," "," ","0",0," "," ","0",NA," "," "," "
"1054","USC00359461",1979,9,"SNOW",0," "," ","0",0," "," ","0",0," "," ","0",0," "," ","0",0," "," ","0",0," "," ","0",0," "," ","0",0," "," ","0",0," "," ","0",0," "," ","0",0," "," ","0",0," "," ","0",0," "," ","0",0," "," ","0",0," "," ","0",0," "," ","0",0," "," ","0",0," "," ","0",0," "," ","0",0," "," ","0",0," "," ","0",0," "," ","0",0," "," ","0",0," "," ","0",0," "," ","0",0," "," ","0",0," "," ","0",0," "," ","0",0," "," ","0",0," "," ","0",NA," "," "," "
"1055","USC00359461",1979,9,"SNWD",0," "," ","0",0," "," ","0",0," "," ","0",0," "," ","0",0," "," ","0",0," "," ","0",0," "," ","0",0," "," ","0",0," "," ","0",0," "," ","0",0," "," ","0",0," "," ","0",0," "," ","0",0," "," ","0",0," "," ","0",0," "," ","0",0," "," ","0",0," "," ","0",0," "," ","0",0," "," ","0",0," "," ","0",0," "," ","0",0," "," ","0",0," "," ","0",0," "," ","0",0," "," ","0",0," "," ","0",0," "," ","0",0," "," ","0",0," "," ","0",NA," "," "," "
"1056","USC00359461",1979,10,"PRCP",0," "," ","0",0," "," ","0",0," "," ","0",0," "," ","0",0," "," ","0",0," "," ","0",0," "," ","0",0," "," ","0",0," "," ","0",0," "," ","0",0," "," ","0",0," "," ","0",0," "," ","0",71," "," ","0",25," "," ","0",0," "," ","0",0," "," ","0",13," "," ","0",216," "," ","0",69," "," ","0",112," "," ","0",5," "," ","0",76," "," ","0",15," "," ","0",284," "," ","0",41," "," ","0",56," "," ","0",56," "," ","0",5," "," ","0",66," "," ","0",53," "," ","0"
"1057","USC00359461",1979,10,"SNOW",0," "," ","0",0," "," ","0",0," "," ","0",0," "," ","0",0," "," ","0",0," "," ","0",0," "," ","0",0," "," ","0",0," "," ","0",0," "," ","0",0," "," ","0",0," "," ","0",0," "," ","0",0," "," ","0",0," "," ","0",0," "," ","0",0," "," ","0",0," "," ","0",0," "," ","0",0," "," ","0",0," "," ","0",0," "," ","0",0," "," ","0",0," "," ","0",0," "," ","0",0," "," ","0",0," "," ","0",0," "," ","0",0," "," ","0",0," "," ","0",0," "," ","0"
"1058","USC00359461",1979,10,"SNWD",0," "," ","0",0," "," ","0",0," "," ","0",0," "," ","0",0," "," ","0",0," "," ","0",0," "," ","0",0," "," ","0",0," "," ","0",0," "," ","0",0," "," ","0",0," "," ","0",0," "," ","0",0," "," ","0",0," "," ","0",0," "," ","0",0," "," ","0",0," "," ","0",0," "," ","0",0," "," ","0",0," "," ","0",0," "," ","0",0," "," ","0",0," "," ","0",0," "," ","0",0," "," ","0",0," "," ","0",0," "," ","0",0," "," ","0",0," "," ","0",0," "," ","0"
"1059","USC00359461",1979,11,"PRCP",3," "," ","0",0," "," ","0",8," "," ","0",61," "," ","0",84," "," ","0",0," "," ","0",0," "," ","0",5," "," ","0",3," "," ","0",0," "," ","0",0," "," ","0",0,"T"," ","0",0,"T"," ","0",0,"T"," ","0",0," "," ","0",94," "," ","0",122," "," ","0",155," "," ","0",163," "," ","0",0," "," ","0",0," "," ","0",53," "," ","0",114," "," ","0",208," "," ","0",28," "," ","0",163," "," ","0",5," "," ","0",0,"T"," ","0",0," "," ","0",3," "," ","0",NA," "," "," "
"1060","USC00359461",1979,11,"SNOW",0," "," ","0",0," "," ","0",0," "," ","0",0," "," ","0",0," "," ","0",0," "," ","0",0," "," ","0",0," "," ","0",0," "," ","0",0," "," ","0",0," "," ","0",0," "," ","0",0," "," ","0",0," "," ","0",0," "," ","0",0," "," ","0",0," "," ","0",0," "," ","0",0," "," ","0",0," "," ","0",0," "," ","0",0," "," ","0",0," "," ","0",0," "," ","0",0," "," ","0",0," "," ","0",0," "," ","0",0," "," ","0",0," "," ","0",0," "," ","0",NA," "," "," "
"1061","USC00359461",1979,11,"SNWD",0," "," ","0",0," "," ","0",0," "," ","0",0," "," ","0",0," "," ","0",0," "," ","0",0," "," ","0",0," "," ","0",0," "," ","0",0," "," ","0",0," "," ","0",0," "," ","0",0," "," ","0",0," "," ","0",0," "," ","0",0," "," ","0",0," "," ","0",0," "," ","0",0," "," ","0",0," "," ","0",0," "," ","0",0," "," ","0",0," "," ","0",0," "," ","0",0," "," ","0",0," "," ","0",0," "," ","0",0," "," ","0",0," "," ","0",0," "," ","0",NA," "," "," "
"1062","USC00359461",1979,12,"PRCP",0," "," ","0",152," "," ","0",254," "," ","0",15," "," ","0",155," "," ","0",0,"T"," ","0",0,"T"," ","0",0," "," ","0",0," "," ","0",25," "," ","0",0," "," ","0",0,"T"," ","0",0," "," ","0",0,"T"," ","0",0," "," ","0",0," "," ","0",0,"T"," ","0",18," "," ","0",76," "," ","0",13," "," ","0",183," "," ","0",56," "," ","0",13," "," ","0",38," "," ","0",0,"T"," ","0",3," "," ","0",0," "," ","0",3," "," ","0",3," "," ","0",117," "," ","0",107," "," ","0"
"1063","USC00359461",1979,12,"SNOW",0," "," ","0",0," "," ","0",0," "," ","0",0," "," ","0",0," "," ","0",0," "," ","0",0," "," ","0",0," "," ","0",0," "," ","0",0," "," ","0",0," "," ","0",0," "," ","0",0," "," ","0",0," "," ","0",0," "," ","0",0," "," ","0",0," "," ","0",0," "," ","0",0," "," ","0",0," "," ","0",0," "," ","0",0," "," ","0",0," "," ","0",0," "," ","0",0," "," ","0",0," "," ","0",0," "," ","0",0," "," ","0",0," "," ","0",0," "," ","0",0," "," ","0"
"1064","USC00359461",1979,12,"SNWD",0," "," ","0",0," "," ","0",0," "," ","0",0," "," ","0",0," "," ","0",0," "," ","0",0," "," ","0",0," "," ","0",0," "," ","0",0," "," ","0",0," "," ","0",0," "," ","0",0," "," ","0",0," "," ","0",0," "," ","0",0," "," ","0",0," "," ","0",0," "," ","0",0," "," ","0",0," "," ","0",0," "," ","0",0," "," ","0",0," "," ","0",0," "," ","0",0," "," ","0",0," "," ","0",0," "," ","0",0," "," ","0",0," "," ","0",0," "," ","0",0," "," ","0"
"1065","USC00359461",1980,1,"PRCP",38," "," ","0",0," "," ","0",38," "," ","0",8," "," ","0",191," "," ","0",0," "," ","0",0,"T"," ","0",3," "," ","0",0," "," ","0",137," "," ","0",0,"T"," ","0",259," "," ","0",231," "," ","0",178," "," ","0",112," "," ","0",86," "," ","0",48," "," ","0",5," "," ","0",3," "," ","0",0," "," ","0",0,"T"," ","0",0," "," ","0",0,"T"," ","0",3," "," ","0",0,"T"," ","0",3," "," ","0",3," "," ","0",0,"T"," ","0",0," "," ","0",0," "," ","0",0," "," ","0"
"1066","USC00359461",1980,1,"SNOW",0," "," ","0",0," "," ","0",0," "," ","0",0," "," ","0",0," "," ","0",0," "," ","0",0," "," ","0",0," "," ","0",0," "," ","0",0," "," ","0",0," "," ","0",0," "," ","0",0," "," ","0",0," "," ","0",0," "," ","0",0," "," ","0",0," "," ","0",0," "," ","0",0," "," ","0",0," "," ","0",0," "," ","0",0," "," ","0",0," "," ","0",0," "," ","0",0," "," ","0",0," "," ","0",0," "," ","0",0," "," ","0",0," "," ","0",0," "," ","0",0," "," ","0"
"1067","USC00359461",1980,1,"SNWD",0," "," ","0",0," "," ","0",0," "," ","0",0," "," ","0",0," "," ","0",0," "," ","0",0," "," ","0",0," "," ","0",0," "," ","0",0," "," ","0",0," "," ","0",0," "," ","0",0," "," ","0",0," "," ","0",0," "," ","0",0," "," ","0",0," "," ","0",0," "," ","0",0," "," ","0",0," "," ","0",0," "," ","0",0," "," ","0",0," "," ","0",0," "," ","0",0," "," ","0",0," "," ","0",0," "," ","0",0," "," ","0",0," "," ","0",0," "," ","0",0," "," ","0"
"1068","USC00359461",1980,2,"PRCP",0,"T"," ","0",20," "," ","0",97," "," ","0",0,"T"," ","0",0," "," ","0",51," "," ","0",8," "," ","0",0,"T"," ","0",0," "," ","0",0," "," ","0",0," "," ","0",0,"T"," ","0",0," "," ","0",0," "," ","0",0," "," ","0",0,"T"," ","0",3," "," ","0",107," "," ","0",94," "," ","0",10," "," ","0",13," "," ","0",160," "," ","0",91," "," ","0",10," "," ","0",8," "," ","0",25," "," ","0",0,"T"," ","0",46," "," ","0",20," "," ","0",NA," "," "," ",NA," "," "," "
"1069","USC00359461",1980,2,"SNOW",0," "," ","0",0," "," ","0",0," "," ","0",0," "," ","0",0," "," ","0",0," "," ","0",0," "," ","0",0," "," ","0",0," "," ","0",0," "," ","0",0," "," ","0",0," "," ","0",0," "," ","0",0," "," ","0",0," "," ","0",0," "," ","0",0," "," ","0",0," "," ","0",0," "," ","0",0," "," ","0",0," "," ","0",0," "," ","0",0," "," ","0",0," "," ","0",0," "," ","0",0," "," ","0",0," "," ","0",0," "," ","0",0," "," ","0",NA," "," "," ",NA," "," "," "
"1070","USC00359461",1980,2,"SNWD",0," "," ","0",0," "," ","0",0," "," ","0",0," "," ","0",0," "," ","0",0," "," ","0",0," "," ","0",0," "," ","0",0," "," ","0",0," "," ","0",0," "," ","0",0," "," ","0",0," "," ","0",0," "," ","0",0," "," ","0",0," "," ","0",0," "," ","0",0," "," ","0",0," "," ","0",0," "," ","0",0," "," ","0",0," "," ","0",0," "," ","0",0," "," ","0",0," "," ","0",0," "," ","0",0," "," ","0",0," "," ","0",0," "," ","0",NA," "," "," ",NA," "," "," "
"1071","USC00359461",1980,3,"PRCP",0," "," ","0",0," "," ","0",3," "," ","0",20," "," ","0",8," "," ","0",3," "," ","0",0,"T"," ","0",33," "," ","0",0," "," ","0",0," "," ","0",64," "," ","0",94," "," ","0",91," "," ","0",302," "," ","0",185," "," ","0",53," "," ","0",0," "," ","0",76," "," ","0",5," "," ","0",10," "," ","0",25," "," ","0",20," "," ","0",0," "," ","0",0," "," ","0",0," "," ","0",13," "," ","0",13," "," ","0",0," "," ","0",0," "," ","0",0,"T"," ","0",20," "," ","0"
"1072","USC00359461",1980,3,"SNOW",0," "," ","0",0," "," ","0",0," "," ","0",0," "," ","0",0," "," ","0",0," "," ","0",0," "," ","0",0," "," ","0",0," "," ","0",0," "," ","0",0," "," ","0",0," "," ","0",0," "," ","0",0," "," ","0",0," "," ","0",0," "," ","0",0," "," ","0",0," "," ","0",0," "," ","0",0," "," ","0",0," "," ","0",0," "," ","0",0," "," ","0",0," "," ","0",0," "," ","0",0," "," ","0",0," "," ","0",0," "," ","0",0," "," ","0",0," "," ","0",0," "," ","0"
"1073","USC00359461",1980,3,"SNWD",0," "," ","0",0," "," ","0",0," "," ","0",0," "," ","0",0," "," ","0",0," "," ","0",0," "," ","0",0," "," ","0",0," "," ","0",0," "," ","0",0," "," ","0",0," "," ","0",0," "," ","0",0," "," ","0",0," "," ","0",0," "," ","0",0," "," ","0",0," "," ","0",0," "," ","0",0," "," ","0",0," "," ","0",0," "," ","0",0," "," ","0",0," "," ","0",0," "," ","0",0," "," ","0",0," "," ","0",0," "," ","0",0," "," ","0",0," "," ","0",0," "," ","0"
"1074","USC00359461",1980,4,"PRCP",66," "," ","0",0," "," ","0",0," "," ","0",18," "," ","0",64," "," ","0",81," "," ","0",76," "," ","0",28," "," ","0",109," "," ","0",25," "," ","0",0," "," ","0",0," "," ","0",0," "," ","0",13," "," ","0",5," "," ","0",0," "," ","0",0," "," ","0",0," "," ","0",0," "," ","0",102," "," ","0",345," "," ","0",3," "," ","0",0," "," ","0",41," "," ","0",0," "," ","0",0," "," ","0",0," "," ","0",0," "," ","0",0," "," ","0",0," "," ","0",NA," "," "," "
"1075","USC00359461",1980,4,"SNOW",0," "," ","0",0," "," ","0",0," "," ","0",0," "," ","0",0," "," ","0",0," "," ","0",0," "," ","0",0," "," ","0",0," "," ","0",0," "," ","0",0," "," ","0",0," "," ","0",0," "," ","0",0," "," ","0",0," "," ","0",0," "," ","0",0," "," ","0",0," "," ","0",0," "," ","0",0," "," ","0",0," "," ","0",0," "," ","0",0," "," ","0",0," "," ","0",0," "," ","0",0," "," ","0",0," "," ","0",0," "," ","0",0," "," ","0",0," "," ","0",NA," "," "," "
"1076","USC00359461",1980,4,"SNWD",0," "," ","0",0," "," ","0",0," "," ","0",0," "," ","0",0," "," ","0",0," "," ","0",0," "," ","0",0," "," ","0",0," "," ","0",0," "," ","0",0," "," ","0",0," "," ","0",0," "," ","0",0," "," ","0",0," "," ","0",0," "," ","0",0," "," ","0",0," "," ","0",0," "," ","0",0," "," ","0",0," "," ","0",0," "," ","0",0," "," ","0",0," "," ","0",0," "," ","0",0," "," ","0",0," "," ","0",0," "," ","0",0," "," ","0",0," "," ","0",NA," "," "," "
"1077","USC00359461",1980,5,"PRCP",0," "," ","0",0," "," ","0",0," "," ","0",0," "," ","0",0," "," ","0",0," "," ","0",0," "," ","0",0," "," ","0",66," "," ","0",43," "," ","0",20," "," ","0",0,"T"," ","0",0," "," ","0",0," "," ","0",0," "," ","0",0," "," ","0",0," "," ","0",0," "," ","0",0," "," ","0",0," "," ","0",0," "," ","0",3," "," ","0",41," "," ","0",5," "," ","0",5," "," ","0",15," "," ","0",51," "," ","0",0," "," ","0",0," "," ","0",0," "," ","0",0," "," ","0"
"1078","USC00359461",1980,5,"SNOW",0," "," ","0",0," "," ","0",0," "," ","0",0," "," ","0",0," "," ","0",0," "," ","0",0," "," ","0",0," "," ","0",0," "," ","0",0," "," ","0",0," "," ","0",0," "," ","0",0," "," ","0",0," "," ","0",0," "," ","0",0," "," ","0",0," "," ","0",0," "," ","0",0," "," ","0",0," "," ","0",0," "," ","0",0," "," ","0",0," "," ","0",0," "," ","0",0," "," ","0",0," "," ","0",0," "," ","0",0," "," ","0",0," "," ","0",0," "," ","0",0," "," ","0"
"1079","USC00359461",1980,5,"SNWD",0," "," ","0",0," "," ","0",0," "," ","0",0," "," ","0",0," "," ","0",0," "," ","0",0," "," ","0",0," "," ","0",0," "," ","0",0," "," ","0",0," "," ","0",0," "," ","0",0," "," ","0",0," "," ","0",0," "," ","0",0," "," ","0",0," "," ","0",0," "," ","0",0," "," ","0",0," "," ","0",0," "," ","0",0," "," ","0",0," "," ","0",0," "," ","0",0," "," ","0",0," "," ","0",0," "," ","0",0," "," ","0",0," "," ","0",0," "," ","0",0," "," ","0"
"1080","USC00359461",1980,6,"PRCP",8," "," ","0",18," "," ","0",33," "," ","0",8," "," ","0",15," "," ","0",0,"T"," ","0",18," "," ","0",0," "," ","0",0," "," ","0",0," "," ","0",0," "," ","0",0," "," ","0",51," "," ","0",48," "," ","0",0," "," ","0",0," "," ","0",0," "," ","0",0," "," ","0",0," "," ","0",3," "," ","0",0," "," ","0",0,"T"," ","0",3," "," ","0",18," "," ","0",64," "," ","0",5," "," ","0",0," "," ","0",0," "," ","0",0," "," ","0",0," "," ","0",NA," "," "," "
"1081","USC00359461",1980,6,"SNOW",0," "," ","0",0," "," ","0",0," "," ","0",0," "," ","0",0," "," ","0",0," "," ","0",0," "," ","0",0," "," ","0",0," "," ","0",0," "," ","0",0," "," ","0",0," "," ","0",0," "," ","0",0," "," ","0",0," "," ","0",0," "," ","0",0," "," ","0",0," "," ","0",0," "," ","0",0," "," ","0",0," "," ","0",0," "," ","0",0," "," ","0",0," "," ","0",0," "," ","0",0," "," ","0",0," "," ","0",0," "," ","0",0," "," ","0",0," "," ","0",NA," "," "," "
"1082","USC00359461",1980,6,"SNWD",0," "," ","0",0," "," ","0",0," "," ","0",0," "," ","0",0," "," ","0",0," "," ","0",0," "," ","0",0," "," ","0",0," "," ","0",0," "," ","0",0," "," ","0",0," "," ","0",0," "," ","0",0," "," ","0",0," "," ","0",0," "," ","0",0," "," ","0",0," "," ","0",0," "," ","0",0," "," ","0",0," "," ","0",0," "," ","0",0," "," ","0",0," "," ","0",0," "," ","0",0," "," ","0",0," "," ","0",0," "," ","0",0," "," ","0",0," "," ","0",NA," "," "," "
"1083","USC00359461",1980,7,"PRCP",0," "," ","0",0," "," ","0",0," "," ","0",3," "," ","0",3," "," ","0",0," "," ","0",0," "," ","0",0," "," ","0",0," "," ","0",56," "," ","0",0," "," ","0",0," "," ","0",0," "," ","0",0," "," ","0",0," "," ","0",0," "," ","0",0," "," ","0",0," "," ","0",0," "," ","0",0," "," ","0",0," "," ","0",0," "," ","0",0," "," ","0",0," "," ","0",0," "," ","0",0," "," ","0",0," "," ","0",0," "," ","0",0," "," ","0",0," "," ","0",0," "," ","0"
"1084","USC00359461",1980,7,"SNOW",0," "," ","0",0," "," ","0",0," "," ","0",0," "," ","0",0," "," ","0",0," "," ","0",0," "," ","0",0," "," ","0",0," "," ","0",0," "," ","0",0," "," ","0",0," "," ","0",0," "," ","0",0," "," ","0",0," "," ","0",0," "," ","0",0," "," ","0",0," "," ","0",0," "," ","0",0," "," ","0",0," "," ","0",0," "," ","0",0," "," ","0",0," "," ","0",0," "," ","0",0," "," ","0",0," "," ","0",0," "," ","0",0," "," ","0",0," "," ","0",0," "," ","0"
"1085","USC00359461",1980,7,"SNWD",0," "," ","0",0," "," ","0",0," "," ","0",0," "," ","0",0," "," ","0",0," "," ","0",0," "," ","0",0," "," ","0",0," "," ","0",0," "," ","0",0," "," ","0",0," "," ","0",0," "," ","0",0," "," ","0",0," "," ","0",0," "," ","0",0," "," ","0",0," "," ","0",0," "," ","0",0," "," ","0",0," "," ","0",0," "," ","0",0," "," ","0",0," "," ","0",0," "," ","0",0," "," ","0",0," "," ","0",0," "," ","0",0," "," ","0",0," "," ","0",0," "," ","0"
"1086","USC00359461",1980,8,"PRCP",0," "," ","0",0," "," ","0",0," "," ","0",0," "," ","0",0," "," ","0",0," "," ","0",0," "," ","0",0," "," ","0",0," "," ","0",0," "," ","0",0," "," ","0",0," "," ","0",0," "," ","0",0," "," ","0",0," "," ","0",0," "," ","0",0," "," ","0",0,"T"," ","0",0," "," ","0",0," "," ","0",0," "," ","0",0," "," ","0",0," "," ","0",0," "," ","0",0," "," ","0",0," "," ","0",10," "," ","0",0," "," ","0",0," "," ","0",0," "," ","0",0," "," ","0"
"1087","USC00359461",1980,8,"SNOW",0," "," ","0",0," "," ","0",0," "," ","0",0," "," ","0",0," "," ","0",0," "," ","0",0," "," ","0",0," "," ","0",0," "," ","0",0," "," ","0",0," "," ","0",0," "," ","0",0," "," ","0",0," "," ","0",0," "," ","0",0," "," ","0",0," "," ","0",0," "," ","0",0," "," ","0",0," "," ","0",0," "," ","0",0," "," ","0",0," "," ","0",0," "," ","0",0," "," ","0",0," "," ","0",0," "," ","0",0," "," ","0",0," "," ","0",0," "," ","0",0," "," ","0"
"1088","USC00359461",1980,8,"SNWD",0," "," ","0",0," "," ","0",0," "," ","0",0," "," ","0",0," "," ","0",0," "," ","0",0," "," ","0",0," "," ","0",0," "," ","0",0," "," ","0",0," "," ","0",0," "," ","0",0," "," ","0",0," "," ","0",0," "," ","0",0," "," ","0",0," "," ","0",0," "," ","0",0," "," ","0",0," "," ","0",0," "," ","0",0," "," ","0",0," "," ","0",0," "," ","0",0," "," ","0",0," "," ","0",0," "," ","0",0," "," ","0",0," "," ","0",0," "," ","0",0," "," ","0"
"1089","USC00359461",1980,9,"PRCP",0," "," ","0",3," "," ","0",3," "," ","0",0," "," ","0",0," "," ","0",0," "," ","0",8," "," ","0",0," "," ","0",0," "," ","0",0," "," ","0",0," "," ","0",0,"T"," ","0",3," "," ","0",0,"T"," ","0",0," "," ","0",0," "," ","0",0," "," ","0",0," "," ","0",28," "," ","0",41," "," ","0",30," "," ","0",0,"T"," ","0",0," "," ","0",0," "," ","0",0," "," ","0",0," "," ","0",0," "," ","0",0," "," ","0",0," "," ","0",3," "," ","0",NA," "," "," "
"1090","USC00359461",1980,9,"SNOW",0," "," ","0",0," "," ","0",0," "," ","0",0," "," ","0",0," "," ","0",0," "," ","0",0," "," ","0",0," "," ","0",0," "," ","0",0," "," ","0",0," "," ","0",0," "," ","0",0," "," ","0",0," "," ","0",0," "," ","0",0," "," ","0",0," "," ","0",0," "," ","0",0," "," ","0",0," "," ","0",0," "," ","0",0," "," ","0",0," "," ","0",0," "," ","0",0," "," ","0",0," "," ","0",0," "," ","0",0," "," ","0",0," "," ","0",0," "," ","0",NA," "," "," "
"1091","USC00359461",1980,9,"SNWD",0," "," ","0",0," "," ","0",0," "," ","0",0," "," ","0",0," "," ","0",0," "," ","0",0," "," ","0",0," "," ","0",0," "," ","0",0," "," ","0",0," "," ","0",0," "," ","0",0," "," ","0",0," "," ","0",0," "," ","0",0," "," ","0",0," "," ","0",0," "," ","0",0," "," ","0",0," "," ","0",0," "," ","0",0," "," ","0",0," "," ","0",0," "," ","0",0," "," ","0",0," "," ","0",0," "," ","0",0," "," ","0",0," "," ","0",0," "," ","0",NA," "," "," "
"1092","USC00359461",1980,10,"PRCP",0," "," ","0",0," "," ","0",0," "," ","0",0," "," ","0",0," "," ","0",0," "," ","0",0," "," ","0",0," "," ","0",0," "," ","0",0," "," ","0",0," "," ","0",145," "," ","0",41," "," ","0",51," "," ","0",5," "," ","0",0," "," ","0",0," "," ","0",0," "," ","0",0," "," ","0",0," "," ","0",0," "," ","0",0," "," ","0",0," "," ","0",0," "," ","0",51," "," ","0",5," "," ","0",69," "," ","0",0,"T"," ","0",0,"T"," ","0",0," "," ","0",0," "," ","0"
"1093","USC00359461",1980,10,"SNOW",0," "," ","0",0," "," ","0",0," "," ","0",0," "," ","0",0," "," ","0",0," "," ","0",0," "," ","0",0," "," ","0",0," "," ","0",0," "," ","0",0," "," ","0",0," "," ","0",0," "," ","0",0," "," ","0",0," "," ","0",0," "," ","0",0," "," ","0",0," "," ","0",0," "," ","0",0," "," ","0",0," "," ","0",0," "," ","0",0," "," ","0",0," "," ","0",0," "," ","0",0," "," ","0",0," "," ","0",0," "," ","0",0," "," ","0",0," "," ","0",0," "," ","0"
"1094","USC00359461",1980,10,"SNWD",0," "," ","0",0," "," ","0",0," "," ","0",0," "," ","0",0," "," ","0",0," "," ","0",0," "," ","0",0," "," ","0",0," "," ","0",0," "," ","0",0," "," ","0",0," "," ","0",0," "," ","0",0," "," ","0",0," "," ","0",0," "," ","0",0," "," ","0",0," "," ","0",0," "," ","0",0," "," ","0",0," "," ","0",0," "," ","0",0," "," ","0",0," "," ","0",0," "," ","0",0," "," ","0",0," "," ","0",0," "," ","0",0," "," ","0",0," "," ","0",0," "," ","0"
"1095","USC00359461",1980,11,"PRCP",99," "," ","0",36," "," ","0",5," "," ","0",0,"T"," ","0",0," "," ","0",89," "," ","0",244," "," ","0",74," "," ","0",91," "," ","0",15," "," ","0",0," "," ","0",0," "," ","0",0," "," ","0",46," "," ","0",13," "," ","0",0," "," ","0",0," "," ","0",0," "," ","0",0," "," ","0",0," "," ","0",3," "," ","0",122," "," ","0",8," "," ","0",43," "," ","0",28," "," ","0",0," "," ","0",0," "," ","0",15," "," ","0",30," "," ","0",38," "," ","0",NA," "," "," "
"1096","USC00359461",1980,11,"SNOW",0," "," ","0",0," "," ","0",0," "," ","0",0," "," ","0",0," "," ","0",0," "," ","0",0," "," ","0",0," "," ","0",0," "," ","0",0," "," ","0",0," "," ","0",0," "," ","0",0," "," ","0",0," "," ","0",0," "," ","0",0," "," ","0",0," "," ","0",0," "," ","0",0," "," ","0",0," "," ","0",0," "," ","0",0," "," ","0",0," "," ","0",0," "," ","0",0," "," ","0",0," "," ","0",0," "," ","0",0," "," ","0",0," "," ","0",0," "," ","0",NA," "," "," "
"1097","USC00359461",1980,11,"SNWD",0," "," ","0",0," "," ","0",0," "," ","0",0," "," ","0",0," "," ","0",0," "," ","0",0," "," ","0",0," "," ","0",0," "," ","0",0," "," ","0",0," "," ","0",0," "," ","0",0," "," ","0",0," "," ","0",0," "," ","0",0," "," ","0",0," "," ","0",0," "," ","0",0," "," ","0",0," "," ","0",0," "," ","0",0," "," ","0",0," "," ","0",0," "," ","0",0," "," ","0",0," "," ","0",0," "," ","0",0," "," ","0",0," "," ","0",0," "," ","0",NA," "," "," "
"1098","USC00359461",1980,12,"PRCP",41," "," ","0",495," "," ","0",475," "," ","0",521," "," ","0",71," "," ","0",76," "," ","0",25," "," ","0",0," "," ","0",0," "," ","0",0," "," ","0",0," "," ","0",0," "," ","0",0," "," ","0",0," "," ","0",0," "," ","0",0,"T"," ","0",3," "," ","0",3," "," ","0",3," "," ","0",61," "," ","0",48," "," ","0",13," "," ","0",8," "," ","0",43," "," ","0",376," "," ","0",28," "," ","0",61," "," ","0",0," "," ","0",0," "," ","0",0," "," ","0",0," "," ","0"
"1099","USC00359461",1980,12,"SNOW",0," "," ","0",0," "," ","0",0," "," ","0",0," "," ","0",0," "," ","0",0," "," ","0",0," "," ","0",0," "," ","0",0," "," ","0",0," "," ","0",0," "," ","0",0," "," ","0",0," "," ","0",0," "," ","0",0," "," ","0",0," "," ","0",0," "," ","0",0," "," ","0",0," "," ","0",0," "," ","0",0," "," ","0",0," "," ","0",0," "," ","0",0," "," ","0",0," "," ","0",0," "," ","0",0," "," ","0",0," "," ","0",0," "," ","0",0," "," ","0",0," "," ","0"
"1100","USC00359461",1980,12,"SNWD",0," "," ","0",0," "," ","0",0," "," ","0",0," "," ","0",0," "," ","0",0," "," ","0",0," "," ","0",0," "," ","0",0," "," ","0",0," "," ","0",0," "," ","0",0," "," ","0",0," "," ","0",0," "," ","0",0," "," ","0",0," "," ","0",0," "," ","0",0," "," ","0",0," "," ","0",0," "," ","0",0," "," ","0",0," "," ","0",0," "," ","0",0," "," ","0",0," "," ","0",0," "," ","0",0," "," ","0",0," "," ","0",0," "," ","0",0," "," ","0",0," "," ","0"
"1101","USC00359461",1981,1,"PRCP",0," "," ","0",0," "," ","0",0," "," ","0",3," "," ","0",0," "," ","0",0," "," ","0",0," "," ","0",0," "," ","0",3," "," ","0",0," "," ","0",0," "," ","0",0," "," ","0",0," "," ","0",0," "," ","0",0," "," ","0",5," "," ","0",25," "," ","0",0," "," ","0",0," "," ","0",0," "," ","0",33," "," ","0",48," "," ","0",46," "," ","0",38," "," ","0",15," "," ","0",64," "," ","0",64," "," ","0",89," "," ","0",130," "," ","0",5," "," ","0",3," "," ","0"
"1102","USC00359461",1981,1,"SNOW",0," "," ","0",0," "," ","0",0," "," ","0",0," "," ","0",0," "," ","0",0," "," ","0",0," "," ","0",0," "," ","0",0," "," ","0",0," "," ","0",0," "," ","0",0," "," ","0",0," "," ","0",0," "," ","0",0," "," ","0",0," "," ","0",0," "," ","0",0," "," ","0",0," "," ","0",0," "," ","0",0," "," ","0",0," "," ","0",0," "," ","0",0," "," ","0",0," "," ","0",0," "," ","0",0," "," ","0",0," "," ","0",0," "," ","0",0," "," ","0",0," "," ","0"
"1103","USC00359461",1981,1,"SNWD",0," "," ","0",0," "," ","0",0," "," ","0",0," "," ","0",0," "," ","0",0," "," ","0",0," "," ","0",0," "," ","0",0," "," ","0",0," "," ","0",0," "," ","0",0," "," ","0",0," "," ","0",0," "," ","0",0," "," ","0",0," "," ","0",0," "," ","0",0," "," ","0",0," "," ","0",0," "," ","0",0," "," ","0",0," "," ","0",0," "," ","0",0," "," ","0",0," "," ","0",0," "," ","0",0," "," ","0",0," "," ","0",0," "," ","0",0," "," ","0",0," "," ","0"
"1104","USC00359461",1981,2,"PRCP",0," "," ","0",0," "," ","0",0," "," ","0",0," "," ","0",46," "," ","0",23," "," ","0",0," "," ","0",0," "," ","0",0," "," ","0",0," "," ","0",30," "," ","0",0," "," ","0",41," "," ","0",112," "," ","0",3," "," ","0",71," "," ","0",145," "," ","0",30," "," ","0",81," "," ","0",36," "," ","0",0," "," ","0",0," "," ","0",0," "," ","0",94," "," ","0",25," "," ","0",0," "," ","0",0,"T"," ","0",0," "," ","0",NA," "," "," ",NA," "," "," ",NA," "," "," "
"1105","USC00359461",1981,2,"SNOW",0," "," ","0",0," "," ","0",0," "," ","0",0," "," ","0",0," "," ","0",0," "," ","0",0," "," ","0",0," "," ","0",0," "," ","0",0," "," ","0",0," "," ","0",0," "," ","0",0," "," ","0",0," "," ","0",0," "," ","0",0," "," ","0",0," "," ","0",0," "," ","0",0," "," ","0",0," "," ","0",0," "," ","0",0," "," ","0",0," "," ","0",0," "," ","0",0," "," ","0",0," "," ","0",0," "," ","0",0," "," ","0",NA," "," "," ",NA," "," "," ",NA," "," "," "
"1106","USC00359461",1981,2,"SNWD",0," "," ","0",0," "," ","0",0," "," ","0",0," "," ","0",0," "," ","0",0," "," ","0",0," "," ","0",0," "," ","0",0," "," ","0",0," "," ","0",0," "," ","0",0," "," ","0",0," "," ","0",0," "," ","0",0," "," ","0",0," "," ","0",0," "," ","0",0," "," ","0",0," "," ","0",0," "," ","0",0," "," ","0",0," "," ","0",0," "," ","0",0," "," ","0",0," "," ","0",0," "," ","0",0," "," ","0",0," "," ","0",NA," "," "," ",NA," "," "," ",NA," "," "," "
"1107","USC00359461",1981,3,"PRCP",0," "," ","0",0," "," ","0",0," "," ","0",114," "," ","0",13," "," ","0",0," "," ","0",0,"T"," ","0",5," "," ","0",0," "," ","0",0," "," ","0",0,"T"," ","0",0," "," ","0",147," "," ","0",10," "," ","0",30," "," ","0",145," "," ","0",53," "," ","0",0," "," ","0",43," "," ","0",33," "," ","0",13," "," ","0",89," "," ","0",0,"T"," ","0",8," "," ","0",109," "," ","0",8," "," ","0",15," "," ","0",3," "," ","0",48," "," ","0",97," "," ","0",3," "," ","0"
"1108","USC00359461",1981,3,"SNOW",0," "," ","0",0," "," ","0",0," "," ","0",0," "," ","0",0," "," ","0",0," "," ","0",0," "," ","0",0," "," ","0",0," "," ","0",0," "," ","0",0," "," ","0",0," "," ","0",0," "," ","0",0," "," ","0",0," "," ","0",0," "," ","0",0," "," ","0",0," "," ","0",0," "," ","0",0," "," ","0",0," "," ","0",0," "," ","0",0," "," ","0",0," "," ","0",0," "," ","0",0," "," ","0",0," "," ","0",0," "," ","0",0," "," ","0",0," "," ","0",0," "," ","0"
"1109","USC00359461",1981,3,"SNWD",0," "," ","0",0," "," ","0",0," "," ","0",0," "," ","0",0," "," ","0",0," "," ","0",0," "," ","0",0," "," ","0",0," "," ","0",0," "," ","0",0," "," ","0",0," "," ","0",0," "," ","0",0," "," ","0",0," "," ","0",0," "," ","0",0," "," ","0",0," "," ","0",0," "," ","0",0," "," ","0",0," "," ","0",0," "," ","0",0," "," ","0",0," "," ","0",0," "," ","0",0," "," ","0",0," "," ","0",0," "," ","0",0," "," ","0",0," "," ","0",0," "," ","0"
"1110","USC00359461",1981,4,"PRCP",38," "," ","0",53," "," ","0",10," "," ","0",8," "," ","0",0," "," ","0",18," "," ","0",0," "," ","0",0," "," ","0",15," "," ","0",3," "," ","0",46," "," ","0",94," "," ","0",18," "," ","0",0," "," ","0",0," "," ","0",0," "," ","0",0," "," ","0",0," "," ","0",0," "," ","0",0," "," ","0",43," "," ","0",0," "," ","0",0," "," ","0",15," "," ","0",0," "," ","0",71," "," ","0",23," "," ","0",0," "," ","0",0," "," ","0",0," "," ","0",NA," "," "," "
"1111","USC00359461",1981,4,"SNOW",0," "," ","0",0," "," ","0",0," "," ","0",0," "," ","0",0," "," ","0",0," "," ","0",0," "," ","0",0," "," ","0",0," "," ","0",0," "," ","0",0," "," ","0",0," "," ","0",0," "," ","0",0," "," ","0",0," "," ","0",0," "," ","0",0," "," ","0",0," "," ","0",0," "," ","0",0," "," ","0",0," "," ","0",0," "," ","0",0," "," ","0",0," "," ","0",0," "," ","0",0," "," ","0",0," "," ","0",0," "," ","0",0," "," ","0",0," "," ","0",NA," "," "," "
"1112","USC00359461",1981,4,"SNWD",0," "," ","0",0," "," ","0",0," "," ","0",0," "," ","0",0," "," ","0",0," "," ","0",0," "," ","0",0," "," ","0",0," "," ","0",0," "," ","0",0," "," ","0",0," "," ","0",0," "," ","0",0," "," ","0",0," "," ","0",0," "," ","0",0," "," ","0",0," "," ","0",0," "," ","0",0," "," ","0",0," "," ","0",0," "," ","0",0," "," ","0",0," "," ","0",0," "," ","0",0," "," ","0",0," "," ","0",0," "," ","0",0," "," ","0",0," "," ","0",NA," "," "," "
"1113","USC00359461",1981,5,"PRCP",0," "," ","0",0," "," ","0",0," "," ","0",0,"T"," ","0",3," "," ","0",20," "," ","0",0,"T"," ","0",0," "," ","0",30," "," ","0",0," "," ","0",0," "," ","0",0," "," ","0",0," "," ","0",0,"T"," ","0",76," "," ","0",43," "," ","0",36," "," ","0",64," "," ","0",163," "," ","0",15," "," ","0",0,"T"," ","0",0," "," ","0",0," "," ","0",69," "," ","0",145," "," ","0",0," "," ","0",0," "," ","0",0," "," ","0",0," "," ","0",3," "," ","0",0," "," ","0"
"1114","USC00359461",1981,5,"SNOW",0," "," ","0",0," "," ","0",0," "," ","0",0," "," ","0",0," "," ","0",0," "," ","0",0," "," ","0",0," "," ","0",0," "," ","0",0," "," ","0",0," "," ","0",0," "," ","0",0," "," ","0",0," "," ","0",0," "," ","0",0," "," ","0",0," "," ","0",0," "," ","0",0," "," ","0",0," "," ","0",0," "," ","0",0," "," ","0",0," "," ","0",0," "," ","0",0," "," ","0",0," "," ","0",0," "," ","0",0," "," ","0",0," "," ","0",0," "," ","0",0," "," ","0"
"1115","USC00359461",1981,5,"SNWD",0," "," ","0",0," "," ","0",0," "," ","0",0," "," ","0",0," "," ","0",0," "," ","0",0," "," ","0",0," "," ","0",0," "," ","0",0," "," ","0",0," "," ","0",0," "," ","0",0," "," ","0",0," "," ","0",0," "," ","0",0," "," ","0",0," "," ","0",0," "," ","0",0," "," ","0",0," "," ","0",0," "," ","0",0," "," ","0",0," "," ","0",0," "," ","0",0," "," ","0",0," "," ","0",0," "," ","0",0," "," ","0",0," "," ","0",0," "," ","0",0," "," ","0"
"1116","USC00359461",1981,6,"PRCP",0," "," ","0",3," "," ","0",0," "," ","0",0," "," ","0",0," "," ","0",8," "," ","0",23," "," ","0",122," "," ","0",5," "," ","0",33," "," ","0",0," "," ","0",33," "," ","0",69," "," ","0",56," "," ","0",0," "," ","0",0," "," ","0",0," "," ","0",0," "," ","0",0," "," ","0",0," "," ","0",0," "," ","0",0," "," ","0",0," "," ","0",0," "," ","0",0," "," ","0",0," "," ","0",0," "," ","0",0," "," ","0",0," "," ","0",0," "," ","0",NA," "," "," "
"1117","USC00359461",1981,6,"SNOW",0," "," ","0",0," "," ","0",0," "," ","0",0," "," ","0",0," "," ","0",0," "," ","0",0," "," ","0",0," "," ","0",0," "," ","0",0," "," ","0",0," "," ","0",0," "," ","0",0," "," ","0",0," "," ","0",0," "," ","0",0," "," ","0",0," "," ","0",0," "," ","0",0," "," ","0",0," "," ","0",0," "," ","0",0," "," ","0",0," "," ","0",0," "," ","0",0," "," ","0",0," "," ","0",0," "," ","0",0," "," ","0",0," "," ","0",0," "," ","0",NA," "," "," "
"1118","USC00359461",1981,6,"SNWD",0," "," ","0",0," "," ","0",0," "," ","0",0," "," ","0",0," "," ","0",0," "," ","0",0," "," ","0",0," "," ","0",0," "," ","0",0," "," ","0",0," "," ","0",0," "," ","0",0," "," ","0",0," "," ","0",0," "," ","0",0," "," ","0",0," "," ","0",0," "," ","0",0," "," ","0",0," "," ","0",0," "," ","0",0," "," ","0",0," "," ","0",0," "," ","0",0," "," ","0",0," "," ","0",0," "," ","0",0," "," ","0",0," "," ","0",0," "," ","0",NA," "," "," "
"1119","USC00359461",1981,7,"PRCP",0," "," ","0",0," "," ","0",0," "," ","0",0," "," ","0",0,"T"," ","0",0,"T"," ","0",8," "," ","0",0," "," ","0",0," "," ","0",0," "," ","0",0," "," ","0",0," "," ","0",0," "," ","0",0," "," ","0",0," "," ","0",0," "," ","0",0," "," ","0",0," "," ","0",0," "," ","0",0," "," ","0",0," "," ","0",0," "," ","0",0," "," ","0",0," "," ","0",0," "," ","0",0," "," ","0",0," "," ","0",0," "," ","0",0," "," ","0",0," "," ","0",0," "," ","0"
"1120","USC00359461",1981,7,"SNOW",0," "," ","0",0," "," ","0",0," "," ","0",0," "," ","0",0," "," ","0",0," "," ","0",0," "," ","0",0," "," ","0",0," "," ","0",0," "," ","0",0," "," ","0",0," "," ","0",0," "," ","0",0," "," ","0",0," "," ","0",0," "," ","0",0," "," ","0",0," "," ","0",0," "," ","0",0," "," ","0",0," "," ","0",0," "," ","0",0," "," ","0",0," "," ","0",0," "," ","0",0," "," ","0",0," "," ","0",0," "," ","0",0," "," ","0",0," "," ","0",0," "," ","0"
"1121","USC00359461",1981,7,"SNWD",0," "," ","0",0," "," ","0",0," "," ","0",0," "," ","0",0," "," ","0",0," "," ","0",0," "," ","0",0," "," ","0",0," "," ","0",0," "," ","0",0," "," ","0",0," "," ","0",0," "," ","0",0," "," ","0",0," "," ","0",0," "," ","0",0," "," ","0",0," "," ","0",0," "," ","0",0," "," ","0",0," "," ","0",0," "," ","0",0," "," ","0",0," "," ","0",0," "," ","0",0," "," ","0",0," "," ","0",0," "," ","0",0," "," ","0",0," "," ","0",0," "," ","0"
"1122","USC00359461",1981,8,"PRCP",0," "," ","0",0," "," ","0",0," "," ","0",0," "," ","0",0," "," ","0",0," "," ","0",0," "," ","0",0," "," ","0",0," "," ","0",0," "," ","0",0," "," ","0",0," "," ","0",0," "," ","0",0," "," ","0",0," "," ","0",0," "," ","0",0," "," ","0",0," "," ","0",0," "," ","0",0," "," ","0",0," "," ","0",0," "," ","0",0," "," ","0",0," "," ","0",0," "," ","0",0," "," ","0",0," "," ","0",0," "," ","0",0," "," ","0",3," "," ","0",0," "," ","0"
"1123","USC00359461",1981,8,"SNOW",0," "," ","0",0," "," ","0",0," "," ","0",0," "," ","0",0," "," ","0",0," "," ","0",0," "," ","0",0," "," ","0",0," "," ","0",0," "," ","0",0," "," ","0",0," "," ","0",0," "," ","0",0," "," ","0",0," "," ","0",0," "," ","0",0," "," ","0",0," "," ","0",0," "," ","0",0," "," ","0",0," "," ","0",0," "," ","0",0," "," ","0",0," "," ","0",0," "," ","0",0," "," ","0",0," "," ","0",0," "," ","0",0," "," ","0",0," "," ","0",0," "," ","0"
"1124","USC00359461",1981,8,"SNWD",0," "," ","0",0," "," ","0",0," "," ","0",0," "," ","0",0," "," ","0",0," "," ","0",0," "," ","0",0," "," ","0",0," "," ","0",0," "," ","0",0," "," ","0",0," "," ","0",0," "," ","0",0," "," ","0",0," "," ","0",0," "," ","0",0," "," ","0",0," "," ","0",0," "," ","0",0," "," ","0",0," "," ","0",0," "," ","0",0," "," ","0",0," "," ","0",0," "," ","0",0," "," ","0",0," "," ","0",0," "," ","0",0," "," ","0",0," "," ","0",0," "," ","0"
"1125","USC00359461",1981,9,"PRCP",0," "," ","0",0," "," ","0",0," "," ","0",0," "," ","0",0," "," ","0",0," "," ","0",0," "," ","0",0," "," ","0",0," "," ","0",0," "," ","0",0," "," ","0",0," "," ","0",0," "," ","0",0," "," ","0",0," "," ","0",0," "," ","0",0," "," ","0",0," "," ","0",79," "," ","0",0," "," ","0",0," "," ","0",3," "," ","0",0," "," ","0",0," "," ","0",0," "," ","0",36," "," ","0",564," "," ","0",56," "," ","0",13," "," ","0",0," "," ","0",NA," "," "," "
"1126","USC00359461",1981,9,"SNOW",0," "," ","0",0," "," ","0",0," "," ","0",0," "," ","0",0," "," ","0",0," "," ","0",0," "," ","0",0," "," ","0",0," "," ","0",0," "," ","0",0," "," ","0",0," "," ","0",0," "," ","0",0," "," ","0",0," "," ","0",0," "," ","0",0," "," ","0",0," "," ","0",0," "," ","0",0," "," ","0",0," "," ","0",0," "," ","0",0," "," ","0",0," "," ","0",0," "," ","0",0," "," ","0",0," "," ","0",0," "," ","0",0," "," ","0",0," "," ","0",NA," "," "," "
"1127","USC00359461",1981,9,"SNWD",0," "," ","0",0," "," ","0",0," "," ","0",0," "," ","0",0," "," ","0",0," "," ","0",0," "," ","0",0," "," ","0",0," "," ","0",0," "," ","0",0," "," ","0",0," "," ","0",0," "," ","0",0," "," ","0",0," "," ","0",0," "," ","0",0," "," ","0",0," "," ","0",0," "," ","0",0," "," ","0",0," "," ","0",0," "," ","0",0," "," ","0",0," "," ","0",0," "," ","0",0," "," ","0",0," "," ","0",0," "," ","0",0," "," ","0",0," "," ","0",NA," "," "," "
"1128","USC00359461",1981,10,"PRCP",0," "," ","0",51," "," ","0",0," "," ","0",5," "," ","0",0,"T"," ","0",28," "," ","0",231," "," ","0",89," "," ","0",53," "," ","0",99," "," ","0",33," "," ","0",3," "," ","0",0," "," ","0",0," "," ","0",0," "," ","0",0," "," ","0",0," "," ","0",0," "," ","0",0," "," ","0",0," "," ","0",0," "," ","0",0," "," ","0",0," "," ","0",0," "," ","0",0," "," ","0",0," "," ","0",0,"T"," ","0",229," "," ","0",79," "," ","0",142," "," ","0",0,"T"," ","0"
"1129","USC00359461",1981,10,"SNOW",0," "," ","0",0," "," ","0",0," "," ","0",0," "," ","0",0," "," ","0",0," "," ","0",0," "," ","0",0," "," ","0",0," "," ","0",0," "," ","0",0," "," ","0",0," "," ","0",0," "," ","0",0," "," ","0",0," "," ","0",0," "," ","0",0," "," ","0",0," "," ","0",0," "," ","0",0," "," ","0",0," "," ","0",0," "," ","0",0," "," ","0",0," "," ","0",0," "," ","0",0," "," ","0",0," "," ","0",0," "," ","0",0," "," ","0",0," "," ","0",0," "," ","0"
"1130","USC00359461",1981,10,"SNWD",0," "," ","0",0," "," ","0",0," "," ","0",0," "," ","0",0," "," ","0",0," "," ","0",0," "," ","0",0," "," ","0",0," "," ","0",0," "," ","0",0," "," ","0",0," "," ","0",0," "," ","0",0," "," ","0",0," "," ","0",0," "," ","0",0," "," ","0",0," "," ","0",0," "," ","0",0," "," ","0",0," "," ","0",0," "," ","0",0," "," ","0",0," "," ","0",0," "," ","0",0," "," ","0",0," "," ","0",0," "," ","0",0," "," ","0",0," "," ","0",0," "," ","0"
"1131","USC00359461",1981,11,"PRCP",0," "," ","0",0," "," ","0",3," "," ","0",20," "," ","0",0," "," ","0",0," "," ","0",0," "," ","0",0," "," ","0",0," "," ","0",8," "," ","0",36," "," ","0",267," "," ","0",46," "," ","0",132," "," ","0",127," "," ","0",66," "," ","0",338," "," ","0",81," "," ","0",3," "," ","0",51," "," ","0",76," "," ","0",56," "," ","0",239," "," ","0",81," "," ","0",18," "," ","0",28," "," ","0",56," "," ","0",0," "," ","0",0," "," ","0",33," "," ","0",NA," "," "," "
"1132","USC00359461",1981,11,"SNOW",0," "," ","0",0," "," ","0",0," "," ","0",0," "," ","0",0," "," ","0",0," "," ","0",0," "," ","0",0," "," ","0",0," "," ","0",0," "," ","0",0," "," ","0",0," "," ","0",0," "," ","0",0," "," ","0",0," "," ","0",0," "," ","0",0," "," ","0",0," "," ","0",0," "," ","0",0," "," ","0",0," "," ","0",0," "," ","0",0," "," ","0",0," "," ","0",0," "," ","0",0," "," ","0",0," "," ","0",0," "," ","0",0," "," ","0",0," "," ","0",NA," "," "," "
"1133","USC00359461",1981,11,"SNWD",0," "," ","0",0," "," ","0",0," "," ","0",0," "," ","0",0," "," ","0",0," "," ","0",0," "," ","0",0," "," ","0",0," "," ","0",0," "," ","0",0," "," ","0",0," "," ","0",0," "," ","0",0," "," ","0",0," "," ","0",0," "," ","0",0," "," ","0",0," "," ","0",0," "," ","0",0," "," ","0",0," "," ","0",0," "," ","0",0," "," ","0",0," "," ","0",0," "," ","0",0," "," ","0",0," "," ","0",0," "," ","0",0," "," ","0",0," "," ","0",NA," "," "," "
"1134","USC00359461",1981,12,"PRCP",152," "," ","0",18," "," ","0",25," "," ","0",0,"T"," ","0",109," "," ","0",953," "," ","0",18," "," ","0",0," "," ","0",0,"T"," ","0",152," "," ","0",46," "," ","0",66," "," ","0",33," "," ","0",102," "," ","0",505," "," ","0",3," "," ","0",0," "," ","0",56," "," ","0",295," "," ","0",102," "," ","0",89," "," ","0",18," "," ","0",18," "," ","0",5," "," ","0",30," "," ","0",137," "," ","0",76," "," ","0",64," "," ","0",246," "," ","0",165," "," ","0",8," "," ","0"
"1135","USC00359461",1981,12,"SNOW",0," "," ","0",0," "," ","0",0," "," ","0",0," "," ","0",0," "," ","0",0," "," ","0",0," "," ","0",0," "," ","0",0," "," ","0",0," "," ","0",0," "," ","0",0," "," ","0",0," "," ","0",0," "," ","0",0," "," ","0",0," "," ","0",0," "," ","0",0," "," ","0",0," "," ","0",0," "," ","0",0," "," ","0",0," "," ","0",0," "," ","0",0," "," ","0",0," "," ","0",0," "," ","0",0," "," ","0",0," "," ","0",0," "," ","0",0," "," ","0",0," "," ","0"
"1136","USC00359461",1981,12,"SNWD",0," "," ","0",0," "," ","0",0," "," ","0",0," "," ","0",0," "," ","0",0," "," ","0",0," "," ","0",0," "," ","0",0," "," ","0",0," "," ","0",0," "," ","0",0," "," ","0",0," "," ","0",0," "," ","0",0," "," ","0",0," "," ","0",0," "," ","0",0," "," ","0",0," "," ","0",0," "," ","0",0," "," ","0",0," "," ","0",0," "," ","0",0," "," ","0",0," "," ","0",0," "," ","0",0," "," ","0",0," "," ","0",0," "," ","0",0," "," ","0",0," "," ","0"
"1137","USC00359461",1982,1,"PRCP",74," "," ","0",140," "," ","0",234," "," ","0",348," "," ","0",3," "," ","0",20," "," ","0",0," "," ","0",0," "," ","0",0," "," ","0",0," "," ","0",8," "," ","0",10," "," ","0",3," "," ","0",0," "," ","0",0,"T"," ","0",0," "," ","0",41," "," ","0",38," "," ","0",25," "," ","0",13," "," ","0",41," "," ","0",25," "," ","0",132," "," ","0",99," "," ","0",25," "," ","0",89," "," ","0",89," "," ","0",5," "," ","0",0,"T"," ","0",0,"T"," ","0",5," "," ","0"
"1138","USC00359461",1982,1,"SNOW",0,"P"," ","0",0,"P"," ","0",0,"P"," ","0",0,"P"," ","0",0,"P"," ","0",8," "," ","0",0,"P"," ","0",0,"P"," ","0",0,"P"," ","0",0,"P"," ","0",0,"P"," ","0",0,"P"," ","0",0,"P"," ","0",0,"P"," ","0",0,"P"," ","0",0,"P"," ","0",0,"P"," ","0",0,"P"," ","0",0,"P"," ","0",0,"P"," ","0",0,"P"," ","0",0,"P"," ","0",0,"P"," ","0",0,"P"," ","0",0,"P"," ","0",0,"P"," ","0",0,"P"," ","0",0,"P"," ","0",0,"P"," ","0",0,"P"," ","0",NA," "," "," "
"1139","USC00359461",1982,1,"SNWD",0,"P"," ","0",0,"P"," ","0",0,"P"," ","0",0,"P"," ","0",0,"P"," ","0",0,"P"," ","0",0,"P"," ","0",0,"P"," ","0",0,"P"," ","0",0,"P"," ","0",0,"P"," ","0",0,"P"," ","0",0,"P"," ","0",0,"P"," ","0",0,"P"," ","0",0,"P"," ","0",0,"P"," ","0",0,"P"," ","0",0,"P"," ","0",0,"P"," ","0",0,"P"," ","0",0,"P"," ","0",0,"P"," ","0",0,"P"," ","0",0,"P"," ","0",0,"P"," ","0",0,"P"," ","0",0,"P"," ","0",0,"P"," ","0",0,"P"," ","0",NA," "," "," "
"1140","USC00359461",1982,2,"PRCP",0," "," ","0",0," "," ","0",5," "," ","0",0," "," ","0",0," "," ","0",0," "," ","0",0," "," ","0",0," "," ","0",0," "," ","0",0," "," ","0",0," "," ","0",0," "," ","0",41," "," ","0",351," "," ","0",51," "," ","0",76," "," ","0",76," "," ","0",0,"T"," ","0",112," "," ","0",18," "," ","0",71," "," ","0",0,"T"," ","0",51," "," ","0",3," "," ","0",5," "," ","0",0," "," ","0",38," "," ","0",8," "," ","0",NA," "," "," ",NA," "," "," ",NA," "," "," "
"1141","USC00359461",1982,2,"SNOW",0,"P"," ","0",0,"P"," ","0",0,"P"," ","0",0,"P"," ","0",0,"P"," ","0",0,"P"," ","0",0,"P"," ","0",0,"P"," ","0",0,"P"," ","0",0,"P"," ","0",0,"P"," ","0",0,"P"," ","0",0,"P"," ","0",0,"P"," ","0",0,"P"," ","0",0,"P"," ","0",0,"P"," ","0",0,"P"," ","0",0,"P"," ","0",0,"P"," ","0",0,"P"," ","0",0,"P"," ","0",0,"P"," ","0",0,"P"," ","0",0,"P"," ","0",0,"P"," ","0",0,"P"," ","0",0,"P"," ","0",NA," "," "," ",NA," "," "," ",NA," "," "," "
"1142","USC00359461",1982,2,"SNWD",0,"P"," ","0",0,"P"," ","0",0,"P"," ","0",0,"P"," ","0",0,"P"," ","0",0,"P"," ","0",0,"P"," ","0",0,"P"," ","0",0,"P"," ","0",0,"P"," ","0",0,"P"," ","0",0,"P"," ","0",0,"P"," ","0",0,"P"," ","0",0,"P"," ","0",0,"P"," ","0",0,"P"," ","0",0,"P"," ","0",0,"P"," ","0",0,"P"," ","0",0,"P"," ","0",0,"P"," ","0",0,"P"," ","0",0,"P"," ","0",0,"P"," ","0",0,"P"," ","0",0,"P"," ","0",0,"P"," ","0",NA," "," "," ",NA," "," "," ",NA," "," "," "
"1143","USC00359461",1982,3,"PRCP",119," "," ","0",99," "," ","0",30," "," ","0",43," "," ","0",10," "," ","0",0," "," ","0",0,"T"," ","0",8," "," ","0",43," "," ","0",5," "," ","0",33," "," ","0",3," "," ","0",5," "," ","0",30," "," ","0",66," "," ","0",3," "," ","0",43," "," ","0",3," "," ","0",0,"T"," ","0",3," "," ","0",0," "," ","0",0," "," ","0",0," "," ","0",0," "," ","0",0," "," ","0",3," "," ","0",0,"T"," ","0",114," "," ","0",15," "," ","0",33," "," ","0",157," "," ","0"
"1144","USC00359461",1982,3,"SNOW",0,"P"," ","0",0,"P"," ","0",0,"P"," ","0",0,"P"," ","0",0,"P"," ","0",0,"P"," ","0",0,"P"," ","0",0,"P"," ","0",0,"P"," ","0",0,"P"," ","0",0,"P"," ","0",0,"P"," ","0",0,"P"," ","0",0,"P"," ","0",0,"P"," ","0",0,"P"," ","0",0,"P"," ","0",0,"P"," ","0",0,"P"," ","0",0,"P"," ","0",0,"P"," ","0",0,"P"," ","0",0,"P"," ","0",0,"P"," ","0",0,"P"," ","0",0,"P"," ","0",0,"P"," ","0",0,"P"," ","0",0,"P"," ","0",0,"P"," ","0",0,"P"," ","0"
"1145","USC00359461",1982,3,"SNWD",0,"P"," ","0",0,"P"," ","0",0,"P"," ","0",0,"P"," ","0",0,"P"," ","0",0,"P"," ","0",0,"P"," ","0",0,"P"," ","0",0,"P"," ","0",0,"P"," ","0",0,"P"," ","0",0,"P"," ","0",0,"P"," ","0",0,"P"," ","0",0,"P"," ","0",0,"P"," ","0",0,"P"," ","0",0,"P"," ","0",0,"P"," ","0",0,"P"," ","0",0,"P"," ","0",0,"P"," ","0",0,"P"," ","0",0,"P"," ","0",0,"P"," ","0",0,"P"," ","0",0,"P"," ","0",0,"P"," ","0",0,"P"," ","0",0,"P"," ","0",0,"P"," ","0"
"1146","USC00359461",1982,4,"PRCP",8," "," ","0",122," "," ","0",269," "," ","0",23," "," ","0",46," "," ","0",94," "," ","0",56," "," ","0",0," "," ","0",0," "," ","0",0," "," ","0",180," "," ","0",8," "," ","0",132," "," ","0",79," "," ","0",117," "," ","0",8," "," ","0",0," "," ","0",0," "," ","0",0," "," ","0",0," "," ","0",0," "," ","0",0," "," ","0",0," "," ","0",0," "," ","0",0," "," ","0",0," "," ","0",0," "," ","0",13," "," ","0",3," "," ","0",0," "," ","0",NA," "," "," "
"1147","USC00359461",1982,4,"SNOW",0,"P"," ","0",0,"P"," ","0",0,"P"," ","0",0,"P"," ","0",0,"P"," ","0",0,"P"," ","0",0,"P"," ","0",0,"P"," ","0",0,"P"," ","0",0,"P"," ","0",0,"P"," ","0",0,"P"," ","0",0,"P"," ","0",0,"P"," ","0",0,"P"," ","0",0,"P"," ","0",0,"P"," ","0",0,"P"," ","0",0,"P"," ","0",0,"P"," ","0",0,"P"," ","0",0,"P"," ","0",0,"P"," ","0",0,"P"," ","0",0,"P"," ","0",0,"P"," ","0",0,"P"," ","0",0,"P"," ","0",0,"P"," ","0",0,"P"," ","0",NA," "," "," "
"1148","USC00359461",1982,4,"SNWD",0,"P"," ","0",0,"P"," ","0",0,"P"," ","0",0,"P"," ","0",0,"P"," ","0",0,"P"," ","0",0,"P"," ","0",0,"P"," ","0",0,"P"," ","0",0,"P"," ","0",0,"P"," ","0",0,"P"," ","0",0,"P"," ","0",0,"P"," ","0",0,"P"," ","0",0,"P"," ","0",0,"P"," ","0",0,"P"," ","0",0,"P"," ","0",0,"P"," ","0",0,"P"," ","0",0,"P"," ","0",0,"P"," ","0",0,"P"," ","0",0,"P"," ","0",0,"P"," ","0",0,"P"," ","0",0,"P"," ","0",0,"P"," ","0",0,"P"," ","0",NA," "," "," "
"1149","USC00359461",1982,5,"PRCP",0," "," ","0",0," "," ","0",0," "," ","0",5," "," ","0",0," "," ","0",0," "," ","0",0," "," ","0",0," "," ","0",18," "," ","0",0," "," ","0",0," "," ","0",0," "," ","0",0," "," ","0",0," "," ","0",0," "," ","0",0," "," ","0",33," "," ","0",3," "," ","0",0," "," ","0",0," "," ","0",0," "," ","0",0," "," ","0",0," "," ","0",0," "," ","0",0," "," ","0",0," "," ","0",3," "," ","0",0," "," ","0",0," "," ","0",0," "," ","0",0," "," ","0"
"1150","USC00359461",1982,5,"SNOW",0,"P"," ","0",0,"P"," ","0",0,"P"," ","0",0,"P"," ","0",0,"P"," ","0",0,"P"," ","0",0,"P"," ","0",0,"P"," ","0",0,"P"," ","0",0,"P"," ","0",0,"P"," ","0",0,"P"," ","0",0,"P"," ","0",0,"P"," ","0",0,"P"," ","0",0,"P"," ","0",0,"P"," ","0",0,"P"," ","0",0,"P"," ","0",0,"P"," ","0",0,"P"," ","0",0,"P"," ","0",0,"P"," ","0",0,"P"," ","0",0,"P"," ","0",0,"P"," ","0",0,"P"," ","0",0,"P"," ","0",0,"P"," ","0",0,"P"," ","0",0,"P"," ","0"
"1151","USC00359461",1982,5,"SNWD",0,"P"," ","0",0,"P"," ","0",0,"P"," ","0",0,"P"," ","0",0,"P"," ","0",0,"P"," ","0",0,"P"," ","0",0,"P"," ","0",0,"P"," ","0",0,"P"," ","0",0,"P"," ","0",0,"P"," ","0",0,"P"," ","0",0,"P"," ","0",0,"P"," ","0",0,"P"," ","0",0,"P"," ","0",0,"P"," ","0",0,"P"," ","0",0,"P"," ","0",0,"P"," ","0",0,"P"," ","0",0,"P"," ","0",0,"P"," ","0",0,"P"," ","0",0,"P"," ","0",0,"P"," ","0",0,"P"," ","0",0,"P"," ","0",0,"P"," ","0",0,"P"," ","0"
"1152","USC00359461",1982,6,"PRCP",0," "," ","0",0," "," ","0",0," "," ","0",41," "," ","0",15," "," ","0",10," "," ","0",0," "," ","0",0," "," ","0",0," "," ","0",0," "," ","0",0," "," ","0",0," "," ","0",5," "," ","0",0," "," ","0",0," "," ","0",0," "," ","0",0," "," ","0",0," "," ","0",0," "," ","0",102," "," ","0",23," "," ","0",0," "," ","0",0," "," ","0",0," "," ","0",13," "," ","0",48," "," ","0",102," "," ","0",36," "," ","0",104," "," ","0",0," "," ","0",NA," "," "," "
"1153","USC00359461",1982,6,"SNOW",0,"P"," ","0",0,"P"," ","0",0,"P"," ","0",0,"P"," ","0",0,"P"," ","0",0,"P"," ","0",0,"P"," ","0",0,"P"," ","0",0,"P"," ","0",0,"P"," ","0",0,"P"," ","0",0,"P"," ","0",0,"P"," ","0",0,"P"," ","0",0,"P"," ","0",0,"P"," ","0",0,"P"," ","0",0,"P"," ","0",0,"P"," ","0",0,"P"," ","0",0,"P"," ","0",0,"P"," ","0",0,"P"," ","0",0,"P"," ","0",0,"P"," ","0",0,"P"," ","0",0,"P"," ","0",0,"P"," ","0",0,"P"," ","0",0,"P"," ","0",NA," "," "," "
"1154","USC00359461",1982,6,"SNWD",0,"P"," ","0",0,"P"," ","0",0,"P"," ","0",0,"P"," ","0",0,"P"," ","0",0,"P"," ","0",0,"P"," ","0",0,"P"," ","0",0,"P"," ","0",0,"P"," ","0",0,"P"," ","0",0,"P"," ","0",0,"P"," ","0",0,"P"," ","0",0,"P"," ","0",0,"P"," ","0",0,"P"," ","0",0,"P"," ","0",0,"P"," ","0",0,"P"," ","0",0,"P"," ","0",0,"P"," ","0",0,"P"," ","0",0,"P"," ","0",0,"P"," ","0",0,"P"," ","0",0,"P"," ","0",0,"P"," ","0",0,"P"," ","0",0,"P"," ","0",NA," "," "," "
"1155","USC00359461",1982,7,"PRCP",0," "," ","0",13," "," ","0",23," "," ","0",0," "," ","0",15," "," ","0",0," "," ","0",0," "," ","0",0," "," ","0",0," "," ","0",0," "," ","0",0," "," ","0",0," "," ","0",0," "," ","0",8," "," ","0",0," "," ","0",0," "," ","0",0," "," ","0",0," "," ","0",0," "," ","0",0," "," ","0",0," "," ","0",0," "," ","0",0," "," ","0",0," "," ","0",0," "," ","0",0," "," ","0",0," "," ","0",0," "," ","0",0," "," ","0",0," "," ","0",0," "," ","0"
"1156","USC00359461",1982,7,"SNOW",0,"P"," ","0",0,"P"," ","0",0,"P"," ","0",0,"P"," ","0",0,"P"," ","0",0,"P"," ","0",0,"P"," ","0",0,"P"," ","0",0,"P"," ","0",0,"P"," ","0",0,"P"," ","0",0,"P"," ","0",0,"P"," ","0",0,"P"," ","0",0,"P"," ","0",0,"P"," ","0",0,"P"," ","0",0,"P"," ","0",0,"P"," ","0",0,"P"," ","0",0,"P"," ","0",0,"P"," ","0",0,"P"," ","0",0,"P"," ","0",0,"P"," ","0",0,"P"," ","0",0,"P"," ","0",0,"P"," ","0",0,"P"," ","0",0,"P"," ","0",0,"P"," ","0"
"1157","USC00359461",1982,7,"SNWD",0," "," ","0",0,"P"," ","0",0,"P"," ","0",0,"P"," ","0",0,"P"," ","0",0,"P"," ","0",0,"P"," ","0",0,"P"," ","0",0,"P"," ","0",0,"P"," ","0",0,"P"," ","0",0,"P"," ","0",0,"P"," ","0",0,"P"," ","0",0,"P"," ","0",0,"P"," ","0",0,"P"," ","0",0,"P"," ","0",0,"P"," ","0",0,"P"," ","0",0,"P"," ","0",0,"P"," ","0",0,"P"," ","0",0,"P"," ","0",0,"P"," ","0",0,"P"," ","0",0,"P"," ","0",0,"P"," ","0",0,"P"," ","0",0,"P"," ","0",0,"P"," ","0"
"1158","USC00359461",1982,8,"PRCP",0," "," ","0",0,"T"," ","0",0," "," ","0",0," "," ","0",0," "," ","0",0," "," ","0",0," "," ","0",0," "," ","0",0," "," ","0",0," "," ","0",28," "," ","0",0," "," ","0",0," "," ","0",0," "," ","0",0," "," ","0",0," "," ","0",0," "," ","0",0," "," ","0",0," "," ","0",0," "," ","0",0," "," ","0",0," "," ","0",0," "," ","0",0," "," ","0",0," "," ","0",0," "," ","0",0," "," ","0",0," "," ","0",102," "," ","0",69," "," ","0",0," "," ","0"
"1159","USC00359461",1982,8,"SNOW",0,"P"," ","0",0,"P"," ","0",0,"P"," ","0",0,"P"," ","0",0,"P"," ","0",0,"P"," ","0",0,"P"," ","0",0,"P"," ","0",0,"P"," ","0",0,"P"," ","0",0,"P"," ","0",0,"P"," ","0",0,"P"," ","0",0,"P"," ","0",0,"P"," ","0",0,"P"," ","0",0,"P"," ","0",0,"P"," ","0",0,"P"," ","0",0,"P"," ","0",0,"P"," ","0",0,"P"," ","0",0,"P"," ","0",0,"P"," ","0",0,"P"," ","0",0,"P"," ","0",0,"P"," ","0",0,"P"," ","0",0,"P"," ","0",0,"P"," ","0",0,"P"," ","0"
"1160","USC00359461",1982,8,"SNWD",0,"P"," ","0",0,"P"," ","0",0,"P"," ","0",0,"P"," ","0",0,"P"," ","0",0,"P"," ","0",0,"P"," ","0",0,"P"," ","0",0,"P"," ","0",0,"P"," ","0",0,"P"," ","0",0,"P"," ","0",0,"P"," ","0",0,"P"," ","0",0,"P"," ","0",0,"P"," ","0",0,"P"," ","0",0,"P"," ","0",0,"P"," ","0",0,"P"," ","0",0,"P"," ","0",0,"P"," ","0",0,"P"," ","0",0,"P"," ","0",0,"P"," ","0",0,"P"," ","0",0,"P"," ","0",0,"P"," ","0",0,"P"," ","0",0,"P"," ","0",0,"P"," ","0"
"1161","USC00359461",1982,9,"PRCP",0," "," ","0",0," "," ","0",0," "," ","0",0," "," ","0",0," "," ","0",0," "," ","0",0," "," ","0",0," "," ","0",0," "," ","0",15," "," ","0",0,"T"," ","0",3," "," ","0",3," "," ","0",0," "," ","0",0," "," ","0",0," "," ","0",0," "," ","0",3," "," ","0",269," "," ","0",10," "," ","0",0," "," ","0",0," "," ","0",0," "," ","0",5," "," ","0",0," "," ","0",53," "," ","0",89," "," ","0",28," "," ","0",56," "," ","0",0," "," ","0",NA," "," "," "
"1162","USC00359461",1982,9,"SNOW",0,"P"," ","0",0,"P"," ","0",0,"P"," ","0",0,"P"," ","0",0,"P"," ","0",0,"P"," ","0",0,"P"," ","0",0,"P"," ","0",0,"P"," ","0",0,"P"," ","0",0,"P"," ","0",0,"P"," ","0",0,"P"," ","0",0,"P"," ","0",0,"P"," ","0",0,"P"," ","0",0,"P"," ","0",0,"P"," ","0",0,"P"," ","0",0,"P"," ","0",0,"P"," ","0",0,"P"," ","0",0,"P"," ","0",0,"P"," ","0",0,"P"," ","0",0,"P"," ","0",0,"P"," ","0",0,"P"," ","0",0,"P"," ","0",0,"P"," ","0",NA," "," "," "
"1163","USC00359461",1982,9,"SNWD",0," "," ","0",0,"P"," ","0",0,"P"," ","0",0,"P"," ","0",0,"P"," ","0",0,"P"," ","0",0,"P"," ","0",0,"P"," ","0",0,"P"," ","0",0,"P"," ","0",0,"P"," ","0",0,"P"," ","0",0,"P"," ","0",0,"P"," ","0",0,"P"," ","0",0,"P"," ","0",0,"P"," ","0",0,"P"," ","0",0,"P"," ","0",0,"P"," ","0",0,"P"," ","0",0,"P"," ","0",0,"P"," ","0",0,"P"," ","0",0,"P"," ","0",0,"P"," ","0",0,"P"," ","0",0,"P"," ","0",0,"P"," ","0",0,"P"," ","0",NA," "," "," "
"1164","USC00359461",1982,10,"PRCP",0," "," ","0",0," "," ","0",51," "," ","0",3," "," ","0",0," "," ","0",3," "," ","0",168," "," ","0",13," "," ","0",0," "," ","0",0," "," ","0",0," "," ","0",0," "," ","0",0," "," ","0",0," "," ","0",0," "," ","0",0," "," ","0",8," "," ","0",0," "," ","0",0," "," ","0",0," "," ","0",58," "," ","0",51," "," ","0",686," "," ","0",5," "," ","0",13," "," ","0",69," "," ","0",41," "," ","0",0," "," ","0",102," "," ","0",28," "," ","0",0," "," ","0"
"1165","USC00359461",1982,10,"SNOW",0," "," ","0",0,"P"," ","0",0,"P"," ","0",0,"P"," ","0",0,"P"," ","0",0,"P"," ","0",0,"P"," ","0",0,"P"," ","0",0,"P"," ","0",0,"P"," ","0",0,"P"," ","0",0,"P"," ","0",0,"P"," ","0",0,"P"," ","0",0,"P"," ","0",0,"P"," ","0",0,"P"," ","0",0,"P"," ","0",0,"P"," ","0",0,"P"," ","0",0,"P"," ","0",0,"P"," ","0",0,"P"," ","0",0,"P"," ","0",0,"P"," ","0",0,"P"," ","0",0,"P"," ","0",0,"P"," ","0",0,"P"," ","0",0,"P"," ","0",0,"P"," ","0"
"1166","USC00359461",1982,10,"SNWD",0," "," ","0",0,"P"," ","0",0,"P"," ","0",0,"P"," ","0",0,"P"," ","0",0,"P"," ","0",0,"P"," ","0",0,"P"," ","0",0,"P"," ","0",0,"P"," ","0",0,"P"," ","0",0,"P"," ","0",0,"P"," ","0",0,"P"," ","0",0,"P"," ","0",0,"P"," ","0",0,"P"," ","0",0,"P"," ","0",0,"P"," ","0",0,"P"," ","0",0,"P"," ","0",0,"P"," ","0",0,"P"," ","0",0,"P"," ","0",0,"P"," ","0",0,"P"," ","0",0,"P"," ","0",0,"P"," ","0",0,"P"," ","0",0,"P"," ","0",0,"P"," ","0"
"1167","USC00359461",1982,11,"PRCP",0," "," ","0",0," "," ","0",0," "," ","0",0," "," ","0",0," "," ","0",41," "," ","0",74," "," ","0",41," "," ","0",10," "," ","0",0," "," ","0",0," "," ","0",0," "," ","0",0,"T"," ","0",0," "," ","0",0," "," ","0",10," "," ","0",69," "," ","0",196," "," ","0",170," "," ","0",74," "," ","0",64," "," ","0",18," "," ","0",0," "," ","0",0," "," ","0",0," "," ","0",0," "," ","0",5," "," ","0",112," "," ","0",170," "," ","0",198," "," ","0",NA," "," "," "
"1168","USC00359461",1982,11,"SNOW",0,"P"," ","0",0,"P"," ","0",0,"P"," ","0",0,"P"," ","0",0,"P"," ","0",0,"P"," ","0",0,"P"," ","0",0,"P"," ","0",0,"P"," ","0",0,"P"," ","0",0,"P"," ","0",0,"P"," ","0",0,"P"," ","0",0,"P"," ","0",0,"P"," ","0",0,"P"," ","0",0,"P"," ","0",0,"P"," ","0",0,"P"," ","0",0,"P"," ","0",0,"P"," ","0",0,"P"," ","0",0,"P"," ","0",0,"P"," ","0",0,"P"," ","0",0,"P"," ","0",0,"P"," ","0",0,"P"," ","0",0,"P"," ","0",0,"P"," ","0",NA," "," "," "
"1169","USC00359461",1982,11,"SNWD",0," "," ","0",0,"P"," ","0",0,"P"," ","0",0,"P"," ","0",0,"P"," ","0",0,"P"," ","0",0,"P"," ","0",0,"P"," ","0",0,"P"," ","0",0,"P"," ","0",0,"P"," ","0",0,"P"," ","0",0,"P"," ","0",0,"P"," ","0",0,"P"," ","0",0,"P"," ","0",0,"P"," ","0",0,"P"," ","0",0,"P"," ","0",0,"P"," ","0",0,"P"," ","0",0,"P"," ","0",0,"P"," ","0",0,"P"," ","0",0,"P"," ","0",0,"P"," ","0",0,"P"," ","0",0,"P"," ","0",0,"P"," ","0",0,"P"," ","0",NA," "," "," "
"1170","USC00359461",1982,12,"PRCP",124," "," ","0",64," "," ","0",51," "," ","0",135," "," ","0",46," "," ","0",51," "," ","0",23," "," ","0",0,"T"," ","0",0," "," ","0",0," "," ","0",0," "," ","0",0," "," ","0",160," "," ","0",99," "," ","0",86," "," ","0",376," "," ","0",241," "," ","0",165," "," ","0",38," "," ","0",51," "," ","0",107," "," ","0",104," "," ","0",76," "," ","0",61," "," ","0",0," "," ","0",33," "," ","0",5," "," ","0",0," "," ","0",0," "," ","0",0," "," ","0",0," "," ","0"
"1171","USC00359461",1982,12,"SNOW",0,"P"," ","0",0,"P"," ","0",0,"P"," ","0",0,"P"," ","0",0,"P"," ","0",0,"P"," ","0",0,"P"," ","0",0,"P"," ","0",0,"P"," ","0",0,"P"," ","0",0,"P"," ","0",0,"P"," ","0",0,"P"," ","0",0,"P"," ","0",0,"P"," ","0",0,"P"," ","0",0,"P"," ","0",0,"P"," ","0",0,"P"," ","0",0,"P"," ","0",0,"P"," ","0",0,"P"," ","0",0,"P"," ","0",0,"P"," ","0",0,"P"," ","0",0,"P"," ","0",0,"P"," ","0",0,"P"," ","0",0,"P"," ","0",0,"P"," ","0",0,"P"," ","0"
"1172","USC00359461",1982,12,"SNWD",0,"P"," ","0",0,"P"," ","0",0,"P"," ","0",0,"P"," ","0",0,"P"," ","0",0,"P"," ","0",0,"P"," ","0",0,"P"," ","0",0,"P"," ","0",0,"P"," ","0",0,"P"," ","0",0,"P"," ","0",0,"P"," ","0",0,"P"," ","0",0,"P"," ","0",0,"P"," ","0",0,"P"," ","0",0,"P"," ","0",0,"P"," ","0",0,"P"," ","0",0,"P"," ","0",0,"P"," ","0",0,"P"," ","0",0,"P"," ","0",0,"P"," ","0",0,"P"," ","0",0,"P"," ","0",0,"P"," ","0",0,"P"," ","0",0,"P"," ","0",0,"P"," ","0"
"1173","USC00359461",1983,1,"PRCP",0," "," ","0",5," "," ","0",61," "," ","0",193," "," ","0",3," "," ","0",0," "," ","0",43," "," ","0",15," "," ","0",3," "," ","0",0," "," ","0",0," "," ","0",0," "," ","0",0," "," ","0",0," "," ","0",0," "," ","0",41," "," ","0",3," "," ","0",8," "," ","0",122," "," ","0",20," "," ","0",28," "," ","0",18," "," ","0",213," "," ","0",61," "," ","0",0," "," ","0",145," "," ","0",107," "," ","0",8," "," ","0",0," "," ","0",0," "," ","0",5," "," ","0"
"1174","USC00359461",1983,1,"SNOW",0,"P"," ","0",0,"P"," ","0",0,"P"," ","0",0,"P"," ","0",0,"P"," ","0",0,"P"," ","0",0,"P"," ","0",0,"P"," ","0",0,"P"," ","0",0,"P"," ","0",0,"P"," ","0",0,"P"," ","0",0,"P"," ","0",0,"P"," ","0",0,"P"," ","0",0,"P"," ","0",0,"P"," ","0",0,"P"," ","0",0,"P"," ","0",0,"P"," ","0",0,"P"," ","0",0,"P"," ","0",0,"P"," ","0",0,"P"," ","0",0,"P"," ","0",0,"P"," ","0",0,"P"," ","0",0,"P"," ","0",0,"P"," ","0",0,"P"," ","0",0,"P"," ","0"
"1175","USC00359461",1983,1,"SNWD",0,"P"," ","0",0,"P"," ","0",0,"P"," ","0",0,"P"," ","0",0,"P"," ","0",0,"P"," ","0",0,"P"," ","0",0,"P"," ","0",0,"P"," ","0",0,"P"," ","0",0,"P"," ","0",0,"P"," ","0",0,"P"," ","0",0,"P"," ","0",0,"P"," ","0",0,"P"," ","0",0,"P"," ","0",0,"P"," ","0",0,"P"," ","0",0,"P"," ","0",0,"P"," ","0",0,"P"," ","0",0,"P"," ","0",0,"P"," ","0",0,"P"," ","0",0,"P"," ","0",0,"P"," ","0",0,"P"," ","0",0,"P"," ","0",0,"P"," ","0",0,"P"," ","0"
"1176","USC00359461",1983,2,"PRCP",0," "," ","0",0," "," ","0",0," "," ","0",0," "," ","0",0," "," ","0",3," "," ","0",145," "," ","0",25," "," ","0",191," "," ","0",157," "," ","0",36," "," ","0",206," "," ","0",56," "," ","0",20," "," ","0",69," "," ","0",13," "," ","0",145," "," ","0",749," "," ","0",30," "," ","0",25," "," ","0",170," "," ","0",71," "," ","0",8," "," ","0",109," "," ","0",8," "," ","0",132," "," ","0",28," "," ","0",8," "," ","0",NA," "," "," ",NA," "," "," ",NA," "," "," "
"1177","USC00359461",1983,2,"SNOW",0,"P"," ","0",0,"P"," ","0",0,"P"," ","0",0,"P"," ","0",0,"P"," ","0",0,"P"," ","0",0,"P"," ","0",0,"P"," ","0",0,"P"," ","0",0,"P"," ","0",0,"P"," ","0",0,"P"," ","0",0,"P"," ","0",0,"P"," ","0",0,"P"," ","0",0,"P"," ","0",0,"P"," ","0",0,"P"," ","0",0,"P"," ","0",0,"P"," ","0",0,"P"," ","0",0,"P"," ","0",0,"P"," ","0",0,"P"," ","0",0,"P"," ","0",0,"P"," ","0",0,"P"," ","0",0,"P"," ","0",NA," "," "," ",NA," "," "," ",NA," "," "," "
"1178","USC00359461",1983,2,"SNWD",0," "," ","0",0,"P"," ","0",0,"P"," ","0",0,"P"," ","0",0,"P"," ","0",0,"P"," ","0",0,"P"," ","0",0,"P"," ","0",0,"P"," ","0",0,"P"," ","0",0,"P"," ","0",0,"P"," ","0",0,"P"," ","0",0,"P"," ","0",0,"P"," ","0",0,"P"," ","0",0,"P"," ","0",0,"P"," ","0",0,"P"," ","0",0,"P"," ","0",0,"P"," ","0",0,"P"," ","0",0,"P"," ","0",0,"P"," ","0",0,"P"," ","0",0,"P"," ","0",0,"P"," ","0",0,"P"," ","0",NA," "," "," ",NA," "," "," ",NA," "," "," "
"1179","USC00359461",1983,3,"PRCP",36," "," ","0",56," "," ","0",13," "," ","0",0,"T"," ","0",64," "," ","0",69," "," ","0",NA," "," "," ",33," "," ","0",25," "," ","0",244," "," ","0",13," "," ","0",135," "," ","0",137," "," ","0",130," "," ","0",155," "," ","0",3," "," ","0",5," "," ","0",0," "," ","0",0," "," ","0",0,"P"," ","0",23," "," ","0",33," "," ","0",107," "," ","0",46," "," ","0",46," "," ","0",5," "," ","0",81," "," ","0",30," "," ","0",30," "," ","0",411," "," ","0",102," "," ","0"
"1180","USC00359461",1983,3,"SNOW",0,"P"," ","0",0,"P"," ","0",0,"P"," ","0",0,"P"," ","0",0,"P"," ","0",0,"P"," ","0",NA," "," "," ",0,"P"," ","0",0,"P"," ","0",0,"P"," ","0",0,"P"," ","0",0,"P"," ","0",0,"P"," ","0",0,"P"," ","0",0,"P"," ","0",0,"P"," ","0",0,"P"," ","0",0,"P"," ","0",0,"P"," ","0",0,"P"," ","0",0,"P"," ","0",0,"P"," ","0",0,"P"," ","0",0,"P"," ","0",0,"P"," ","0",0,"P"," ","0",0,"P"," ","0",0,"P"," ","0",0,"P"," ","0",0,"P"," ","0",0,"P"," ","0"
"1181","USC00359461",1983,3,"SNWD",0," "," ","0",0,"P"," ","0",0,"P"," ","0",0,"P"," ","0",0,"P"," ","0",0,"P"," ","0",NA," "," "," ",NA," "," "," ",NA," "," "," ",NA," "," "," ",NA," "," "," ",NA," "," "," ",NA," "," "," ",NA," "," "," ",NA," "," "," ",NA," "," "," ",NA," "," "," ",NA," "," "," ",NA," "," "," ",NA," "," "," ",NA," "," "," ",NA," "," "," ",NA," "," "," ",NA," "," "," ",NA," "," "," ",NA," "," "," ",NA," "," "," ",NA," "," "," ",NA," "," "," ",NA," "," "," ",NA," "," "," "
"1182","USC00359461",1983,4,"PRCP",53," "," ","0",127," "," ","0",97," "," ","0",25," "," ","0",0,"T"," ","0",0," "," ","0",0," "," ","0",0," "," ","0",10," "," ","0",38," "," ","0",46," "," ","0",0," "," ","0",0," "," ","0",0," "," ","0",0," "," ","0",0," "," ","0",0," "," ","0",0," "," ","0",109," "," ","0",41," "," ","0",8," "," ","0",0," "," ","0",74," "," ","0",69," "," ","0",30," "," ","0",15," "," ","0",0," "," ","0",5," "," ","0",188," "," ","0",0,"T"," ","0",NA," "," "," "
"1183","USC00359461",1983,4,"SNOW",0,"P"," ","0",0,"P"," ","0",0,"P"," ","0",0,"P"," ","0",0,"P"," ","0",0,"P"," ","0",0,"P"," ","0",0,"P"," ","0",0,"P"," ","0",0,"P"," ","0",0,"P"," ","0",0,"P"," ","0",0,"P"," ","0",0,"P"," ","0",0,"P"," ","0",0,"P"," ","0",0,"P"," ","0",0,"P"," ","0",0,"P"," ","0",0,"P"," ","0",0,"P"," ","0",0,"P"," ","0",0,"P"," ","0",0,"P"," ","0",0,"P"," ","0",0,"P"," ","0",0,"P"," ","0",0,"P"," ","0",0,"P"," ","0",0,"P"," ","0",NA," "," "," "
"1184","USC00359461",1983,4,"SNWD",0," "," ","0",0,"P"," ","0",0,"P"," ","0",0,"P"," ","0",0,"P"," ","0",0,"P"," ","0",0,"P"," ","0",0,"P"," ","0",0,"P"," ","0",0,"P"," ","0",0,"P"," ","0",0,"P"," ","0",0,"P"," ","0",0,"P"," ","0",0,"P"," ","0",0,"P"," ","0",0,"P"," ","0",0,"P"," ","0",0,"P"," ","0",0,"P"," ","0",0,"P"," ","0",0,"P"," ","0",0,"P"," ","0",0,"P"," ","0",0,"P"," ","0",0,"P"," ","0",0,"P"," ","0",0,"P"," ","0",0,"P"," ","0",0,"P"," ","0",NA," "," "," "
"1185","USC00359461",1983,5,"PRCP",3," "," ","0",0," "," ","0",0," "," ","0",0," "," ","0",0," "," ","0",15," "," ","0",51," "," ","0",117," "," ","0",163," "," ","0",38," "," ","0",0," "," ","0",0," "," ","0",0," "," ","0",0," "," ","0",33," "," ","0",18," "," ","0",3," "," ","0",0," "," ","0",0," "," ","0",0," "," ","0",0," "," ","0",0," "," ","0",0," "," ","0",0," "," ","0",0," "," ","0",0," "," ","0",0," "," ","0",0," "," ","0",0," "," ","0",0," "," ","0",28," "," ","0"
"1186","USC00359461",1983,5,"SNOW",0,"P"," ","0",0,"P"," ","0",0,"P"," ","0",0,"P"," ","0",0,"P"," ","0",0,"P"," ","0",0,"P"," ","0",0,"P"," ","0",0,"P"," ","0",0,"P"," ","0",0,"P"," ","0",0,"P"," ","0",0,"P"," ","0",0,"P"," ","0",0,"P"," ","0",0,"P"," ","0",0,"P"," ","0",0,"P"," ","0",0,"P"," ","0",0,"P"," ","0",0,"P"," ","0",0,"P"," ","0",0,"P"," ","0",0,"P"," ","0",0,"P"," ","0",0,"P"," ","0",0,"P"," ","0",0,"P"," ","0",0,"P"," ","0",0,"P"," ","0",0,"P"," ","0"
"1187","USC00359461",1983,5,"SNWD",0," "," ","0",0,"P"," ","0",0,"P"," ","0",0,"P"," ","0",0,"P"," ","0",0,"P"," ","0",0,"P"," ","0",0,"P"," ","0",0,"P"," ","0",0,"P"," ","0",0,"P"," ","0",0,"P"," ","0",0,"P"," ","0",0,"P"," ","0",0,"P"," ","0",0,"P"," ","0",0,"P"," ","0",0,"P"," ","0",0,"P"," ","0",0,"P"," ","0",0,"P"," ","0",0,"P"," ","0",0,"P"," ","0",0,"P"," ","0",0,"P"," ","0",0,"P"," ","0",0,"P"," ","0",0,"P"," ","0",0,"P"," ","0",0,"P"," ","0",0,"P"," ","0"
"1188","USC00359461",1983,6,"PRCP",10," "," ","0",5," "," ","0",0," "," ","0",0," "," ","0",0," "," ","0",0," "," ","0",0," "," ","0",0," "," ","0",0," "," ","0",38," "," ","0",61," "," ","0",0," "," ","0",0," "," ","0",0," "," ","0",8," "," ","0",0," "," ","0",0," "," ","0",30," "," ","0",10," "," ","0",0,"T"," ","0",0," "," ","0",0," "," ","0",0," "," ","0",0," "," ","0",0," "," ","0",0," "," ","0",0," "," ","0",0," "," ","0",0," "," ","0",0," "," ","0",NA," "," "," "
"1189","USC00359461",1983,6,"SNOW",0,"P"," ","0",0,"P"," ","0",0,"P"," ","0",0,"P"," ","0",0,"P"," ","0",0,"P"," ","0",0,"P"," ","0",0,"P"," ","0",0,"P"," ","0",0,"P"," ","0",0,"P"," ","0",0,"P"," ","0",0,"P"," ","0",0,"P"," ","0",0,"P"," ","0",0,"P"," ","0",0,"P"," ","0",0,"P"," ","0",0,"P"," ","0",0,"P"," ","0",0,"P"," ","0",0,"P"," ","0",0,"P"," ","0",0,"P"," ","0",0,"P"," ","0",0,"P"," ","0",0,"P"," ","0",0,"P"," ","0",0,"P"," ","0",0,"P"," ","0",NA," "," "," "
"1190","USC00359461",1983,6,"SNWD",0,"P"," ","0",0,"P"," ","0",0,"P"," ","0",0,"P"," ","0",0,"P"," ","0",0,"P"," ","0",0,"P"," ","0",0,"P"," ","0",0,"P"," ","0",0,"P"," ","0",0,"P"," ","0",0,"P"," ","0",0,"P"," ","0",0,"P"," ","0",0,"P"," ","0",0,"P"," ","0",0,"P"," ","0",0,"P"," ","0",0,"P"," ","0",0,"P"," ","0",0,"P"," ","0",0,"P"," ","0",0,"P"," ","0",0,"P"," ","0",0,"P"," ","0",0,"P"," ","0",0,"P"," ","0",0,"P"," ","0",0,"P"," ","0",0,"P"," ","0",NA," "," "," "
"1191","USC00359461",1983,7,"PRCP",178," "," ","0",38," "," ","0",15," "," ","0",0," "," ","0",0," "," ","0",0," "," ","0",3," "," ","0",84," "," ","0",30," "," ","0",0," "," ","0",0," "," ","0",0," "," ","0",0," "," ","0",0," "," ","0",0," "," ","0",0," "," ","0",8," "," ","0",0," "," ","0",56," "," ","0",8," "," ","0",0," "," ","0",0," "," ","0",0," "," ","0",0," "," ","0",0," "," ","0",0," "," ","0",0," "," ","0",0," "," ","0",0," "," ","0",0," "," ","0",0," "," ","0"
"1192","USC00359461",1983,7,"SNOW",0,"P"," ","0",0,"P"," ","0",0,"P"," ","0",0,"P"," ","0",0,"P"," ","0",0,"P"," ","0",0,"P"," ","0",0,"P"," ","0",0,"P"," ","0",0,"P"," ","0",0,"P"," ","0",0,"P"," ","0",0,"P"," ","0",0,"P"," ","0",0,"P"," ","0",0,"P"," ","0",0,"P"," ","0",0,"P"," ","0",0,"P"," ","0",0,"P"," ","0",0,"P"," ","0",0,"P"," ","0",0,"P"," ","0",0,"P"," ","0",0,"P"," ","0",0,"P"," ","0",0,"P"," ","0",0,"P"," ","0",0,"P"," ","0",0,"P"," ","0",0,"P"," ","0"
"1193","USC00359461",1983,7,"SNWD",0," "," ","0",0,"P"," ","0",0,"P"," ","0",0,"P"," ","0",0,"P"," ","0",0,"P"," ","0",0,"P"," ","0",0,"P"," ","0",0,"P"," ","0",0,"P"," ","0",0,"P"," ","0",0,"P"," ","0",0,"P"," ","0",0,"P"," ","0",0,"P"," ","0",0,"P"," ","0",0,"P"," ","0",0,"P"," ","0",0,"P"," ","0",0,"P"," ","0",0,"P"," ","0",0,"P"," ","0",0,"P"," ","0",0,"P"," ","0",0,"P"," ","0",0,"P"," ","0",0,"P"," ","0",0,"P"," ","0",0,"P"," ","0",0,"P"," ","0",0,"P"," ","0"
"1194","USC00359461",1983,8,"PRCP",0," "," ","0",0," "," ","0",0," "," ","0",0," "," ","0",0," "," ","0",0," "," ","0",0," "," ","0",0," "," ","0",0," "," ","0",0," "," ","0",0," "," ","0",0," "," ","0",0," "," ","0",0," "," ","0",0," "," ","0",0," "," ","0",0," "," ","0",0," "," ","0",0," "," ","0",0," "," ","0",0," "," ","0",0," "," ","0",0," "," ","0",0," "," ","0",0," "," ","0",0," "," ","0",0," "," ","0",0," "," ","0",163," "," ","0",234," "," ","0",46," "," ","0"
"1195","USC00359461",1983,8,"SNOW",0,"P"," ","0",0,"P"," ","0",0,"P"," ","0",0,"P"," ","0",0,"P"," ","0",0,"P"," ","0",0,"P"," ","0",0,"P"," ","0",0,"P"," ","0",0,"P"," ","0",0,"P"," ","0",0,"P"," ","0",0,"P"," ","0",0,"P"," ","0",0,"P"," ","0",0,"P"," ","0",0,"P"," ","0",0,"P"," ","0",0,"P"," ","0",0,"P"," ","0",0,"P"," ","0",0,"P"," ","0",0,"P"," ","0",0,"P"," ","0",0,"P"," ","0",0,"P"," ","0",0,"P"," ","0",0,"P"," ","0",0,"P"," ","0",0,"P"," ","0",0,"P"," ","0"
"1196","USC00359461",1983,8,"SNWD",0," "," ","0",0,"P"," ","0",0,"P"," ","0",0,"P"," ","0",0,"P"," ","0",0,"P"," ","0",0,"P"," ","0",0,"P"," ","0",0,"P"," ","0",0,"P"," ","0",0,"P"," ","0",0,"P"," ","0",0,"P"," ","0",0,"P"," ","0",0,"P"," ","0",0,"P"," ","0",0,"P"," ","0",0,"P"," ","0",0,"P"," ","0",0,"P"," ","0",0,"P"," ","0",0,"P"," ","0",0,"P"," ","0",0,"P"," ","0",0,"P"," ","0",0,"P"," ","0",0,"P"," ","0",0,"P"," ","0",0,"P"," ","0",0,"P"," ","0",0,"P"," ","0"
"1197","USC00359461",1983,9,"PRCP",66," "," ","0",20," "," ","0",0,"T"," ","0",0," "," ","0",0," "," ","0",0," "," ","0",0,"T"," ","0",0," "," ","0",0,"T"," ","0",0," "," ","0",0," "," ","0",0," "," ","0",0," "," ","0",0," "," ","0",0," "," ","0",0," "," ","0",0," "," ","0",0," "," ","0",0," "," ","0",0," "," ","0",0," "," ","0",8," "," ","0",18," "," ","0",0,"T"," ","0",0," "," ","0",0," "," ","0",10," "," ","0",0," "," ","0",0," "," ","0",0," "," ","0",NA," "," "," "
"1198","USC00359461",1983,9,"SNOW",0,"P"," ","0",0,"P"," ","0",0,"P"," ","0",0,"P"," ","0",0,"P"," ","0",0,"P"," ","0",0,"P"," ","0",0,"P"," ","0",0,"P"," ","0",0,"P"," ","0",0,"P"," ","0",0,"P"," ","0",0,"P"," ","0",0,"P"," ","0",0,"P"," ","0",0,"P"," ","0",0,"P"," ","0",0,"P"," ","0",0,"P"," ","0",0,"P"," ","0",0,"P"," ","0",0,"P"," ","0",0,"P"," ","0",0,"P"," ","0",0,"P"," ","0",0,"P"," ","0",0,"P"," ","0",0,"P"," ","0",0,"P"," ","0",0,"P"," ","0",NA," "," "," "
"1199","USC00359461",1983,9,"SNWD",0," "," ","0",0,"P"," ","0",0,"P"," ","0",0,"P"," ","0",0,"P"," ","0",0,"P"," ","0",0,"P"," ","0",0,"P"," ","0",0,"P"," ","0",0,"P"," ","0",0,"P"," ","0",0,"P"," ","0",0,"P"," ","0",0,"P"," ","0",0,"P"," ","0",0,"P"," ","0",0,"P"," ","0",0,"P"," ","0",0,"P"," ","0",0,"P"," ","0",0,"P"," ","0",0,"P"," ","0",0,"P"," ","0",0,"P"," ","0",0,"P"," ","0",0,"P"," ","0",0,"P"," ","0",0,"P"," ","0",0,"P"," ","0",0,"P"," ","0",NA," "," "," "
"1200","USC00359461",1983,10,"PRCP",0," "," ","0",0," "," ","0",0," "," ","0",0," "," ","0",0," "," ","0",0," "," ","0",0," "," ","0",0," "," ","0",8," "," ","0",33," "," ","0",3," "," ","0",0," "," ","0",0," "," ","0",8," "," ","0",0," "," ","0",0," "," ","0",0," "," ","0",3," "," ","0",0," "," ","0",0," "," ","0",0," "," ","0",10," "," ","0",99," "," ","0",0,"T"," ","0",0," "," ","0",0," "," ","0",0," "," ","0",0," "," ","0",0," "," ","0",53," "," ","0",152," "," ","0"
"1201","USC00359461",1983,10,"SNOW",0,"P"," ","0",0,"P"," ","0",0,"P"," ","0",0,"P"," ","0",0,"P"," ","0",0,"P"," ","0",0,"P"," ","0",0,"P"," ","0",0,"P"," ","0",0,"P"," ","0",0,"P"," ","0",0,"P"," ","0",0,"P"," ","0",0,"P"," ","0",0,"P"," ","0",0,"P"," ","0",0,"P"," ","0",0,"P"," ","0",0,"P"," ","0",0,"P"," ","0",0,"P"," ","0",0,"P"," ","0",0,"P"," ","0",0,"P"," ","0",0,"P"," ","0",0,"P"," ","0",0,"P"," ","0",0,"P"," ","0",0,"P"," ","0",0,"P"," ","0",0,"P"," ","0"
"1202","USC00359461",1983,10,"SNWD",0,"P"," ","0",0,"P"," ","0",0,"P"," ","0",0,"P"," ","0",0,"P"," ","0",0,"P"," ","0",0,"P"," ","0",0,"P"," ","0",0,"P"," ","0",0,"P"," ","0",0,"P"," ","0",0,"P"," ","0",0,"P"," ","0",0,"P"," ","0",0,"P"," ","0",0,"P"," ","0",0,"P"," ","0",0,"P"," ","0",0,"P"," ","0",0,"P"," ","0",0,"P"," ","0",0,"P"," ","0",0,"P"," ","0",0,"P"," ","0",0,"P"," ","0",0,"P"," ","0",0,"P"," ","0",0,"P"," ","0",0,"P"," ","0",0,"P"," ","0",0,"P"," ","0"
"1203","USC00359461",1983,11,"PRCP",66," "," ","0",3," "," ","0",18," "," ","0",127," "," ","0",0," "," ","0",142," "," ","0",15," "," ","0",0,"T"," ","0",53," "," ","0",0,"T"," ","0",206," "," ","0",71," "," ","0",351," "," ","0",81," "," ","0",5," "," ","0",58," "," ","0",274," "," ","0",239," "," ","0",51," "," ","0",188," "," ","0",81," "," ","0",20," "," ","0",84," "," ","0",239," "," ","0",251," "," ","0",33," "," ","0",8," "," ","0",5," "," ","0",0," "," ","0",0," "," ","0",NA," "," "," "
"1204","USC00359461",1983,11,"SNOW",0,"P"," ","0",0,"P"," ","0",0,"P"," ","0",0,"P"," ","0",0,"P"," ","0",0,"P"," ","0",0,"P"," ","0",0,"P"," ","0",0,"P"," ","0",0,"P"," ","0",0,"P"," ","0",0,"P"," ","0",0,"P"," ","0",0,"P"," ","0",0,"P"," ","0",0,"P"," ","0",0,"P"," ","0",0,"P"," ","0",0,"P"," ","0",0,"P"," ","0",0,"P"," ","0",0,"P"," ","0",0,"P"," ","0",0,"P"," ","0",0,"P"," ","0",0,"P"," ","0",0,"P"," ","0",0,"P"," ","0",0,"P"," ","0",0,"P"," ","0",NA," "," "," "
"1205","USC00359461",1983,11,"SNWD",0,"P"," ","0",0,"P"," ","0",0,"P"," ","0",0,"P"," ","0",0,"P"," ","0",0,"P"," ","0",0,"P"," ","0",0,"P"," ","0",0,"P"," ","0",0,"P"," ","0",0,"P"," ","0",0,"P"," ","0",0,"P"," ","0",0,"P"," ","0",0,"P"," ","0",0,"P"," ","0",0,"P"," ","0",0,"P"," ","0",0,"P"," ","0",0,"P"," ","0",0,"P"," ","0",0,"P"," ","0",0,"P"," ","0",0,"P"," ","0",0,"P"," ","0",0,"P"," ","0",0,"P"," ","0",0,"P"," ","0",0,"P"," ","0",0,"P"," ","0",NA," "," "," "
"1206","USC00359461",1983,12,"PRCP",104," "," ","0",64," "," ","0",20," "," ","0",48," "," ","0",66," "," ","0",224," "," ","0",277," "," ","0",94," "," ","0",15," "," ","0",64," "," ","0",10," "," ","0",89," "," ","0",43," "," ","0",145," "," ","0",84," "," ","0",0,"T"," ","0",20," "," ","0",0," "," ","0",76," "," ","0",13," "," ","0",20," "," ","0",3," "," ","0",0," "," ","0",142," "," ","0",71," "," ","0",5," "," ","0",5," "," ","0",0," "," ","0",61," "," ","0",155," "," ","0",30," "," ","0"
"1207","USC00359461",1983,12,"SNOW",0,"P"," ","0",0,"P"," ","0",0,"P"," ","0",0,"P"," ","0",0,"P"," ","0",0,"P"," ","0",0,"P"," ","0",0,"P"," ","0",0,"P"," ","0",0,"P"," ","0",0,"P"," ","0",0,"P"," ","0",0,"P"," ","0",0,"P"," ","0",0,"P"," ","0",0,"P"," ","0",0,"P"," ","0",0,"P"," ","0",0,"P"," ","0",0,"P"," ","0",0,"T"," ","0",0,"T"," ","0",0,"P"," ","0",0,"P"," ","0",51," "," ","0",0,"T"," ","0",0,"P"," ","0",0,"P"," ","0",0,"P"," ","0",0,"P"," ","0",0,"P"," ","0"
"1208","USC00359461",1983,12,"SNWD",0," "," ","0",0,"P"," ","0",0,"P"," ","0",0,"P"," ","0",0,"P"," ","0",0,"P"," ","0",0,"P"," ","0",0,"P"," ","0",0,"P"," ","0",0,"P"," ","0",0,"P"," ","0",0,"P"," ","0",0,"P"," ","0",0,"P"," ","0",0,"P"," ","0",0,"P"," ","0",0,"P"," ","0",0,"P"," ","0",0,"P"," ","0",0,"P"," ","0",0,"T"," ","0",0,"T"," ","0",0,"P"," ","0",0,"P"," ","0",51," "," ","0",51," "," ","0",51," "," ","0",25," "," ","0",25," "," ","0",0," "," ","0",0,"P"," ","0"
"1209","USC00359461",1984,1,"PRCP",0," "," ","0",0," "," ","0",0," "," ","0",3," "," ","0",3," "," ","0",0," "," ","0",0," "," ","0",8," "," ","0",0," "," ","0",43," "," ","0",43," "," ","0",3," "," ","0",0," "," ","0",0," "," ","0",3," "," ","0",0," "," ","0",0," "," ","0",0," "," ","0",15," "," ","0",5," "," ","0",58," "," ","0",23," "," ","0",15," "," ","0",3," "," ","0",10," "," ","0",8," "," ","0",0," "," ","0",3," "," ","0",0," "," ","0",0," "," ","0",0," "," ","0"
"1210","USC00359461",1984,1,"SNOW",0,"P"," ","0",0,"P"," ","0",0,"P"," ","0",0,"P"," ","0",0,"P"," ","0",0,"P"," ","0",0,"P"," ","0",0,"P"," ","0",0,"P"," ","0",0,"P"," ","0",0,"P"," ","0",0,"P"," ","0",0,"P"," ","0",0,"P"," ","0",0,"P"," ","0",0,"P"," ","0",0,"P"," ","0",0,"P"," ","0",0,"P"," ","0",0,"P"," ","0",0,"P"," ","0",0,"P"," ","0",0,"P"," ","0",0,"P"," ","0",0,"P"," ","0",0,"P"," ","0",0,"P"," ","0",0,"P"," ","0",0,"P"," ","0",0,"P"," ","0",0,"P"," ","0"
"1211","USC00359461",1984,1,"SNWD",0,"P"," ","0",0,"P"," ","0",0,"P"," ","0",0,"P"," ","0",0,"P"," ","0",0,"P"," ","0",0,"P"," ","0",0,"P"," ","0",0,"P"," ","0",0,"P"," ","0",0,"P"," ","0",0,"P"," ","0",0,"P"," ","0",0,"P"," ","0",0,"P"," ","0",0,"P"," ","0",0,"P"," ","0",0,"P"," ","0",0,"P"," ","0",0,"P"," ","0",0,"P"," ","0",0,"P"," ","0",0,"P"," ","0",0,"P"," ","0",0,"P"," ","0",0,"P"," ","0",0,"P"," ","0",0,"P"," ","0",0,"P"," ","0",0,"P"," ","0",0,"P"," ","0"
"1212","USC00359461",1984,2,"PRCP",3," "," ","0",0," "," ","0",0," "," ","0",0," "," ","0",0," "," ","0",20," "," ","0",0," "," ","0",5," "," ","0",30," "," ","0",48," "," ","0",56," "," ","0",25," "," ","0",711," "," ","0",127," "," ","0",79," "," ","0",119," "," ","0",3," "," ","0",5," "," ","0",5," "," ","0",25," "," ","0",259," "," ","0",23," "," ","0",0," "," ","0",97," "," ","0",216," "," ","0",0," "," ","0",0," "," ","0",0," "," ","0",3," "," ","0",NA," "," "," ",NA," "," "," "
"1213","USC00359461",1984,2,"SNOW",0," "," ","0",0,"P"," ","0",0,"P"," ","0",0,"P"," ","0",0,"P"," ","0",0,"P"," ","0",0,"P"," ","0",0,"P"," ","0",0,"P"," ","0",0,"P"," ","0",0,"P"," ","0",0,"P"," ","0",0,"P"," ","0",0,"P"," ","0",0,"P"," ","0",0,"P"," ","0",0,"P"," ","0",0,"P"," ","0",0,"P"," ","0",0,"P"," ","0",0,"P"," ","0",0,"P"," ","0",0,"P"," ","0",0,"P"," ","0",0,"P"," ","0",0,"P"," ","0",0,"P"," ","0",0,"P"," ","0",0,"P"," ","0",NA," "," "," ",NA," "," "," "
"1214","USC00359461",1984,2,"SNWD",0," "," ","0",0,"P"," ","0",0,"P"," ","0",0,"P"," ","0",0,"P"," ","0",0,"P"," ","0",0,"P"," ","0",0,"P"," ","0",0,"P"," ","0",0,"P"," ","0",0,"P"," ","0",0,"P"," ","0",0,"P"," ","0",0,"P"," ","0",0,"P"," ","0",0,"P"," ","0",0,"P"," ","0",0,"P"," ","0",0,"P"," ","0",0,"P"," ","0",0,"P"," ","0",0,"P"," ","0",0,"P"," ","0",0,"P"," ","0",0,"P"," ","0",0,"P"," ","0",0,"P"," ","0",0,"P"," ","0",0,"P"," ","0",NA," "," "," ",NA," "," "," "
"1215","USC00359461",1984,3,"PRCP",48," "," ","0",56," "," ","0",0," "," ","0",0," "," ","0",0," "," ","0",0," "," ","0",0," "," ","0",0," "," ","0",3," "," ","0",28," "," ","0",0," "," ","0",28," "," ","0",117," "," ","0",170," "," ","0",8," "," ","0",71," "," ","0",203," "," ","0",13," "," ","0",18," "," ","0",8," "," ","0",38," "," ","0",20," "," ","0",0," "," ","0",18," "," ","0",13," "," ","0",122," "," ","0",5," "," ","0",20," "," ","0",20," "," ","0",0,"T"," ","0",112," "," ","0"
"1216","USC00359461",1984,3,"SNOW",0,"P"," ","0",0,"P"," ","0",0,"P"," ","0",0,"P"," ","0",0,"P"," ","0",0,"P"," ","0",0,"P"," ","0",0,"P"," ","0",0,"P"," ","0",0,"P"," ","0",0,"P"," ","0",0,"P"," ","0",0,"P"," ","0",0,"P"," ","0",0,"P"," ","0",0,"P"," ","0",0,"P"," ","0",0,"P"," ","0",0,"P"," ","0",0,"P"," ","0",0,"P"," ","0",0,"P"," ","0",0,"P"," ","0",0,"P"," ","0",0,"P"," ","0",0,"P"," ","0",0,"P"," ","0",0,"P"," ","0",0,"P"," ","0",0,"P"," ","0",0,"P"," ","0"
"1217","USC00359461",1984,3,"SNWD",0," "," ","0",0,"P"," ","0",0,"P"," ","0",0,"P"," ","0",0,"P"," ","0",0,"P"," ","0",0,"P"," ","0",0,"P"," ","0",0,"P"," ","0",0,"P"," ","0",0,"P"," ","0",0,"P"," ","0",0,"P"," ","0",0,"P"," ","0",0,"P"," ","0",0,"P"," ","0",0,"P"," ","0",0,"P"," ","0",0,"P"," ","0",0,"P"," ","0",0,"P"," ","0",0,"P"," ","0",0,"P"," ","0",0,"P"," ","0",0,"P"," ","0",0,"P"," ","0",0,"P"," ","0",0,"P"," ","0",0,"P"," ","0",0,"P"," ","0",0,"P"," ","0"
"1218","USC00359461",1984,4,"PRCP",33," "," ","0",10," "," ","0",3," "," ","0",8," "," ","0",20," "," ","0",18," "," ","0",0," "," ","0",330," "," ","0",56," "," ","0",160," "," ","0",28," "," ","0",20," "," ","0",3," "," ","0",0," "," ","0",0," "," ","0",8," "," ","0",3," "," ","0",10," "," ","0",25," "," ","0",58," "," ","0",0," "," ","0",0," "," ","0",5," "," ","0",0," "," ","0",23," "," ","0",18," "," ","0",3," "," ","0",0," "," ","0",13," "," ","0",122," "," ","0",NA," "," "," "
"1219","USC00359461",1984,4,"SNOW",0," "," ","0",0,"P"," ","0",0,"P"," ","0",0,"P"," ","0",0,"P"," ","0",0,"P"," ","0",0,"P"," ","0",0,"P"," ","0",0,"P"," ","0",0,"P"," ","0",0,"P"," ","0",0,"P"," ","0",0,"P"," ","0",0,"P"," ","0",0,"P"," ","0",0,"P"," ","0",0,"P"," ","0",0,"P"," ","0",0,"P"," ","0",0,"P"," ","0",0,"P"," ","0",0,"P"," ","0",0,"P"," ","0",0,"P"," ","0",0,"P"," ","0",0,"P"," ","0",0,"P"," ","0",0,"P"," ","0",0,"P"," ","0",0,"P"," ","0",NA," "," "," "
"1220","USC00359461",1984,4,"SNWD",0," "," ","0",0,"P"," ","0",0,"P"," ","0",0,"P"," ","0",0,"P"," ","0",0,"P"," ","0",0,"P"," ","0",0,"P"," ","0",0,"P"," ","0",0,"P"," ","0",0,"P"," ","0",0,"P"," ","0",0,"P"," ","0",0,"P"," ","0",0,"P"," ","0",0,"P"," ","0",0,"P"," ","0",0,"P"," ","0",0,"P"," ","0",0,"P"," ","0",0,"P"," ","0",0,"P"," ","0",0,"P"," ","0",0,"P"," ","0",0,"P"," ","0",0,"P"," ","0",0,"P"," ","0",0,"P"," ","0",0,"P"," ","0",0,"P"," ","0",NA," "," "," "
"1221","USC00359461",1984,5,"PRCP",107," "," ","0",15," "," ","0",58," "," ","0",0," "," ","0",23," "," ","0",23," "," ","0",0," "," ","0",8," "," ","0",0," "," ","0",3," "," ","0",46," "," ","0",0," "," ","0",0," "," ","0",0," "," ","0",64," "," ","0",0,"T"," ","0",0," "," ","0",0," "," ","0",0," "," ","0",3," "," ","0",0," "," ","0",0," "," ","0",104," "," ","0",3," "," ","0",0," "," ","0",0,"T"," ","0",0," "," ","0",0," "," ","0",0," "," ","0",0," "," ","0",0," "," ","0"
"1222","USC00359461",1984,5,"SNOW",0,"P"," ","0",0,"P"," ","0",0,"P"," ","0",0,"P"," ","0",0,"P"," ","0",0,"P"," ","0",0,"P"," ","0",0,"P"," ","0",0,"P"," ","0",0,"P"," ","0",0,"P"," ","0",0,"P"," ","0",0,"P"," ","0",0,"P"," ","0",0,"P"," ","0",0,"P"," ","0",0,"P"," ","0",0,"P"," ","0",0,"P"," ","0",0,"P"," ","0",0,"P"," ","0",0,"P"," ","0",0,"P"," ","0",0,"P"," ","0",0,"P"," ","0",0,"P"," ","0",0,"P"," ","0",0,"P"," ","0",0,"P"," ","0",0,"P"," ","0",0,"P"," ","0"
"1223","USC00359461",1984,5,"SNWD",0," "," ","0",0,"P"," ","0",0,"P"," ","0",0,"P"," ","0",0,"P"," ","0",0,"P"," ","0",0,"P"," ","0",0,"P"," ","0",0,"P"," ","0",0,"P"," ","0",0,"P"," ","0",0,"P"," ","0",0,"P"," ","0",0,"P"," ","0",0,"P"," ","0",0,"P"," ","0",0,"P"," ","0",0,"P"," ","0",0,"P"," ","0",0,"P"," ","0",0,"P"," ","0",0,"P"," ","0",0,"P"," ","0",0,"P"," ","0",0,"P"," ","0",0,"P"," ","0",0,"P"," ","0",0,"P"," ","0",0,"P"," ","0",0,"P"," ","0",0,"P"," ","0"
"1224","USC00359461",1984,6,"PRCP",0," "," ","0",5," "," ","0",0," "," ","0",94," "," ","0",13," "," ","0",46," "," ","0",84," "," ","0",13," "," ","0",3," "," ","0",43," "," ","0",0," "," ","0",0," "," ","0",0," "," ","0",0," "," ","0",0," "," ","0",0," "," ","0",0," "," ","0",0," "," ","0",0," "," ","0",3," "," ","0",8," "," ","0",0," "," ","0",0," "," ","0",0," "," ","0",0," "," ","0",0," "," ","0",0," "," ","0",0," "," ","0",41," "," ","0",0," "," ","0",NA," "," "," "
"1225","USC00359461",1984,6,"SNOW",0,"P"," ","0",0,"P"," ","0",0,"P"," ","0",0,"P"," ","0",0,"P"," ","0",0,"P"," ","0",0,"P"," ","0",0,"P"," ","0",0,"P"," ","0",0,"P"," ","0",0,"P"," ","0",0,"P"," ","0",0,"P"," ","0",0,"P"," ","0",0,"P"," ","0",0,"P"," ","0",0,"P"," ","0",0,"P"," ","0",0,"P"," ","0",0,"P"," ","0",0,"P"," ","0",0,"P"," ","0",0,"P"," ","0",0,"P"," ","0",0,"P"," ","0",0,"P"," ","0",0,"P"," ","0",0,"P"," ","0",0,"P"," ","0",0,"P"," ","0",NA," "," "," "
"1226","USC00359461",1984,6,"SNWD",0," "," ","0",0,"P"," ","0",0,"P"," ","0",0,"P"," ","0",0,"P"," ","0",0,"P"," ","0",0,"P"," ","0",0,"P"," ","0",0,"P"," ","0",0,"P"," ","0",0,"P"," ","0",0,"P"," ","0",0,"P"," ","0",0,"P"," ","0",0,"P"," ","0",0,"P"," ","0",0,"P"," ","0",0,"P"," ","0",0,"P"," ","0",0,"P"," ","0",0,"P"," ","0",0,"P"," ","0",0,"P"," ","0",0,"P"," ","0",0,"P"," ","0",0,"P"," ","0",0,"P"," ","0",0,"P"," ","0",0,"P"," ","0",0,"P"," ","0",NA," "," "," "
"1227","USC00359461",1984,7,"PRCP",0," "," ","0",0," "," ","0",0," "," ","0",0," "," ","0",0," "," ","0",0," "," ","0",0," "," ","0",0," "," ","0",0," "," ","0",0," "," ","0",0," "," ","0",0," "," ","0",0," "," ","0",0," "," ","0",0," "," ","0",0," "," ","0",0," "," ","0",0," "," ","0",0," "," ","0",0," "," ","0",0," "," ","0",0," "," ","0",0," "," ","0",0," "," ","0",15," "," ","0",0," "," ","0",0," "," ","0",0," "," ","0",0," "," ","0",0," "," ","0",0," "," ","0"
"1228","USC00359461",1984,7,"SNOW",0,"P"," ","0",0,"P"," ","0",0,"P"," ","0",0,"P"," ","0",0,"P"," ","0",0,"P"," ","0",0,"P"," ","0",0,"P"," ","0",0,"P"," ","0",0,"P"," ","0",0,"P"," ","0",0,"P"," ","0",0,"P"," ","0",0,"P"," ","0",0,"P"," ","0",0,"P"," ","0",0,"P"," ","0",0,"P"," ","0",0,"P"," ","0",0,"P"," ","0",0,"P"," ","0",0,"P"," ","0",0,"P"," ","0",0,"P"," ","0",0,"P"," ","0",0,"P"," ","0",0,"P"," ","0",0,"P"," ","0",0,"P"," ","0",0,"P"," ","0",0,"P"," ","0"
"1229","USC00359461",1984,7,"SNWD",0," "," ","0",0,"P"," ","0",0,"P"," ","0",0,"P"," ","0",0,"P"," ","0",0,"P"," ","0",0,"P"," ","0",0,"P"," ","0",0,"P"," ","0",0,"P"," ","0",0,"P"," ","0",0,"P"," ","0",0,"P"," ","0",0,"P"," ","0",0,"P"," ","0",0,"P"," ","0",0,"P"," ","0",0,"P"," ","0",0,"P"," ","0",0,"P"," ","0",0,"P"," ","0",0,"P"," ","0",0,"P"," ","0",0,"P"," ","0",0,"P"," ","0",0,"P"," ","0",0,"P"," ","0",0,"P"," ","0",0,"P"," ","0",0,"P"," ","0",0,"P"," ","0"
"1230","USC00359461",1984,8,"PRCP",0," "," ","0",0," "," ","0",0," "," ","0",0," "," ","0",0," "," ","0",0," "," ","0",0," "," ","0",0," "," ","0",0," "," ","0",0," "," ","0",0," "," ","0",0," "," ","0",0," "," ","0",0," "," ","0",0," "," ","0",0," "," ","0",0," "," ","0",0," "," ","0",0," "," ","0",0," "," ","0",0," "," ","0",0," "," ","0",0," "," ","0",0," "," ","0",0," "," ","0",0," "," ","0",0," "," ","0",0," "," ","0",0," "," ","0",0," "," ","0",8," "," ","0"
"1231","USC00359461",1984,8,"SNOW",0,"P"," ","0",0,"P"," ","0",0,"P"," ","0",0,"P"," ","0",0,"P"," ","0",0,"P"," ","0",0,"P"," ","0",0,"P"," ","0",0,"P"," ","0",0,"P"," ","0",0,"P"," ","0",0,"P"," ","0",0,"P"," ","0",0,"P"," ","0",0,"P"," ","0",0,"P"," ","0",0,"P"," ","0",0,"P"," ","0",0,"P"," ","0",0,"P"," ","0",0,"P"," ","0",0,"P"," ","0",0,"P"," ","0",0,"P"," ","0",0,"P"," ","0",0,"P"," ","0",0,"P"," ","0",0,"P"," ","0",0,"P"," ","0",0,"P"," ","0",0,"P"," ","0"
"1232","USC00359461",1984,8,"SNWD",0," "," ","0",0,"P"," ","0",0,"P"," ","0",0,"P"," ","0",0,"P"," ","0",0,"P"," ","0",0,"P"," ","0",0,"P"," ","0",0,"P"," ","0",0,"P"," ","0",0,"P"," ","0",0,"P"," ","0",0,"P"," ","0",0,"P"," ","0",0,"P"," ","0",0,"P"," ","0",0,"P"," ","0",0,"P"," ","0",0,"P"," ","0",0,"P"," ","0",0,"P"," ","0",0,"P"," ","0",0,"P"," ","0",0,"P"," ","0",0,"P"," ","0",0,"P"," ","0",0,"P"," ","0",0,"P"," ","0",0,"P"," ","0",0,"P"," ","0",0,"P"," ","0"
"1233","USC00359461",1984,9,"PRCP",0," "," ","0",0," "," ","0",0," "," ","0",0," "," ","0",0," "," ","0",0,"T"," ","0",0," "," ","0",0," "," ","0",0," "," ","0",0," "," ","0",0," "," ","0",0," "," ","0",0," "," ","0",0," "," ","0",0," "," ","0",0," "," ","0",0," "," ","0",0," "," ","0",0,"T"," ","0",0,"T"," ","0",0," "," ","0",0," "," ","0",5," "," ","0",0," "," ","0",0," "," ","0",0," "," ","0",0," "," ","0",0," "," ","0",0," "," ","0",0," "," ","0",NA," "," "," "
"1234","USC00359461",1984,9,"SNOW",0,"P"," ","0",0,"P"," ","0",0,"P"," ","0",0,"P"," ","0",0,"P"," ","0",0,"P"," ","0",0,"P"," ","0",0,"P"," ","0",0,"P"," ","0",0,"P"," ","0",0,"P"," ","0",0,"P"," ","0",0,"P"," ","0",0,"P"," ","0",0,"P"," ","0",0,"P"," ","0",0,"P"," ","0",0,"P"," ","0",0,"P"," ","0",0,"P"," ","0",0,"P"," ","0",0,"P"," ","0",0,"P"," ","0",0,"P"," ","0",0,"P"," ","0",0,"P"," ","0",0,"P"," ","0",0,"P"," ","0",0,"P"," ","0",0,"P"," ","0",NA," "," "," "
"1235","USC00359461",1984,9,"SNWD",0," "," ","0",0,"P"," ","0",0,"P"," ","0",0,"P"," ","0",0,"P"," ","0",0,"P"," ","0",0,"P"," ","0",0,"P"," ","0",0,"P"," ","0",0,"P"," ","0",0,"P"," ","0",0,"P"," ","0",0,"P"," ","0",0,"P"," ","0",0,"P"," ","0",0,"P"," ","0",0,"P"," ","0",0,"P"," ","0",0,"P"," ","0",0,"P"," ","0",0,"P"," ","0",0,"P"," ","0",0,"P"," ","0",0,"P"," ","0",0,"P"," ","0",0,"P"," ","0",0,"P"," ","0",0,"P"," ","0",0,"P"," ","0",0,"P"," ","0",NA," "," "," "
"1236","USC00359461",1984,10,"PRCP",0," "," ","0",0," "," ","0",0," "," ","0",71," "," ","0",5," "," ","0",0," "," ","0",0," "," ","0",0," "," ","0",109," "," ","0",0," "," ","0",142," "," ","0",25," "," ","0",41," "," ","0",10," "," ","0",23," "," ","0",15," "," ","0",18," "," ","0",30," "," ","0",74," "," ","0",30," "," ","0",13," "," ","0",5," "," ","0",0,"T"," ","0",10," "," ","0",3," "," ","0",66," "," ","0",89," "," ","0",71," "," ","0",25," "," ","0",0," "," ","0",5," "," ","0"
"1237","USC00359461",1984,10,"SNOW",0,"P"," ","0",0,"P"," ","0",0,"P"," ","0",0,"P"," ","0",0,"P"," ","0",0,"P"," ","0",0,"P"," ","0",0,"P"," ","0",0,"P"," ","0",0,"P"," ","0",0,"P"," ","0",0,"P"," ","0",0,"P"," ","0",0,"P"," ","0",0,"P"," ","0",0,"P"," ","0",0,"P"," ","0",0,"P"," ","0",0,"P"," ","0",0,"P"," ","0",0,"P"," ","0",0,"P"," ","0",0,"P"," ","0",0,"P"," ","0",0,"P"," ","0",0,"P"," ","0",0,"P"," ","0",0,"P"," ","0",0,"P"," ","0",0,"P"," ","0",0,"P"," ","0"
"1238","USC00359461",1984,10,"SNWD",0," "," ","0",0,"P"," ","0",0,"P"," ","0",0,"P"," ","0",0,"P"," ","0",0,"P"," ","0",0,"P"," ","0",0,"P"," ","0",0,"P"," ","0",0,"P"," ","0",0,"P"," ","0",0,"P"," ","0",0,"P"," ","0",0,"P"," ","0",0,"P"," ","0",0,"P"," ","0",0,"P"," ","0",0,"P"," ","0",0,"P"," ","0",0,"P"," ","0",0,"P"," ","0",0,"P"," ","0",0,"P"," ","0",0,"P"," ","0",0,"P"," ","0",0,"P"," ","0",0,"P"," ","0",0,"P"," ","0",0,"P"," ","0",0,"P"," ","0",0,"P"," ","0"
"1239","USC00359461",1984,11,"PRCP",0," "," ","0",439," "," ","0",203," "," ","0",109," "," ","0",0," "," ","0",36," "," ","0",36," "," ","0",102," "," ","0",117," "," ","0",196," "," ","0",119," "," ","0",318," "," ","0",99," "," ","0",38," "," ","0",0," "," ","0",8," "," ","0",0," "," ","0",173," "," ","0",5," "," ","0",140," "," ","0",58," "," ","0",0,"T"," ","0",0,"T"," ","0",185," "," ","0",135," "," ","0",43," "," ","0",56," "," ","0",533," "," ","0",109," "," ","0",224," "," ","0",NA," "," "," "
"1240","USC00359461",1984,11,"SNOW",0,"P"," ","0",0,"P"," ","0",0,"P"," ","0",0,"P"," ","0",0,"P"," ","0",0,"P"," ","0",0,"P"," ","0",0,"P"," ","0",0,"P"," ","0",0,"P"," ","0",0,"P"," ","0",0,"P"," ","0",0,"P"," ","0",0,"P"," ","0",0,"P"," ","0",0,"P"," ","0",0,"P"," ","0",0,"P"," ","0",0,"P"," ","0",0,"P"," ","0",0,"P"," ","0",0,"P"," ","0",0,"P"," ","0",0,"P"," ","0",0,"P"," ","0",0,"P"," ","0",0,"P"," ","0",0,"P"," ","0",0,"P"," ","0",0,"P"," ","0",NA," "," "," "
"1241","USC00359461",1984,11,"SNWD",0," "," ","0",0,"P"," ","0",0,"P"," ","0",0,"P"," ","0",0,"P"," ","0",0,"P"," ","0",0,"P"," ","0",0,"P"," ","0",0,"P"," ","0",0,"P"," ","0",0,"P"," ","0",0,"P"," ","0",0,"P"," ","0",0,"P"," ","0",0,"P"," ","0",0,"P"," ","0",0,"P"," ","0",0,"P"," ","0",0,"P"," ","0",0,"P"," ","0",0,"P"," ","0",0,"P"," ","0",0,"P"," ","0",0,"P"," ","0",0,"P"," ","0",0,"P"," ","0",0,"P"," ","0",0,"P"," ","0",0,"P"," ","0",0,"P"," ","0",NA," "," "," "
"1242","USC00359461",1984,12,"PRCP",5," "," ","0",0,"T"," ","0",86," "," ","0",0,"T"," ","0",0," "," ","0",0," "," ","0",0," "," ","0",0," "," ","0",41," "," ","0",124," "," ","0",86," "," ","0",66," "," ","0",117," "," ","0",0,"T"," ","0",127," "," ","0",13," "," ","0",0,"T"," ","0",15," "," ","0",0," "," ","0",0," "," ","0",25," "," ","0",0," "," ","0",0," "," ","0",0," "," ","0",0," "," ","0",8," "," ","0",18," "," ","0",84," "," ","0",3," "," ","0",135," "," ","0",30," "," ","0"
"1243","USC00359461",1984,12,"SNOW",0,"P"," ","0",0,"P"," ","0",0,"P"," ","0",0,"P"," ","0",0,"P"," ","0",0,"P"," ","0",0,"P"," ","0",0,"P"," ","0",0,"P"," ","0",0,"P"," ","0",0,"P"," ","0",0,"P"," ","0",0,"P"," ","0",0,"P"," ","0",0,"P"," ","0",0,"P"," ","0",0,"P"," ","0",0,"P"," ","0",0,"P"," ","0",0,"P"," ","0",0,"P"," ","0",0,"P"," ","0",0,"P"," ","0",0,"P"," ","0",0,"P"," ","0",0,"P"," ","0",0,"P"," ","0",0,"P"," ","0",0,"P"," ","0",0,"P"," ","0",0,"P"," ","0"
"1244","USC00359461",1984,12,"SNWD",0," "," ","0",0,"P"," ","0",0,"P"," ","0",0,"P"," ","0",0,"P"," ","0",0,"P"," ","0",0,"P"," ","0",0,"P"," ","0",0,"P"," ","0",0,"P"," ","0",0,"P"," ","0",0,"P"," ","0",0,"P"," ","0",0,"P"," ","0",0,"P"," ","0",0,"P"," ","0",0,"P"," ","0",0,"P"," ","0",0,"P"," ","0",0,"P"," ","0",0,"P"," ","0",0,"P"," ","0",0,"P"," ","0",0,"P"," ","0",0,"P"," ","0",0,"P"," ","0",0,"P"," ","0",0,"P"," ","0",0,"P"," ","0",0,"P"," ","0",0,"P"," ","0"
"1245","USC00359461",1985,1,"PRCP",0," "," ","0",0," "," ","0",0," "," ","0",0," "," ","0",0," "," ","0",0," "," ","0",13," "," ","0",0," "," ","0",0," "," ","0",0," "," ","0",0," "," ","0",0," "," ","0",0," "," ","0",0," "," ","0",0," "," ","0",0," "," ","0",0," "," ","0",0," "," ","0",0," "," ","0",0," "," ","0",0," "," ","0",0," "," ","0",0," "," ","0",0," "," ","0",0," "," ","0",0," "," ","0",0," "," ","0",56," "," ","0",33," "," ","0",8," "," ","0",41," "," ","0"
"1246","USC00359461",1985,1,"SNOW",0,"P"," ","0",0,"P"," ","0",0,"P"," ","0",0,"P"," ","0",0,"P"," ","0",0,"P"," ","0",0,"P"," ","0",0,"P"," ","0",0,"P"," ","0",0,"P"," ","0",0,"P"," ","0",0,"P"," ","0",0,"P"," ","0",0,"P"," ","0",0,"P"," ","0",0,"P"," ","0",0,"P"," ","0",0,"P"," ","0",0,"P"," ","0",0,"P"," ","0",0,"P"," ","0",0,"P"," ","0",0,"P"," ","0",0,"P"," ","0",0,"P"," ","0",0,"P"," ","0",0,"P"," ","0",0,"P"," ","0",0,"P"," ","0",0,"P"," ","0",0,"P"," ","0"
"1247","USC00359461",1985,1,"SNWD",0," "," ","0",0,"P"," ","0",0,"P"," ","0",0,"P"," ","0",0,"P"," ","0",0,"P"," ","0",0,"P"," ","0",0,"P"," ","0",0,"P"," ","0",0,"P"," ","0",0,"P"," ","0",0,"P"," ","0",0,"P"," ","0",0,"P"," ","0",0,"P"," ","0",0,"P"," ","0",0,"P"," ","0",0,"P"," ","0",0,"P"," ","0",0,"P"," ","0",0,"P"," ","0",0,"P"," ","0",0,"P"," ","0",0,"P"," ","0",0,"P"," ","0",0,"P"," ","0",0,"P"," ","0",0,"P"," ","0",0,"P"," ","0",0,"P"," ","0",0,"P"," ","0"
"1248","USC00359461",1985,1,"WT01",NA," "," "," ",NA," "," "," ",NA," "," "," ",NA," "," "," ",NA," "," "," ",NA," "," "," ",NA," "," "," ",NA," "," "," ",NA," "," "," ",NA," "," "," ",NA," "," "," ",NA," "," "," ",NA," "," "," ",NA," "," "," ",NA," "," "," ",NA," "," "," ",1," "," ","0",1," "," ","0",1," "," ","0",NA," "," "," ",NA," "," "," ",1," "," ","0",1," "," ","0",1," "," ","0",NA," "," "," ",NA," "," "," ",NA," "," "," ",NA," "," "," ",NA," "," "," ",NA," "," "," ",NA," "," "," "
"1249","USC00359461",1985,2,"PRCP",10," "," ","0",33," "," ","0",46," "," ","0",0," "," ","0",3," "," ","0",5," "," ","0",137," "," ","0",99," "," ","0",145," "," ","0",66," "," ","0",33," "," ","0",198," "," ","0",0," "," ","0",0," "," ","0",74," "," ","0",3," "," ","0",0," "," ","0",0," "," ","0",3," "," ","0",64," "," ","0",10," "," ","0",5," "," ","0",0," "," ","0",0," "," ","0",0," "," ","0",0," "," ","0",0," "," ","0",0," "," ","0",NA," "," "," ",NA," "," "," ",NA," "," "," "
"1250","USC00359461",1985,2,"SNOW",0,"P"," ","0",0,"P"," ","0",0,"P"," ","0",0,"P"," ","0",0,"T"," ","0",0,"P"," ","0",0,"P"," ","0",0,"P"," ","0",0,"P"," ","0",0,"P"," ","0",0,"P"," ","0",0,"P"," ","0",0,"P"," ","0",0,"P"," ","0",0,"P"," ","0",0,"P"," ","0",0,"P"," ","0",0,"P"," ","0",0,"P"," ","0",0,"P"," ","0",0,"P"," ","0",0,"P"," ","0",0,"P"," ","0",0,"P"," ","0",0,"P"," ","0",0,"P"," ","0",0,"P"," ","0",0,"P"," ","0",NA," "," "," ",NA," "," "," ",NA," "," "," "
"1251","USC00359461",1985,2,"SNWD",0," "," ","0",0,"P"," ","0",0,"P"," ","0",0,"P"," ","0",0,"T"," ","0",0,"P"," ","0",0,"P"," ","0",0,"P"," ","0",0,"P"," ","0",0,"P"," ","0",0,"P"," ","0",0,"P"," ","0",0,"P"," ","0",0,"P"," ","0",0,"P"," ","0",0,"P"," ","0",0,"P"," ","0",0,"P"," ","0",0,"P"," ","0",0,"P"," ","0",0,"P"," ","0",0,"P"," ","0",0,"P"," ","0",0,"P"," ","0",0,"P"," ","0",0,"P"," ","0",0,"P"," ","0",0,"P"," ","0",NA," "," "," ",NA," "," "," ",NA," "," "," "
"1252","USC00359461",1985,3,"PRCP",15," "," ","0",36," "," ","0",0,"T"," ","0",41," "," ","0",3," "," ","0",0," "," ","0",33," "," ","0",3," "," ","0",0," "," ","0",0," "," ","0",0," "," ","0",0," "," ","0",0," "," ","0",0," "," ","0",0," "," ","0",0," "," ","0",0," "," ","0",0," "," ","0",0," "," ","0",0," "," ","0",46," "," ","0",13," "," ","0",152," "," ","0",229," "," ","0",38," "," ","0",102," "," ","0",290," "," ","0",79," "," ","0",64," "," ","0",13," "," ","0",8," "," ","0"
"1253","USC00359461",1985,4,"PRCP",0," "," ","0",0," "," ","0",0," "," ","0",0," "," ","0",0," "," ","0",0," "," ","0",0," "," ","0",0," "," ","0",0," "," ","0",0," "," ","0",0," "," ","0",0," "," ","0",0," "," ","0",0," "," ","0",0," "," ","0",0," "," ","0",0," "," ","0",0," "," ","0",99," "," ","0",25," "," ","0",51," "," ","0",66," "," ","0",20," "," ","0",18," "," ","0",25," "," ","0",0," "," ","0",0," "," ","0",0," "," ","0",0," "," ","0",0," "," ","0",NA," "," "," "
"1254","USC00359461",1985,4,"SNOW",0,"P"," ","0",0,"P"," ","0",0,"P"," ","0",0,"P"," ","0",0,"P"," ","0",0,"P"," ","0",0,"P"," ","0",0,"P"," ","0",0,"P"," ","0",0,"P"," ","0",0,"P"," ","0",0,"P"," ","0",0,"P"," ","0",0,"P"," ","0",0,"P"," ","0",0,"P"," ","0",0,"P"," ","0",0,"P"," ","0",0,"P"," ","0",0,"P"," ","0",0,"P"," ","0",0,"P"," ","0",0,"P"," ","0",0,"P"," ","0",0,"P"," ","0",0,"P"," ","0",0,"P"," ","0",0,"P"," ","0",0,"P"," ","0",0,"P"," ","0",NA," "," "," "
"1255","USC00359461",1985,4,"SNWD",0," "," ","0",0,"P"," ","0",0,"P"," ","0",0,"P"," ","0",0,"P"," ","0",0,"P"," ","0",0,"P"," ","0",0,"P"," ","0",0,"P"," ","0",0,"P"," ","0",0,"P"," ","0",0,"P"," ","0",0,"P"," ","0",0,"P"," ","0",0,"P"," ","0",0,"P"," ","0",0,"P"," ","0",0,"P"," ","0",0,"P"," ","0",0,"P"," ","0",0,"P"," ","0",0,"P"," ","0",0,"P"," ","0",0,"P"," ","0",0,"P"," ","0",0,"P"," ","0",0,"P"," ","0",0,"P"," ","0",0,"P"," ","0",0,"P"," ","0",NA," "," "," "
"1256","USC00359461",1985,5,"PRCP",0," "," ","0",0," "," ","0",18," "," ","0",15," "," ","0",0," "," ","0",0," "," ","0",0," "," ","0",0," "," ","0",0," "," ","0",23," "," ","0",15," "," ","0",0," "," ","0",0," "," ","0",0," "," ","0",0," "," ","0",0," "," ","0",61," "," ","0",0," "," ","0",0," "," ","0",0," "," ","0",0," "," ","0",0," "," ","0",0," "," ","0",0," "," ","0",0," "," ","0",0," "," ","0",0," "," ","0",51," "," ","0",20," "," ","0",0," "," ","0",107," "," ","0"
"1257","USC00359461",1985,5,"SNOW",0,"P"," ","0",0,"P"," ","0",0,"P"," ","0",0,"P"," ","0",0,"P"," ","0",0,"P"," ","0",0,"P"," ","0",0,"P"," ","0",0,"P"," ","0",0,"P"," ","0",0,"P"," ","0",0,"P"," ","0",0,"P"," ","0",0,"P"," ","0",0,"P"," ","0",0,"P"," ","0",0,"P"," ","0",0,"P"," ","0",0,"P"," ","0",0,"P"," ","0",0,"P"," ","0",0,"P"," ","0",0,"P"," ","0",0,"P"," ","0",0,"P"," ","0",0,"P"," ","0",0,"P"," ","0",0,"P"," ","0",0,"P"," ","0",0,"P"," ","0",0,"P"," ","0"
"1258","USC00359461",1985,5,"SNWD",0," "," ","0",0,"P"," ","0",0,"P"," ","0",0,"P"," ","0",0,"P"," ","0",0,"P"," ","0",0,"P"," ","0",0,"P"," ","0",0,"P"," ","0",0,"P"," ","0",0,"P"," ","0",0,"P"," ","0",0,"P"," ","0",0,"P"," ","0",0,"P"," ","0",0,"P"," ","0",0,"P"," ","0",0,"P"," ","0",0,"P"," ","0",0,"P"," ","0",0,"P"," ","0",0,"P"," ","0",0,"P"," ","0",0,"P"," ","0",0,"P"," ","0",0,"P"," ","0",0,"P"," ","0",0,"P"," ","0",0,"P"," ","0",0,"P"," ","0",0,"P"," ","0"
"1259","USC00359461",1985,6,"PRCP",3," "," ","0",8," "," ","0",0," "," ","0",41," "," ","0",0," "," ","0",112," "," ","0",97," "," ","0",56," "," ","0",0," "," ","0",0," "," ","0",0," "," ","0",0," "," ","0",0," "," ","0",0," "," ","0",0," "," ","0",0," "," ","0",0," "," ","0",0," "," ","0",0," "," ","0",0," "," ","0",0," "," ","0",0," "," ","0",0," "," ","0",0," "," ","0",0," "," ","0",0," "," ","0",0," "," ","0",0," "," ","0",0," "," ","0",0," "," ","0",NA," "," "," "
"1260","USC00359461",1985,6,"SNOW",0,"P"," ","0",0,"P"," ","0",0,"P"," ","0",0,"P"," ","0",0,"P"," ","0",0,"P"," ","0",0,"P"," ","0",0,"P"," ","0",0,"P"," ","0",0,"P"," ","0",0,"P"," ","0",0,"P"," ","0",0,"P"," ","0",0,"P"," ","0",0,"P"," ","0",0,"P"," ","0",0,"P"," ","0",0,"P"," ","0",0,"P"," ","0",0,"P"," ","0",0,"P"," ","0",0,"P"," ","0",0,"P"," ","0",0,"P"," ","0",0,"P"," ","0",0,"P"," ","0",0,"P"," ","0",0,"P"," ","0",0,"P"," ","0",0,"P"," ","0",NA," "," "," "
"1261","USC00359461",1985,6,"SNWD",0," "," ","0",0,"P"," ","0",0,"P"," ","0",0,"P"," ","0",0,"P"," ","0",0,"P"," ","0",0,"P"," ","0",0,"P"," ","0",0,"P"," ","0",0,"P"," ","0",0,"P"," ","0",0,"P"," ","0",0,"P"," ","0",0,"P"," ","0",0,"P"," ","0",0,"P"," ","0",0,"P"," ","0",0,"P"," ","0",0,"P"," ","0",0,"P"," ","0",0,"P"," ","0",0,"P"," ","0",0,"P"," ","0",0,"P"," ","0",0,"P"," ","0",0,"P"," ","0",0,"P"," ","0",0,"P"," ","0",0,"P"," ","0",0,"P"," ","0",NA," "," "," "
"1262","USC00359461",1985,7,"PRCP",0," "," ","0",0," "," ","0",0," "," ","0",0," "," ","0",0," "," ","0",0," "," ","0",0," "," ","0",0," "," ","0",0," "," ","0",0," "," ","0",0," "," ","0",0," "," ","0",0," "," ","0",0," "," ","0",0," "," ","0",0," "," ","0",0," "," ","0",0," "," ","0",0," "," ","0",0," "," ","0",0," "," ","0",0," "," ","0",0," "," ","0",0," "," ","0",0," "," ","0",0," "," ","0",0," "," ","0",0," "," ","0",3," "," ","0",5," "," ","0",160," "," ","0"
"1263","USC00359461",1985,7,"SNOW",0,"P"," ","0",0,"P"," ","0",0,"P"," ","0",0,"P"," ","0",0,"P"," ","0",0,"P"," ","0",0,"P"," ","0",0,"P"," ","0",0,"P"," ","0",0,"P"," ","0",0,"P"," ","0",0,"P"," ","0",0,"P"," ","0",0,"P"," ","0",0,"P"," ","0",0,"P"," ","0",0,"P"," ","0",0,"P"," ","0",0,"P"," ","0",0,"P"," ","0",0,"P"," ","0",0,"P"," ","0",0,"P"," ","0",0,"P"," ","0",0,"P"," ","0",0,"P"," ","0",0,"P"," ","0",0,"P"," ","0",0,"P"," ","0",0,"P"," ","0",0,"P"," ","0"
"1264","USC00359461",1985,7,"SNWD",0," "," ","0",0,"P"," ","0",0,"P"," ","0",0,"P"," ","0",0,"P"," ","0",0,"P"," ","0",0,"P"," ","0",0,"P"," ","0",0,"P"," ","0",0,"P"," ","0",0,"P"," ","0",0,"P"," ","0",0,"P"," ","0",0,"P"," ","0",0,"P"," ","0",0,"P"," ","0",0,"P"," ","0",0,"P"," ","0",0,"P"," ","0",0,"P"," ","0",0,"P"," ","0",0,"P"," ","0",0,"P"," ","0",0,"P"," ","0",0,"P"," ","0",0,"P"," ","0",0,"P"," ","0",0,"P"," ","0",0,"P"," ","0",0,"P"," ","0",0,"P"," ","0"
"1265","USC00359461",1985,8,"PRCP",3," "," ","0",3," "," ","0",0," "," ","0",0," "," ","0",0," "," ","0",0," "," ","0",0," "," ","0",0," "," ","0",0," "," ","0",0," "," ","0",0," "," ","0",0," "," ","0",0," "," ","0",0," "," ","0",0," "," ","0",0," "," ","0",0," "," ","0",10," "," ","0",15," "," ","0",0," "," ","0",0," "," ","0",0," "," ","0",0," "," ","0",0," "," ","0",0," "," ","0",0," "," ","0",0," "," ","0",0," "," ","0",0," "," ","0",0," "," ","0",0," "," ","0"
"1266","USC00359461",1985,8,"SNOW",0,"P"," ","0",0,"P"," ","0",0,"P"," ","0",0,"P"," ","0",0,"P"," ","0",0,"P"," ","0",0,"P"," ","0",0,"P"," ","0",0,"P"," ","0",0,"P"," ","0",0,"P"," ","0",0,"P"," ","0",0,"P"," ","0",0,"P"," ","0",0,"P"," ","0",0,"P"," ","0",0,"P"," ","0",0,"P"," ","0",0,"P"," ","0",0,"P"," ","0",0,"P"," ","0",0,"P"," ","0",0,"P"," ","0",0,"P"," ","0",0,"P"," ","0",0,"P"," ","0",0,"P"," ","0",0,"P"," ","0",0,"P"," ","0",0,"P"," ","0",0,"P"," ","0"
"1267","USC00359461",1985,8,"SNWD",0," "," ","0",0,"P"," ","0",0,"P"," ","0",0,"P"," ","0",0,"P"," ","0",0,"P"," ","0",0,"P"," ","0",0,"P"," ","0",0,"P"," ","0",0,"P"," ","0",0,"P"," ","0",0,"P"," ","0",0,"P"," ","0",0,"P"," ","0",0,"P"," ","0",0,"P"," ","0",0,"P"," ","0",0,"P"," ","0",0,"P"," ","0",0,"P"," ","0",0,"P"," ","0",0,"P"," ","0",0,"P"," ","0",0,"P"," ","0",0,"P"," ","0",0,"P"," ","0",0,"P"," ","0",0,"P"," ","0",0,"P"," ","0",0,"P"," ","0",0,"P"," ","0"
"1268","USC00359461",1985,9,"PRCP",0," "," ","0",0," "," ","0",3," "," ","0",0," "," ","0",0," "," ","0",3," "," ","0",10," "," ","0",3," "," ","0",0," "," ","0",10," "," ","0",0," "," ","0",13," "," ","0",28," "," ","0",142," "," ","0",53," "," ","0",0,"T"," ","0",28," "," ","0",5," "," ","0",0," "," ","0",0," "," ","0",0," "," ","0",0," "," ","0",0," "," ","0",0," "," ","0",0," "," ","0",0," "," ","0",0," "," ","0",0," "," ","0",0," "," ","0",0," "," ","0",NA," "," "," "
"1269","USC00359461",1985,9,"SNOW",0,"P"," ","0",0,"P"," ","0",0,"P"," ","0",0,"P"," ","0",0,"P"," ","0",0,"P"," ","0",0,"P"," ","0",0,"P"," ","0",0,"P"," ","0",0,"P"," ","0",0,"P"," ","0",0,"P"," ","0",0,"P"," ","0",0,"P"," ","0",0,"P"," ","0",0,"P"," ","0",0,"P"," ","0",0,"P"," ","0",0,"P"," ","0",0,"P"," ","0",0,"P"," ","0",0,"P"," ","0",0,"P"," ","0",0,"P"," ","0",0,"P"," ","0",0,"P"," ","0",0,"P"," ","0",0,"P"," ","0",0,"P"," ","0",0,"P"," ","0",NA," "," "," "
"1270","USC00359461",1985,9,"SNWD",0," "," ","0",0,"P"," ","0",0,"P"," ","0",0,"P"," ","0",0,"P"," ","0",0,"P"," ","0",0,"P"," ","0",0,"P"," ","0",0,"P"," ","0",0,"P"," ","0",0,"P"," ","0",0,"P"," ","0",0,"P"," ","0",0,"P"," ","0",0,"P"," ","0",0,"P"," ","0",0,"P"," ","0",0,"P"," ","0",0,"P"," ","0",0,"P"," ","0",0,"P"," ","0",0,"P"," ","0",0,"P"," ","0",0,"P"," ","0",0,"P"," ","0",0,"P"," ","0",0,"P"," ","0",0,"P"," ","0",0,"P"," ","0",0,"P"," ","0",NA," "," "," "
"1271","USC00359461",1985,10,"PRCP",0," "," ","0",0," "," ","0",0," "," ","0",0," "," ","0",0," "," ","0",0," "," ","0",0," "," ","0",0," "," ","0",0," "," ","0",0," "," ","0",76," "," ","0",36," "," ","0",0,"T"," ","0",0," "," ","0",0," "," ","0",0," "," ","0",13," "," ","0",0,"T"," ","0",0," "," ","0",0," "," ","0",234," "," ","0",86," "," ","0",64," "," ","0",5," "," ","0",51," "," ","0",20," "," ","0",0," "," ","0",61," "," ","0",0," "," ","0",3," "," ","0",25," "," ","0"
"1272","USC00359461",1985,10,"SNOW",0,"P"," ","0",0,"P"," ","0",0,"P"," ","0",0,"P"," ","0",0,"P"," ","0",0,"P"," ","0",0,"P"," ","0",0,"P"," ","0",0,"P"," ","0",0,"P"," ","0",0,"P"," ","0",0,"P"," ","0",0,"P"," ","0",0,"P"," ","0",0,"P"," ","0",0,"P"," ","0",0,"P"," ","0",0,"P"," ","0",0,"P"," ","0",0,"P"," ","0",0,"P"," ","0",0,"P"," ","0",0,"P"," ","0",0,"P"," ","0",0,"P"," ","0",0,"P"," ","0",0,"P"," ","0",0,"P"," ","0",0,"P"," ","0",0,"P"," ","0",0,"P"," ","0"
"1273","USC00359461",1985,10,"SNWD",0," "," ","0",0,"P"," ","0",0,"P"," ","0",0,"P"," ","0",0,"P"," ","0",0,"P"," ","0",0,"P"," ","0",0,"P"," ","0",0,"P"," ","0",0,"P"," ","0",0,"P"," ","0",0,"P"," ","0",0,"P"," ","0",0,"P"," ","0",0,"P"," ","0",0,"P"," ","0",0,"P"," ","0",0,"P"," ","0",0,"P"," ","0",0,"P"," ","0",0,"P"," ","0",0,"P"," ","0",0,"P"," ","0",0,"P"," ","0",0,"P"," ","0",0,"P"," ","0",0,"P"," ","0",0,"P"," ","0",0,"P"," ","0",0,"P"," ","0",0,"P"," ","0"
"1274","USC00359461",1985,11,"PRCP",0," "," ","0",0," "," ","0",0," "," ","0",0," "," ","0",140," "," ","0",0,"T"," ","0",0," "," ","0",0,"T"," ","0",241," "," ","0",127," "," ","0",0,"T"," ","0",0," "," ","0",0," "," ","0",0," "," ","0",56," "," ","0",97," "," ","0",74," "," ","0",30," "," ","0",0," "," ","0",36," "," ","0",33," "," ","0",97," "," ","0",3," "," ","0",0," "," ","0",0," "," ","0",0," "," ","0",0," "," ","0",206," "," ","0",18," "," ","0",0,"T"," ","0",NA," "," "," "
"1275","USC00359461",1985,11,"SNWD",0," "," ","0",NA," "," "," ",NA," "," "," ",NA," "," "," ",NA," "," "," ",NA," "," "," ",NA," "," "," ",NA," "," "," ",NA," "," "," ",NA," "," "," ",NA," "," "," ",NA," "," "," ",NA," "," "," ",NA," "," "," ",NA," "," "," ",NA," "," "," ",NA," "," "," ",NA," "," "," ",NA," "," "," ",NA," "," "," ",NA," "," "," ",NA," "," "," ",NA," "," "," ",NA," "," "," ",NA," "," "," ",NA," "," "," ",NA," "," "," ",NA," "," "," ",NA," "," "," ",NA," "," "," ",NA," "," "," "
"1276","USC00359461",1985,12,"PRCP",38," "," ","0",127," "," ","0",196," "," ","0",8," "," ","0",46," "," ","0",76," "," ","0",76," "," ","0",97," "," ","0",41," "," ","0",0," "," ","0",0," "," ","0",0," "," ","0",0," "," ","0",0," "," ","0",0," "," ","0",0," "," ","0",0," "," ","0",0," "," ","0",0," "," ","0",0," "," ","0",0," "," ","0",0," "," ","0",0," "," ","0",0," "," ","0",0," "," ","0",0," "," ","0",0," "," ","0",0," "," ","0",0," "," ","0",0," "," ","0",0," "," ","0"
"1277","USC00359461",1985,12,"SNOW",0,"P"," ","0",0,"P"," ","0",0,"P"," ","0",0,"P"," ","0",0,"P"," ","0",0,"P"," ","0",0,"P"," ","0",0,"P"," ","0",0,"P"," ","0",0,"P"," ","0",0,"P"," ","0",0,"P"," ","0",0,"P"," ","0",0,"P"," ","0",0,"P"," ","0",0,"P"," ","0",0,"P"," ","0",0,"P"," ","0",0,"P"," ","0",0,"P"," ","0",0,"P"," ","0",0,"P"," ","0",0,"P"," ","0",0,"P"," ","0",0,"P"," ","0",0,"P"," ","0",0,"P"," ","0",0,"P"," ","0",0,"P"," ","0",0,"P"," ","0",0,"P"," ","0"
"1278","USC00359461",1985,12,"SNWD",0," "," ","0",0,"P"," ","0",0,"P"," ","0",0,"P"," ","0",0,"P"," ","0",0,"P"," ","0",0,"P"," ","0",0,"P"," ","0",0,"P"," ","0",0,"P"," ","0",0,"P"," ","0",0,"P"," ","0",0,"P"," ","0",0,"P"," ","0",0,"P"," ","0",0,"P"," ","0",0,"P"," ","0",0,"P"," ","0",0,"P"," ","0",0,"P"," ","0",0,"P"," ","0",0,"P"," ","0",0,"P"," ","0",0,"P"," ","0",0,"P"," ","0",0,"P"," ","0",0,"P"," ","0",0,"P"," ","0",0,"P"," ","0",0,"P"," ","0",0,"P"," ","0"
"1279","USC00359461",1986,1,"PRCP",97," "," ","0",10," "," ","0",61," "," ","0",0," "," ","0",61," "," ","0",28," "," ","0",0," "," ","0",23," "," ","0",58," "," ","0",8," "," ","0",8," "," ","0",3," "," ","0",3," "," ","0",8," "," ","0",8," "," ","0",58," "," ","0",381," "," ","0",10," "," ","0",114," "," ","0",81," "," ","0",0," "," ","0",71," "," ","0",259," "," ","0",13," "," ","0",0," "," ","0",5," "," ","0",0," "," ","0",5," "," ","0",43," "," ","0",36," "," ","0",3," "," ","0"
"1280","USC00359461",1986,2,"PRCP",38," "," ","0",53," "," ","0",124," "," ","0",23," "," ","0",43," "," ","0",15," "," ","0",0," "," ","0",0," "," ","0",0," "," ","0",0," "," ","0",3," "," ","0",91," "," ","0",152," "," ","0",102," "," ","0",119," "," ","0",61," "," ","0",36," "," ","0",655," "," ","0",333," "," ","0",94," "," ","0",66," "," ","0",356," "," ","0",279," "," ","0",10," "," ","0",0," "," ","0",0," "," ","0",0," "," ","0",0," "," ","0",NA," "," "," ",NA," "," "," ",NA," "," "," "
"1281","USC00359461",1986,3,"PRCP",0," "," ","0",0," "," ","0",0," "," ","0",0," "," ","0",0," "," ","0",0," "," ","0",249," "," ","0",66," "," ","0",64," "," ","0",5," "," ","0",61," "," ","0",147," "," ","0",41," "," ","0",69," "," ","0",0," "," ","0",0," "," ","0",0," "," ","0",0," "," ","0",0," "," ","0",0," "," ","0",13," "," ","0",0," "," ","0",10," "," ","0",38," "," ","0",0," "," ","0",0," "," ","0",0," "," ","0",0," "," ","0",0," "," ","0",0," "," ","0",30," "," ","0"
"1282","USC00359461",1986,3,"SNOW",0,"P"," ","0",0,"P"," ","0",0,"P"," ","0",0,"P"," ","0",0,"P"," ","0",0,"P"," ","0",0,"P"," ","0",0,"P"," ","0",0,"P"," ","0",0,"P"," ","0",0,"P"," ","0",0,"P"," ","0",0,"P"," ","0",0,"P"," ","0",0,"P"," ","0",0,"P"," ","0",0,"P"," ","0",0,"P"," ","0",0,"P"," ","0",0,"P"," ","0",0,"P"," ","0",0,"P"," ","0",0,"P"," ","0",0,"P"," ","0",0,"P"," ","0",0,"P"," ","0",0,"P"," ","0",0,"P"," ","0",0,"P"," ","0",0,"P"," ","0",0,"P"," ","0"
"1283","USC00359461",1986,3,"SNWD",0," "," ","0",0,"P"," ","0",0,"P"," ","0",0,"P"," ","0",0,"P"," ","0",0,"P"," ","0",0,"P"," ","0",0,"P"," ","0",0,"P"," ","0",0,"P"," ","0",0,"P"," ","0",0,"P"," ","0",0,"P"," ","0",0,"P"," ","0",0,"P"," ","0",0,"P"," ","0",0,"P"," ","0",0,"P"," ","0",0,"P"," ","0",0,"P"," ","0",0,"P"," ","0",0,"P"," ","0",0,"P"," ","0",0,"P"," ","0",0,"P"," ","0",0,"P"," ","0",0,"P"," ","0",0,"P"," ","0",0,"P"," ","0",0,"P"," ","0",0,"P"," ","0"
"1284","USC00359461",1986,4,"PRCP",8," "," ","0",18," "," ","0",0," "," ","0",23," "," ","0",3," "," ","0",0," "," ","0",0," "," ","0",5," "," ","0",0,"T"," ","0",0," "," ","0",0," "," ","0",56," "," ","0",20," "," ","0",0," "," ","0",3," "," ","0",15," "," ","0",58," "," ","0",10," "," ","0",0," "," ","0",0," "," ","0",0," "," ","0",0,"T"," ","0",20," "," ","0",0,"T"," ","0",46," "," ","0",38," "," ","0",58," "," ","0",10," "," ","0",13," "," ","0",0," "," ","0",NA," "," "," "
"1285","USC00359461",1986,4,"SNOW",0,"P"," ","0",0,"P"," ","0",0,"P"," ","0",0,"P"," ","0",0,"P"," ","0",0,"P"," ","0",0,"P"," ","0",0,"P"," ","0",0,"P"," ","0",0,"P"," ","0",0,"P"," ","0",0,"P"," ","0",0,"P"," ","0",0,"P"," ","0",0,"P"," ","0",0,"P"," ","0",0,"P"," ","0",0,"P"," ","0",0,"P"," ","0",0,"P"," ","0",0,"P"," ","0",0,"P"," ","0",0,"P"," ","0",0,"P"," ","0",0,"P"," ","0",0,"P"," ","0",0,"P"," ","0",0,"P"," ","0",0,"P"," ","0",0,"P"," ","0",NA," "," "," "
"1286","USC00359461",1986,4,"SNWD",0," "," ","0",0,"P"," ","0",0,"P"," ","0",0,"P"," ","0",0,"P"," ","0",0,"P"," ","0",0,"P"," ","0",0,"P"," ","0",0,"P"," ","0",0,"P"," ","0",0,"P"," ","0",0,"P"," ","0",0,"P"," ","0",0,"P"," ","0",0,"P"," ","0",0,"P"," ","0",0,"P"," ","0",0,"P"," ","0",0,"P"," ","0",0,"P"," ","0",0,"P"," ","0",0,"P"," ","0",0,"P"," ","0",0,"P"," ","0",0,"P"," ","0",0,"P"," ","0",0,"P"," ","0",0,"P"," ","0",0,"P"," ","0",0,"P"," ","0",NA," "," "," "
"1287","USC00359461",1986,5,"PRCP",3," "," ","0",79," "," ","0",36," "," ","0",10," "," ","0",69," "," ","0",335," "," ","0",0," "," ","0",0," "," ","0",0," "," ","0",10," "," ","0",18," "," ","0",0,"T"," ","0",0,"T"," ","0",3," "," ","0",0," "," ","0",0," "," ","0",0," "," ","0",0," "," ","0",0," "," ","0",5," "," ","0",25," "," ","0",28," "," ","0",0," "," ","0",0," "," ","0",0," "," ","0",0," "," ","0",0," "," ","0",0," "," ","0",0," "," ","0",0," "," ","0",0," "," ","0"
"1288","USC00359461",1986,5,"SNOW",0,"P"," ","0",0,"P"," ","0",0,"P"," ","0",0,"P"," ","0",0,"P"," ","0",0,"P"," ","0",0,"P"," ","0",0,"P"," ","0",0,"P"," ","0",0,"P"," ","0",0,"P"," ","0",0,"P"," ","0",0,"P"," ","0",0,"P"," ","0",0,"P"," ","0",0,"P"," ","0",0,"P"," ","0",0,"P"," ","0",0,"P"," ","0",0,"P"," ","0",0,"P"," ","0",0,"P"," ","0",0,"P"," ","0",0,"P"," ","0",0,"P"," ","0",0,"P"," ","0",0,"P"," ","0",0,"P"," ","0",0,"P"," ","0",0,"P"," ","0",0,"P"," ","0"
"1289","USC00359461",1986,5,"SNWD",0," "," ","0",0,"P"," ","0",0,"P"," ","0",0,"P"," ","0",0,"P"," ","0",0,"P"," ","0",0,"P"," ","0",0,"P"," ","0",0,"P"," ","0",0,"P"," ","0",0,"P"," ","0",0,"P"," ","0",0,"P"," ","0",0,"P"," ","0",0,"P"," ","0",0,"P"," ","0",0,"P"," ","0",0,"P"," ","0",0,"P"," ","0",0,"P"," ","0",0,"P"," ","0",0,"P"," ","0",0,"P"," ","0",0,"P"," ","0",0,"P"," ","0",0,"P"," ","0",0,"P"," ","0",0,"P"," ","0",0,"P"," ","0",0,"P"," ","0",0,"P"," ","0"
"1290","USC00359461",1986,6,"PRCP",0," "," ","0",0," "," ","0",10," "," ","0",0," "," ","0",0," "," ","0",0," "," ","0",0," "," ","0",0," "," ","0",0," "," ","0",0," "," ","0",0," "," ","0",0," "," ","0",0," "," ","0",0," "," ","0",15," "," ","0",5," "," ","0",0,"T"," ","0",41," "," ","0",5," "," ","0",0," "," ","0",0," "," ","0",0," "," ","0",0," "," ","0",0," "," ","0",0," "," ","0",0," "," ","0",0," "," ","0",3," "," ","0",0," "," ","0",0," "," ","0",NA," "," "," "
"1291","USC00359461",1986,6,"SNOW",0,"P"," ","0",0,"P"," ","0",0,"P"," ","0",0,"P"," ","0",0,"P"," ","0",0,"P"," ","0",0,"P"," ","0",0,"P"," ","0",0,"P"," ","0",0,"P"," ","0",0,"P"," ","0",0,"P"," ","0",0,"P"," ","0",0,"P"," ","0",0,"P"," ","0",0,"P"," ","0",0,"P"," ","0",0,"P"," ","0",0,"P"," ","0",0,"P"," ","0",0,"P"," ","0",0,"P"," ","0",0,"P"," ","0",0,"P"," ","0",0,"P"," ","0",0,"P"," ","0",0,"P"," ","0",0,"P"," ","0",0,"P"," ","0",0,"P"," ","0",NA," "," "," "
"1292","USC00359461",1986,6,"SNWD",0," "," ","0",0,"P"," ","0",0,"P"," ","0",0,"P"," ","0",0,"P"," ","0",0,"P"," ","0",0,"P"," ","0",0,"P"," ","0",0,"P"," ","0",0,"P"," ","0",0,"P"," ","0",0,"P"," ","0",0,"P"," ","0",0,"P"," ","0",0,"P"," ","0",0,"P"," ","0",0,"P"," ","0",0,"P"," ","0",0,"P"," ","0",0,"P"," ","0",0,"P"," ","0",0,"P"," ","0",0,"P"," ","0",0,"P"," ","0",0,"P"," ","0",0,"P"," ","0",0,"P"," ","0",0,"P"," ","0",0,"P"," ","0",0,"P"," ","0",NA," "," "," "
"1293","USC00359461",1986,7,"PRCP",0," "," ","0",0," "," ","0",0," "," ","0",33," "," ","0",0," "," ","0",0," "," ","0",0," "," ","0",0," "," ","0",0," "," ","0",0," "," ","0",0," "," ","0",0," "," ","0",0," "," ","0",0," "," ","0",0," "," ","0",0," "," ","0",3," "," ","0",0," "," ","0",0," "," ","0",0," "," ","0",0," "," ","0",0," "," ","0",0," "," ","0",0," "," ","0",0," "," ","0",0," "," ","0",0," "," ","0",0," "," ","0",0," "," ","0",0," "," ","0",0," "," ","0"
"1294","USC00359461",1986,7,"SNOW",0,"P"," ","0",0,"P"," ","0",0,"P"," ","0",0,"P"," ","0",0,"P"," ","0",0,"P"," ","0",0,"P"," ","0",0,"P"," ","0",0,"P"," ","0",0,"P"," ","0",0,"P"," ","0",0,"P"," ","0",0,"P"," ","0",0,"P"," ","0",0,"P"," ","0",0,"P"," ","0",0,"P"," ","0",0,"P"," ","0",0,"P"," ","0",0,"P"," ","0",0,"P"," ","0",0,"P"," ","0",0,"P"," ","0",0,"P"," ","0",0,"P"," ","0",0,"P"," ","0",0,"P"," ","0",0,"P"," ","0",0,"P"," ","0",0,"P"," ","0",0,"P"," ","0"
"1295","USC00359461",1986,7,"SNWD",0," "," ","0",0,"P"," ","0",0,"P"," ","0",0,"P"," ","0",0,"P"," ","0",0,"P"," ","0",0,"P"," ","0",0,"P"," ","0",0,"P"," ","0",0,"P"," ","0",0,"P"," ","0",0,"P"," ","0",0,"P"," ","0",0,"P"," ","0",0,"P"," ","0",0,"P"," ","0",0,"P"," ","0",0,"P"," ","0",0,"P"," ","0",0,"P"," ","0",0,"P"," ","0",0,"P"," ","0",0,"P"," ","0",0,"P"," ","0",0,"P"," ","0",0,"P"," ","0",0,"P"," ","0",0,"P"," ","0",0,"P"," ","0",0,"P"," ","0",0,"P"," ","0"
"1296","USC00359461",1986,8,"PRCP",0," "," ","0",0," "," ","0",0," "," ","0",0," "," ","0",0," "," ","0",0," "," ","0",0," "," ","0",0," "," ","0",0," "," ","0",0," "," ","0",0," "," ","0",0," "," ","0",0," "," ","0",0," "," ","0",0," "," ","0",0," "," ","0",0," "," ","0",0," "," ","0",0," "," ","0",0," "," ","0",0," "," ","0",0," "," ","0",0," "," ","0",0," "," ","0",0," "," ","0",0," "," ","0",0," "," ","0",0," "," ","0",0," "," ","0",0," "," ","0",0,"P"," ","0"
"1297","USC00359461",1986,8,"SNOW",0,"P"," ","0",0,"P"," ","0",0,"P"," ","0",0,"P"," ","0",0,"P"," ","0",0,"P"," ","0",0,"P"," ","0",0,"P"," ","0",0,"P"," ","0",0,"P"," ","0",0,"P"," ","0",0,"P"," ","0",0,"P"," ","0",0,"P"," ","0",0,"P"," ","0",0,"P"," ","0",0,"P"," ","0",0,"P"," ","0",0,"P"," ","0",0,"P"," ","0",0,"P"," ","0",0,"P"," ","0",0,"P"," ","0",0,"P"," ","0",0,"P"," ","0",0,"P"," ","0",0,"P"," ","0",0,"P"," ","0",0,"P"," ","0",0,"P"," ","0",0,"P"," ","0"
"1298","USC00359461",1986,8,"SNWD",0," "," ","0",0,"P"," ","0",0,"P"," ","0",0,"P"," ","0",0,"P"," ","0",0,"P"," ","0",0,"P"," ","0",0,"P"," ","0",0,"P"," ","0",0,"P"," ","0",0,"P"," ","0",0,"P"," ","0",0,"P"," ","0",0,"P"," ","0",0,"P"," ","0",0,"P"," ","0",0,"P"," ","0",0,"P"," ","0",0,"P"," ","0",0,"P"," ","0",0,"P"," ","0",0,"P"," ","0",0,"P"," ","0",0,"P"," ","0",0,"P"," ","0",0,"P"," ","0",0,"P"," ","0",0,"P"," ","0",0,"P"," ","0",0,"P"," ","0",0,"P"," ","0"
"1299","USC00359461",1986,9,"PRCP",0," "," ","0",0," "," ","0",0," "," ","0",0," "," ","0",0," "," ","0",0," "," ","0",0," "," ","0",0," "," ","0",0," "," ","0",0," "," ","0",0," "," ","0",0," "," ","0",0," "," ","0",0," "," ","0",0,"T"," ","0",8," "," ","0",91," "," ","0",119," "," ","0",53," "," ","0",23," "," ","0",53," "," ","0",3," "," ","0",0," "," ","0",140," "," ","0",193," "," ","0",178," "," ","0",191," "," ","0",13," "," ","0",0,"T"," ","0",10," "," ","0",NA," "," "," "
"1300","USC00359461",1986,9,"SNOW",0,"P"," ","0",0,"P"," ","0",0,"P"," ","0",0,"P"," ","0",0,"P"," ","0",0,"P"," ","0",0,"P"," ","0",0,"P"," ","0",0,"P"," ","0",0,"P"," ","0",0,"P"," ","0",0,"P"," ","0",0,"P"," ","0",0,"P"," ","0",0,"P"," ","0",0,"P"," ","0",0,"P"," ","0",0,"P"," ","0",0,"P"," ","0",0,"P"," ","0",0,"P"," ","0",0,"P"," ","0",0,"P"," ","0",0,"P"," ","0",NA," "," "," ",NA," "," "," ",0,"P"," ","0",0,"P"," ","0",0,"P"," ","0",0,"P"," ","0",NA," "," "," "
"1301","USC00359461",1986,9,"SNWD",0," "," ","0",0,"P"," ","0",0,"P"," ","0",0,"P"," ","0",0,"P"," ","0",0,"P"," ","0",0,"P"," ","0",0,"P"," ","0",0,"P"," ","0",0,"P"," ","0",0,"P"," ","0",0,"P"," ","0",0,"P"," ","0",0,"P"," ","0",0,"P"," ","0",0,"P"," ","0",0,"P"," ","0",0,"P"," ","0",0,"P"," ","0",0,"P"," ","0",0,"P"," ","0",0,"P"," ","0",0,"P"," ","0",0,"P"," ","0",NA," "," "," ",NA," "," "," ",NA," "," "," ",NA," "," "," ",NA," "," "," ",NA," "," "," ",NA," "," "," "
"1302","USC00359461",1986,10,"PRCP",8," "," ","0",0," "," ","0",0," "," ","0",0," "," ","0",0," "," ","0",0," "," ","0",0," "," ","0",0," "," ","0",0," "," ","0",0," "," ","0",0," "," ","0",0," "," ","0",0," "," ","0",0," "," ","0",0," "," ","0",0," "," ","0",33," "," ","0",130," "," ","0",3," "," ","0",0," "," ","0",0," "," ","0",0," "," ","0",0," "," ","0",25," "," ","0",0,"T"," ","0",58," "," ","0",76," "," ","0",3," "," ","0",0," "," ","0",191," "," ","0",23," "," ","0"
"1303","USC00359461",1986,10,"SNOW",0,"P"," ","0",0,"P"," ","0",0,"P"," ","0",0,"P"," ","0",0,"P"," ","0",0,"P"," ","0",0,"P"," ","0",0,"P"," ","0",0,"P"," ","0",0,"P"," ","0",0,"P"," ","0",0,"P"," ","0",0,"P"," ","0",0,"P"," ","0",0,"P"," ","0",0,"P"," ","0",0,"P"," ","0",0,"P"," ","0",0,"P"," ","0",0,"P"," ","0",0,"P"," ","0",0,"P"," ","0",0,"P"," ","0",0,"P"," ","0",0,"P"," ","0",0,"P"," ","0",0,"P"," ","0",0,"P"," ","0",0,"P"," ","0",0,"P"," ","0",0,"P"," ","0"
"1304","USC00359461",1986,10,"SNWD",0," "," ","0",0,"P"," ","0",0,"P"," ","0",0,"P"," ","0",0,"P"," ","0",0,"P"," ","0",0,"P"," ","0",0,"P"," ","0",0,"P"," ","0",0,"P"," ","0",0,"P"," ","0",0,"P"," ","0",0,"P"," ","0",0,"P"," ","0",0,"P"," ","0",0,"P"," ","0",0,"P"," ","0",0,"P"," ","0",0,"P"," ","0",0,"P"," ","0",0,"P"," ","0",0,"P"," ","0",0,"P"," ","0",0,"P"," ","0",0,"P"," ","0",0,"P"," ","0",0,"P"," ","0",0,"P"," ","0",0,"P"," ","0",0,"P"," ","0",0,"P"," ","0"
"1305","USC00359461",1986,11,"PRCP",3," "," ","0",0," "," ","0",0," "," ","0",0," "," ","0",3," "," ","0",3," "," ","0",119," "," ","0",33," "," ","0",30," "," ","0",13," "," ","0",3," "," ","0",3," "," ","0",0," "," ","0",41," "," ","0",3," "," ","0",0," "," ","0",0,"T"," ","0",0," "," ","0",71," "," ","0",3," "," ","0",203," "," ","0",229," "," ","0",33," "," ","0",0,"T"," ","0",91," "," ","0",28," "," ","0",310," "," ","0",488," "," ","0",46," "," ","0",0,"T"," ","0",NA," "," "," "
"1306","USC00359461",1986,11,"SNOW",0,"P"," ","0",0,"P"," ","0",0,"P"," ","0",0,"P"," ","0",0,"P"," ","0",0,"P"," ","0",0,"P"," ","0",0,"P"," ","0",0,"P"," ","0",0,"P"," ","0",0,"P"," ","0",0,"P"," ","0",0,"P"," ","0",0,"P"," ","0",0,"P"," ","0",0,"P"," ","0",0,"P"," ","0",0,"P"," ","0",0,"P"," ","0",0,"P"," ","0",0,"P"," ","0",0,"P"," ","0",0,"P"," ","0",0,"P"," ","0",0,"P"," ","0",0,"P"," ","0",0,"P"," ","0",0,"P"," ","0",0,"P"," ","0",0,"P"," ","0",NA," "," "," "
"1307","USC00359461",1986,11,"SNWD",0," "," ","0",0,"P"," ","0",0,"P"," ","0",0,"P"," ","0",0,"P"," ","0",0,"P"," ","0",0,"P"," ","0",0,"P"," ","0",0,"P"," ","0",0,"P"," ","0",0,"P"," ","0",0,"P"," ","0",0,"P"," ","0",0,"P"," ","0",0,"P"," ","0",0,"P"," ","0",0,"P"," ","0",0,"P"," ","0",0,"P"," ","0",0,"P"," ","0",0,"P"," ","0",0,"P"," ","0",0,"P"," ","0",0,"P"," ","0",0,"P"," ","0",0,"P"," ","0",0,"P"," ","0",0,"P"," ","0",0,"P"," ","0",0,"P"," ","0",NA," "," "," "
"1308","USC00359461",1986,12,"PRCP",0," "," ","0",5," "," ","0",0," "," ","0",3," "," ","0",25," "," ","0",3," "," ","0",0," "," ","0",0," "," ","0",0," "," ","0",0," "," ","0",0," "," ","0",30," "," ","0",23," "," ","0",28," "," ","0",5," "," ","0",0," "," ","0",3," "," ","0",0,"T"," ","0",51," "," ","0",25," "," ","0",0,"T"," ","0",33," "," ","0",74," "," ","0",33," "," ","0",3," "," ","0",48," "," ","0",0,"T"," ","0",5," "," ","0",86," "," ","0",13," "," ","0",10," "," ","0"
"1309","USC00359461",1986,12,"SNOW",0,"P"," ","0",0,"P"," ","0",0,"P"," ","0",0,"P"," ","0",0,"P"," ","0",0,"P"," ","0",0,"P"," ","0",0,"P"," ","0",0,"P"," ","0",0,"P"," ","0",0,"P"," ","0",0,"P"," ","0",0,"P"," ","0",0,"P"," ","0",0,"P"," ","0",0,"P"," ","0",0,"P"," ","0",0,"P"," ","0",0,"P"," ","0",0,"P"," ","0",0,"P"," ","0",0,"P"," ","0",0,"P"," ","0",0,"P"," ","0",0,"P"," ","0",0,"P"," ","0",0,"P"," ","0",0,"P"," ","0",0,"P"," ","0",0,"P"," ","0",0,"P"," ","0"
"1310","USC00359461",1986,12,"SNWD",0," "," ","0",0,"P"," ","0",0,"P"," ","0",0,"P"," ","0",0,"P"," ","0",0,"P"," ","0",0,"P"," ","0",0,"P"," ","0",0,"P"," ","0",0,"P"," ","0",0,"P"," ","0",0,"P"," ","0",0,"P"," ","0",0,"P"," ","0",0,"P"," ","0",0,"P"," ","0",0,"P"," ","0",0,"P"," ","0",0,"P"," ","0",0,"P"," ","0",0,"P"," ","0",0,"P"," ","0",0,"P"," ","0",0,"P"," ","0",0,"P"," ","0",0,"P"," ","0",0,"P"," ","0",0,"P"," ","0",0,"P"," ","0",0,"P"," ","0",0,"P"," ","0"
"1311","USC00359461",1987,1,"PRCP",170," "," ","0",140," "," ","0",124," "," ","0",23," "," ","0",5," "," ","0",5," "," ","0",0," "," ","0",0," "," ","0",0," "," ","0",0," "," ","0",0," "," ","0",76," "," ","0",122," "," ","0",25," "," ","0",10," "," ","0",0," "," ","0",0," "," ","0",0," "," ","0",0," "," ","0",0," "," ","0",0," "," ","0",0," "," ","0",48," "," ","0",142," "," ","0",203," "," ","0",119," "," ","0",53," "," ","0",89," "," ","0",5," "," ","0",18," "," ","0",61," "," ","0"
"1312","USC00359461",1987,1,"SNOW",0,"P"," ","0",0,"P"," ","0",0,"P"," ","0",0,"P"," ","0",0,"P"," ","0",0,"P"," ","0",0,"P"," ","0",0,"P"," ","0",0,"P"," ","0",0,"P"," ","0",0,"P"," ","0",0,"P"," ","0",0,"P"," ","0",0,"P"," ","0",0,"P"," ","0",0,"P"," ","0",0,"P"," ","0",0,"P"," ","0",0,"P"," ","0",0,"P"," ","0",0,"P"," ","0",0,"P"," ","0",0,"P"," ","0",0,"P"," ","0",0,"P"," ","0",0,"P"," ","0",0,"P"," ","0",0,"P"," ","0",0,"P"," ","0",0,"P"," ","0",0,"P"," ","0"
"1313","USC00359461",1987,1,"SNWD",0," "," ","0",0,"P"," ","0",0,"P"," ","0",0,"P"," ","0",0,"P"," ","0",0,"P"," ","0",0,"P"," ","0",0,"P"," ","0",0,"P"," ","0",0,"P"," ","0",0,"P"," ","0",0,"P"," ","0",0,"P"," ","0",0,"P"," ","0",0,"P"," ","0",0,"P"," ","0",0,"P"," ","0",0,"P"," ","0",0,"P"," ","0",0,"P"," ","0",0,"P"," ","0",0,"P"," ","0",0,"P"," ","0",0,"P"," ","0",0,"P"," ","0",0,"P"," ","0",0,"P"," ","0",0,"P"," ","0",0,"P"," ","0",0,"P"," ","0",0,"P"," ","0"
"1314","USC00359461",1987,2,"PRCP",124," "," ","0",414," "," ","0",0," "," ","0",10," "," ","0",0," "," ","0",0," "," ","0",0," "," ","0",0," "," ","0",0," "," ","0",8," "," ","0",18," "," ","0",0,"T"," ","0",112," "," ","0",132," "," ","0",64," "," ","0",25," "," ","0",36," "," ","0",18," "," ","0",0,"T"," ","0",0," "," ","0",28," "," ","0",20," "," ","0",81," "," ","0",13," "," ","0",0," "," ","0",0," "," ","0",0," "," ","0",0," "," ","0",NA," "," "," ",NA," "," "," ",NA," "," "," "
"1315","USC00359461",1987,2,"SNOW",0,"P"," ","0",0,"P"," ","0",0,"P"," ","0",0,"P"," ","0",0,"P"," ","0",0,"P"," ","0",0,"P"," ","0",0,"P"," ","0",0,"P"," ","0",0,"P"," ","0",0,"P"," ","0",0,"P"," ","0",0,"P"," ","0",0,"P"," ","0",0,"P"," ","0",0,"P"," ","0",0,"P"," ","0",0,"P"," ","0",0,"P"," ","0",0,"P"," ","0",0,"P"," ","0",0,"P"," ","0",0,"P"," ","0",0,"P"," ","0",0,"P"," ","0",0,"P"," ","0",0,"P"," ","0",0,"P"," ","0",NA," "," "," ",NA," "," "," ",NA," "," "," "
"1316","USC00359461",1987,2,"SNWD",0," "," ","0",0,"P"," ","0",0,"P"," ","0",0,"P"," ","0",0,"P"," ","0",0,"P"," ","0",0,"P"," ","0",0,"P"," ","0",0,"P"," ","0",0,"P"," ","0",0,"P"," ","0",0,"P"," ","0",0,"P"," ","0",0,"P"," ","0",0,"P"," ","0",0,"P"," ","0",0,"P"," ","0",0,"P"," ","0",0,"P"," ","0",0,"P"," ","0",0,"P"," ","0",0,"P"," ","0",0,"P"," ","0",0,"P"," ","0",0,"P"," ","0",0,"P"," ","0",0,"P"," ","0",0,"P"," ","0",NA," "," "," ",NA," "," "," ",NA," "," "," "
"1317","USC00359461",1987,3,"PRCP",0," "," ","0",5," "," ","0",8," "," ","0",0," "," ","0",0," "," ","0",13," "," ","0",0," "," ","0",23," "," ","0",33," "," ","0",0," "," ","0",20," "," ","0",51," "," ","0",38," "," ","0",122," "," ","0",15," "," ","0",8," "," ","0",28," "," ","0",102," "," ","0",66," "," ","0",5," "," ","0",3," "," ","0",0," "," ","0",112," "," ","0",5," "," ","0",0," "," ","0",0," "," ","0",0," "," ","0",0," "," ","0",0," "," ","0",0," "," ","0",0," "," ","0"
"1318","USC00359461",1987,3,"SNOW",0,"P"," ","0",0,"P"," ","0",0,"P"," ","0",0,"P"," ","0",0,"P"," ","0",0,"P"," ","0",0,"P"," ","0",0,"P"," ","0",0,"P"," ","0",0,"P"," ","0",0,"P"," ","0",0,"P"," ","0",0,"P"," ","0",0,"P"," ","0",0,"P"," ","0",0,"P"," ","0",0,"P"," ","0",0,"P"," ","0",0,"P"," ","0",0,"P"," ","0",0,"P"," ","0",0,"P"," ","0",0,"P"," ","0",0,"P"," ","0",0,"P"," ","0",0,"P"," ","0",0,"P"," ","0",0,"P"," ","0",0,"P"," ","0",0,"P"," ","0",0,"P"," ","0"
"1319","USC00359461",1987,3,"SNWD",0," "," ","0",0,"P"," ","0",0,"P"," ","0",0,"P"," ","0",0,"P"," ","0",0,"P"," ","0",0,"P"," ","0",0,"P"," ","0",0,"P"," ","0",0,"P"," ","0",0,"P"," ","0",0,"P"," ","0",0,"P"," ","0",0,"P"," ","0",0,"P"," ","0",0,"P"," ","0",0,"P"," ","0",0,"P"," ","0",0,"P"," ","0",0,"P"," ","0",0,"P"," ","0",0,"P"," ","0",0,"P"," ","0",0,"P"," ","0",0,"P"," ","0",0,"P"," ","0",0,"P"," ","0",0,"P"," ","0",0,"P"," ","0",0,"P"," ","0",0,"P"," ","0"
"1320","USC00359461",1987,4,"PRCP",0," "," ","0",0," "," ","0",102," "," ","0",15," "," ","0",0," "," ","0",3," "," ","0",8," "," ","0",13," "," ","0",0," "," ","0",0," "," ","0",36," "," ","0",36," "," ","0",0," "," ","0",0," "," ","0",0," "," ","0",0," "," ","0",0," "," ","0",33," "," ","0",33," "," ","0",0," "," ","0",0," "," ","0",0," "," ","0",0," "," ","0",0," "," ","0",0," "," ","0",0," "," ","0",0," "," ","0",0," "," ","0",0," "," ","0",13," "," ","0",NA," "," "," "
"1321","USC00359461",1987,4,"SNOW",0,"P"," ","0",0,"P"," ","0",0,"P"," ","0",0,"P"," ","0",0,"P"," ","0",0,"P"," ","0",0,"P"," ","0",0,"P"," ","0",0,"P"," ","0",0,"P"," ","0",0,"P"," ","0",0,"P"," ","0",0,"P"," ","0",0,"P"," ","0",0,"P"," ","0",0,"P"," ","0",0,"P"," ","0",0,"P"," ","0",0,"P"," ","0",0,"P"," ","0",0,"P"," ","0",0,"P"," ","0",0,"P"," ","0",0,"P"," ","0",0,"P"," ","0",0,"P"," ","0",0,"P"," ","0",0,"P"," ","0",0,"P"," ","0",0,"P"," ","0",NA," "," "," "
"1322","USC00359461",1987,4,"SNWD",0," "," ","0",0,"P"," ","0",0,"P"," ","0",0,"P"," ","0",0,"P"," ","0",0,"P"," ","0",0,"P"," ","0",0,"P"," ","0",0,"P"," ","0",0,"P"," ","0",0,"P"," ","0",0,"P"," ","0",0,"P"," ","0",0,"P"," ","0",0,"P"," ","0",0,"P"," ","0",0,"P"," ","0",0,"P"," ","0",0,"P"," ","0",0,"P"," ","0",0,"P"," ","0",0,"P"," ","0",0,"P"," ","0",0,"P"," ","0",0,"P"," ","0",0,"P"," ","0",0,"P"," ","0",0,"P"," ","0",0,"P"," ","0",0,"P"," ","0",NA," "," "," "
"1323","USC00359461",1987,5,"PRCP",33," "," ","0",20," "," ","0",0," "," ","0",0," "," ","0",0," "," ","0",0," "," ","0",0," "," ","0",5," "," ","0",0," "," ","0",0," "," ","0",0," "," ","0",0," "," ","0",0," "," ","0",0," "," ","0",0," "," ","0",0," "," ","0",0," "," ","0",0," "," ","0",0," "," ","0",0," "," ","0",0," "," ","0",0," "," ","0",0," "," ","0",0," "," ","0",165," "," ","0",3," "," ","0",0," "," ","0",0," "," ","0",0," "," ","0",0," "," ","0",25," "," ","0"
"1324","USC00359461",1987,5,"SNOW",0,"P"," ","0",0,"P"," ","0",0,"P"," ","0",0,"P"," ","0",0,"P"," ","0",0,"P"," ","0",0,"P"," ","0",0,"P"," ","0",0,"P"," ","0",0,"P"," ","0",0,"P"," ","0",0,"P"," ","0",0,"P"," ","0",0,"P"," ","0",0,"P"," ","0",0,"P"," ","0",0,"P"," ","0",0,"P"," ","0",0,"P"," ","0",0,"P"," ","0",0,"P"," ","0",0,"P"," ","0",0,"P"," ","0",0,"P"," ","0",0,"P"," ","0",0,"P"," ","0",0,"P"," ","0",0,"P"," ","0",0,"P"," ","0",0,"P"," ","0",0,"P"," ","0"
"1325","USC00359461",1987,5,"SNWD",0," "," ","0",0,"P"," ","0",0,"P"," ","0",0,"P"," ","0",0,"P"," ","0",0,"P"," ","0",0,"P"," ","0",0,"P"," ","0",0,"P"," ","0",0,"P"," ","0",0,"P"," ","0",0,"P"," ","0",0,"P"," ","0",0,"P"," ","0",0,"P"," ","0",0,"P"," ","0",0,"P"," ","0",0,"P"," ","0",0,"P"," ","0",0,"P"," ","0",0,"P"," ","0",0,"P"," ","0",0,"P"," ","0",0,"P"," ","0",0,"P"," ","0",0,"P"," ","0",0,"P"," ","0",0,"P"," ","0",0,"P"," ","0",0,"P"," ","0",0,"P"," ","0"
"1326","USC00359461",1987,6,"PRCP",18," "," ","0",0," "," ","0",0," "," ","0",0," "," ","0",0," "," ","0",0," "," ","0",0," "," ","0",0," "," ","0",0," "," ","0",0," "," ","0",0," "," ","0",0," "," ","0",0," "," ","0",0," "," ","0",0,"T"," ","0",0," "," ","0",0," "," ","0",0," "," ","0",0," "," ","0",0," "," ","0",8," "," ","0",8," "," ","0",0," "," ","0",0," "," ","0",0," "," ","0",0," "," ","0",0," "," ","0",0," "," ","0",0," "," ","0",0," "," ","0",NA," "," "," "
"1327","USC00359461",1987,6,"SNOW",0,"P"," ","0",0,"P"," ","0",0,"P"," ","0",0,"P"," ","0",0,"P"," ","0",0,"P"," ","0",0,"P"," ","0",0,"P"," ","0",0,"P"," ","0",0,"P"," ","0",0,"P"," ","0",0,"P"," ","0",0,"P"," ","0",0,"P"," ","0",0,"P"," ","0",0,"P"," ","0",0,"P"," ","0",0,"P"," ","0",0,"P"," ","0",0,"P"," ","0",0,"P"," ","0",0,"P"," ","0",0,"P"," ","0",0,"P"," ","0",0,"P"," ","0",0,"P"," ","0",0,"P"," ","0",0,"P"," ","0",0,"P"," ","0",0,"P"," ","0",NA," "," "," "
"1328","USC00359461",1987,6,"SNWD",0," "," ","0",0,"P"," ","0",0,"P"," ","0",0,"P"," ","0",0,"P"," ","0",0,"P"," ","0",0,"P"," ","0",0,"P"," ","0",0,"P"," ","0",0,"P"," ","0",0,"P"," ","0",0,"P"," ","0",0,"P"," ","0",0,"P"," ","0",0,"P"," ","0",0,"P"," ","0",0,"P"," ","0",0,"P"," ","0",0,"P"," ","0",0,"P"," ","0",0,"P"," ","0",0,"P"," ","0",0,"P"," ","0",0,"P"," ","0",0,"P"," ","0",0,"P"," ","0",0,"P"," ","0",0,"P"," ","0",0,"P"," ","0",0,"P"," ","0",NA," "," "," "
"1329","USC00359461",1987,7,"PRCP",0," "," ","0",0," "," ","0",0," "," ","0",0," "," ","0",0," "," ","0",0," "," ","0",0," "," ","0",0," "," ","0",0," "," ","0",0," "," ","0",0," "," ","0",0," "," ","0",0," "," ","0",0," "," ","0",0," "," ","0",0," "," ","0",10," "," ","0",79," "," ","0",323," "," ","0",0," "," ","0",112," "," ","0",81," "," ","0",0," "," ","0",0," "," ","0",0," "," ","0",0," "," ","0",0," "," ","0",0," "," ","0",0," "," ","0",0," "," ","0",0," "," ","0"
"1330","USC00359461",1987,7,"SNOW",0,"P"," ","0",0,"P"," ","0",0,"P"," ","0",0,"P"," ","0",0,"P"," ","0",0,"P"," ","0",0,"P"," ","0",0,"P"," ","0",0,"P"," ","0",0,"P"," ","0",0,"P"," ","0",0,"P"," ","0",0,"P"," ","0",0,"P"," ","0",0,"P"," ","0",0,"P"," ","0",0,"P"," ","0",0,"P"," ","0",0,"P"," ","0",0,"P"," ","0",0,"P"," ","0",0,"P"," ","0",0,"P"," ","0",0,"P"," ","0",0,"P"," ","0",0,"P"," ","0",0,"P"," ","0",0,"P"," ","0",0,"P"," ","0",0,"P"," ","0",0,"P"," ","0"
"1331","USC00359461",1987,7,"SNWD",0," "," ","0",0,"P"," ","0",0,"P"," ","0",0,"P"," ","0",0,"P"," ","0",0,"P"," ","0",0,"P"," ","0",0,"P"," ","0",0,"P"," ","0",0,"P"," ","0",0,"P"," ","0",0,"P"," ","0",0,"P"," ","0",0,"P"," ","0",0,"P"," ","0",0,"P"," ","0",0,"P"," ","0",0,"P"," ","0",0,"P"," ","0",0,"P"," ","0",0,"P"," ","0",0,"P"," ","0",0,"P"," ","0",0,"P"," ","0",0,"P"," ","0",0,"P"," ","0",0,"P"," ","0",0,"P"," ","0",0,"P"," ","0",0,"P"," ","0",0,"P"," ","0"
"1332","USC00359461",1987,8,"PRCP",0," "," ","0",0," "," ","0",0," "," ","0",0," "," ","0",0," "," ","0",0," "," ","0",0," "," ","0",0," "," ","0",0," "," ","0",0," "," ","0",0," "," ","0",0," "," ","0",0,"T"," ","0",23," "," ","0",0,"T"," ","0",0," "," ","0",0," "," ","0",0," "," ","0",0," "," ","0",0," "," ","0",0," "," ","0",0," "," ","0",0," "," ","0",0," "," ","0",0," "," ","0",0," "," ","0",0," "," ","0",0," "," ","0",0," "," ","0",0," "," ","0",0," "," ","0"
"1333","USC00359461",1987,8,"SNOW",0,"P"," ","0",0,"P"," ","0",0,"P"," ","0",0,"P"," ","0",0,"P"," ","0",0,"P"," ","0",0,"P"," ","0",0,"P"," ","0",0,"P"," ","0",0,"P"," ","0",0,"P"," ","0",0,"P"," ","0",0,"P"," ","0",0,"P"," ","0",0,"P"," ","0",0,"P"," ","0",0,"P"," ","0",0,"P"," ","0",0,"P"," ","0",0,"P"," ","0",0,"P"," ","0",0,"P"," ","0",0,"P"," ","0",0,"P"," ","0",0,"P"," ","0",0,"P"," ","0",0,"P"," ","0",0,"P"," ","0",0,"P"," ","0",0,"P"," ","0",0,"P"," ","0"
"1334","USC00359461",1987,8,"SNWD",0," "," ","0",0,"P"," ","0",0,"P"," ","0",0,"P"," ","0",0,"P"," ","0",0,"P"," ","0",0,"P"," ","0",0,"P"," ","0",0,"P"," ","0",0,"P"," ","0",0,"P"," ","0",0,"P"," ","0",0,"P"," ","0",0,"P"," ","0",0,"P"," ","0",0,"P"," ","0",0,"P"," ","0",0,"P"," ","0",0,"P"," ","0",0,"P"," ","0",0,"P"," ","0",0,"P"," ","0",0,"P"," ","0",0,"P"," ","0",0,"P"," ","0",0,"P"," ","0",0,"P"," ","0",0,"P"," ","0",0,"P"," ","0",0,"P"," ","0",0,"P"," ","0"
"1335","USC00359461",1987,9,"PRCP",0," "," ","0",0," "," ","0",0," "," ","0",0," "," ","0",0," "," ","0",0," "," ","0",0," "," ","0",0," "," ","0",0," "," ","0",0," "," ","0",0," "," ","0",0," "," ","0",0," "," ","0",0," "," ","0",0," "," ","0",0," "," ","0",0," "," ","0",0," "," ","0",0," "," ","0",0," "," ","0",0," "," ","0",0," "," ","0",0," "," ","0",0," "," ","0",0," "," ","0",3," "," ","0",0," "," ","0",0," "," ","0",0," "," ","0",0," "," ","0",NA," "," "," "
"1336","USC00359461",1987,9,"SNOW",0,"P"," ","0",0,"P"," ","0",0,"P"," ","0",0,"P"," ","0",0,"P"," ","0",0,"P"," ","0",0,"P"," ","0",0,"P"," ","0",0,"P"," ","0",0,"P"," ","0",0,"P"," ","0",0,"P"," ","0",0,"P"," ","0",0,"P"," ","0",0,"P"," ","0",0,"P"," ","0",0,"P"," ","0",0,"P"," ","0",0,"P"," ","0",0,"P"," ","0",0,"P"," ","0",0,"P"," ","0",0,"P"," ","0",0,"P"," ","0",0,"P"," ","0",0,"P"," ","0",0,"P"," ","0",0,"P"," ","0",0,"P"," ","0",0,"P"," ","0",NA," "," "," "
"1337","USC00359461",1987,9,"SNWD",0," "," ","0",0,"P"," ","0",0,"P"," ","0",0,"P"," ","0",0,"P"," ","0",0,"P"," ","0",0,"P"," ","0",0,"P"," ","0",0,"P"," ","0",0,"P"," ","0",0,"P"," ","0",0,"P"," ","0",0,"P"," ","0",0,"P"," ","0",0,"P"," ","0",0,"P"," ","0",0,"P"," ","0",0,"P"," ","0",0,"P"," ","0",0,"P"," ","0",0,"P"," ","0",0,"P"," ","0",0,"P"," ","0",0,"P"," ","0",0,"P"," ","0",0,"P"," ","0",0,"P"," ","0",0,"P"," ","0",0,"P"," ","0",0,"P"," ","0",NA," "," "," "
"1338","USC00359461",1987,10,"PRCP",0," "," ","0",0," "," ","0",0," "," ","0",0," "," ","0",0," "," ","0",0," "," ","0",0," "," ","0",0," "," ","0",0," "," ","0",0," "," ","0",0," "," ","0",0," "," ","0",0," "," ","0",0," "," ","0",0," "," ","0",0," "," ","0",0," "," ","0",0," "," ","0",0," "," ","0",0," "," ","0",0," "," ","0",0," "," ","0",0," "," ","0",0," "," ","0",0," "," ","0",0," "," ","0",0," "," ","0",0," "," ","0",0," "," ","0",3," "," ","0",15," "," ","0"
"1339","USC00359461",1987,10,"SNOW",0,"P"," ","0",0,"P"," ","0",0,"P"," ","0",0,"P"," ","0",0,"P"," ","0",0,"P"," ","0",0,"P"," ","0",0,"P"," ","0",0,"P"," ","0",0,"P"," ","0",0,"P"," ","0",0,"P"," ","0",0,"P"," ","0",0,"P"," ","0",0,"P"," ","0",0,"P"," ","0",0,"P"," ","0",0,"P"," ","0",0,"P"," ","0",0,"P"," ","0",0,"P"," ","0",0,"P"," ","0",0,"P"," ","0",0,"P"," ","0",0,"P"," ","0",0,"P"," ","0",0,"P"," ","0",0,"P"," ","0",0,"P"," ","0",0,"P"," ","0",0,"P"," ","0"
"1340","USC00359461",1987,10,"SNWD",0," "," ","0",0,"P"," ","0",0,"P"," ","0",0,"P"," ","0",0,"P"," ","0",0,"P"," ","0",0,"P"," ","0",0,"P"," ","0",0,"P"," ","0",0,"P"," ","0",0,"P"," ","0",0,"P"," ","0",0,"P"," ","0",0,"P"," ","0",0,"P"," ","0",0,"P"," ","0",0,"P"," ","0",0,"P"," ","0",0,"P"," ","0",0,"P"," ","0",0,"P"," ","0",0,"P"," ","0",0,"P"," ","0",0,"P"," ","0",0,"P"," ","0",0,"P"," ","0",0,"P"," ","0",0,"P"," ","0",0,"P"," ","0",0,"P"," ","0",0,"P"," ","0"
"1341","USC00359461",1987,11,"PRCP",43," "," ","0",64," "," ","0",3," "," ","0",0," "," ","0",0,"T"," ","0",0,"T"," ","0",0," "," ","0",0," "," ","0",64," "," ","0",0," "," ","0",10," "," ","0",178," "," ","0",51," "," ","0",51," "," ","0",20," "," ","0",76," "," ","0",30," "," ","0",3," "," ","0",3," "," ","0",0," "," ","0",30," "," ","0",5," "," ","0",61," "," ","0",53," "," ","0",69," "," ","0",3," "," ","0",0,"T"," ","0",3," "," ","0",0,"T"," ","0",79," "," ","0",NA," "," "," "
"1342","USC00359461",1987,11,"SNOW",0,"P"," ","0",0,"P"," ","0",0,"P"," ","0",0,"P"," ","0",0,"P"," ","0",0,"P"," ","0",0,"P"," ","0",0,"P"," ","0",0,"P"," ","0",0,"P"," ","0",0,"P"," ","0",0,"P"," ","0",0,"P"," ","0",0,"P"," ","0",0,"P"," ","0",0,"P"," ","0",0,"P"," ","0",0,"P"," ","0",0,"P"," ","0",0,"P"," ","0",0,"P"," ","0",0,"P"," ","0",0,"P"," ","0",0,"P"," ","0",0,"P"," ","0",0,"P"," ","0",0,"P"," ","0",0,"P"," ","0",0,"P"," ","0",0,"P"," ","0",NA," "," "," "
"1343","USC00359461",1987,11,"SNWD",0," "," ","0",0,"P"," ","0",0,"P"," ","0",0,"P"," ","0",0,"P"," ","0",0,"P"," ","0",0,"P"," ","0",0,"P"," ","0",0,"P"," ","0",0,"P"," ","0",0,"P"," ","0",0,"P"," ","0",0,"P"," ","0",0,"P"," ","0",0,"P"," ","0",0,"P"," ","0",0,"P"," ","0",0,"P"," ","0",0,"P"," ","0",0,"P"," ","0",0,"P"," ","0",0,"P"," ","0",0,"P"," ","0",0,"P"," ","0",0,"P"," ","0",0,"P"," ","0",0,"P"," ","0",0,"P"," ","0",0,"P"," ","0",0,"P"," ","0",NA," "," "," "
"1344","USC00359461",1987,12,"PRCP",38," "," ","0",196," "," ","0",373," "," ","0",246," "," ","0",48," "," ","0",257," "," ","0",191," "," ","0",79," "," ","0",79," "," ","0",91," "," ","0",41," "," ","0",5," "," ","0",0," "," ","0",0," "," ","0",66," "," ","0",292," "," ","0",15," "," ","0",0," "," ","0",0," "," ","0",0," "," ","0",28," "," ","0",64," "," ","0",46," "," ","0",0,"T"," ","0",0," "," ","0",0," "," ","0",0," "," ","0",18," "," ","0",5," "," ","0",28," "," ","0",46," "," ","0"
"1345","USC00359461",1987,12,"SNOW",0,"P"," ","0",0,"P"," ","0",0,"P"," ","0",0,"P"," ","0",0,"P"," ","0",0,"P"," ","0",0,"P"," ","0",0,"P"," ","0",0,"P"," ","0",0,"P"," ","0",0,"P"," ","0",0,"P"," ","0",0,"P"," ","0",0,"P"," ","0",0,"P"," ","0",0,"P"," ","0",0,"P"," ","0",0,"P"," ","0",0,"P"," ","0",0,"P"," ","0",0,"P"," ","0",0,"P"," ","0",0,"P"," ","0",0,"P"," ","0",0,"P"," ","0",0,"P"," ","0",0,"P"," ","0",0,"P"," ","0",0,"P"," ","0",NA," "," "," ",0,"P"," ","0"
"1346","USC00359461",1987,12,"SNWD",0," "," ","0",0,"P"," ","0",0,"P"," ","0",0,"P"," ","0",0,"P"," ","0",0,"P"," ","0",0,"P"," ","0",0,"P"," ","0",0,"P"," ","0",0,"P"," ","0",0,"P"," ","0",0,"P"," ","0",0,"P"," ","0",0,"P"," ","0",0,"P"," ","0",0,"P"," ","0",0,"P"," ","0",0,"P"," ","0",0,"P"," ","0",0,"P"," ","0",0,"P"," ","0",0,"P"," ","0",0,"P"," ","0",0,"P"," ","0",0,"P"," ","0",0,"P"," ","0",0,"P"," ","0",0,"P"," ","0",0,"P"," ","0",NA," "," "," ",NA," "," "," "
"1347","USC00359461",1988,1,"PRCP",3," "," ","0",0," "," ","0",48," "," ","0",18," "," ","0",3," "," ","0",18," "," ","0",5," "," ","0",48," "," ","0",132," "," ","0",480," "," ","0",119," "," ","0",43," "," ","0",8," "," ","0",58," "," ","0",279," "," ","0",183," "," ","0",5," "," ","0",20," "," ","0",18," "," ","0",10," "," ","0",8," "," ","0",5," "," ","0",10," "," ","0",0," "," ","0",0," "," ","0",0," "," ","0",0," "," ","0",0," "," ","0",46," "," ","0",43," "," ","0",30," "," ","0"
"1348","USC00359461",1988,1,"SNOW",0,"P"," ","0",0,"P"," ","0",0,"P"," ","0",0,"P"," ","0",0,"P"," ","0",0,"P"," ","0",0,"P"," ","0",0,"P"," ","0",0,"P"," ","0",0,"P"," ","0",0,"P"," ","0",0,"P"," ","0",0,"P"," ","0",0,"P"," ","0",0,"P"," ","0",0,"P"," ","0",0,"T"," ","0",0,"P"," ","0",0,"P"," ","0",0,"P"," ","0",0,"P"," ","0",0,"P"," ","0",0,"P"," ","0",0,"P"," ","0",0,"P"," ","0",0,"P"," ","0",0,"P"," ","0",0,"P"," ","0",0,"P"," ","0",0,"P"," ","0",0,"P"," ","0"
"1349","USC00359461",1988,1,"SNWD",0," "," ","0",0,"P"," ","0",0,"P"," ","0",0,"P"," ","0",0,"P"," ","0",0,"P"," ","0",0,"P"," ","0",0,"P"," ","0",0,"P"," ","0",0,"P"," ","0",0,"P"," ","0",0,"P"," ","0",0,"P"," ","0",0,"P"," ","0",0,"P"," ","0",0,"P"," ","0",0,"T"," ","0",0," "," ","0",0,"P"," ","0",0,"P"," ","0",0,"P"," ","0",0,"P"," ","0",0,"P"," ","0",0,"P"," ","0",0,"P"," ","0",0,"P"," ","0",0,"P"," ","0",0,"P"," ","0",0,"P"," ","0",0,"P"," ","0",0,"P"," ","0"
"1350","USC00359461",1988,2,"PRCP",18," "," ","0",0," "," ","0",0," "," ","0",3," "," ","0",0,"T"," ","0",0," "," ","0",0," "," ","0",10," "," ","0",104," "," ","0",8," "," ","0",3," "," ","0",3," "," ","0",20," "," ","0",0,"T"," ","0",5," "," ","0",5," "," ","0",0," "," ","0",13," "," ","0",0," "," ","0",0," "," ","0",0," "," ","0",0," "," ","0",0," "," ","0",0," "," ","0",0," "," ","0",0," "," ","0",0," "," ","0",0,"T"," ","0",10," "," ","0",NA," "," "," ",NA," "," "," "
"1351","USC00359461",1988,2,"SNWD",0," "," ","0",NA," "," "," ",NA," "," "," ",NA," "," "," ",NA," "," "," ",NA," "," "," ",NA," "," "," ",NA," "," "," ",NA," "," "," ",NA," "," "," ",NA," "," "," ",NA," "," "," ",NA," "," "," ",NA," "," "," ",NA," "," "," ",NA," "," "," ",NA," "," "," ",NA," "," "," ",NA," "," "," ",NA," "," "," ",NA," "," "," ",NA," "," "," ",NA," "," "," ",NA," "," "," ",NA," "," "," ",NA," "," "," ",NA," "," "," ",NA," "," "," ",NA," "," "," ",NA," "," "," ",NA," "," "," "
"1352","USC00359461",1988,3,"PRCP",114," "," ","0",3," "," ","0",23," "," ","0",25," "," ","0",41," "," ","0",38," "," ","0",0,"T"," ","0",0," "," ","0",152," "," ","0",33," "," ","0",0," "," ","0",0," "," ","0",0," "," ","0",0," "," ","0",0," "," ","0",0," "," ","0",0," "," ","0",0," "," ","0",0," "," ","0",0," "," ","0",5," "," ","0",18," "," ","0",89," "," ","0",56," "," ","0",3," "," ","0",0," "," ","0",56," "," ","0",18," "," ","0",8," "," ","0",5," "," ","0",0," "," ","0"
"1353","USC00359461",1988,3,"SNOW",0,"P"," ","0",0,"P"," ","0",0,"P"," ","0",0,"P"," ","0",0,"P"," ","0",0,"P"," ","0",0,"P"," ","0",0,"P"," ","0",0,"P"," ","0",0,"P"," ","0",0,"P"," ","0",0,"P"," ","0",0,"P"," ","0",0,"P"," ","0",0,"P"," ","0",0,"P"," ","0",0,"P"," ","0",0,"P"," ","0",0,"P"," ","0",0,"P"," ","0",0,"P"," ","0",0,"P"," ","0",0,"P"," ","0",0,"P"," ","0",0,"P"," ","0",0,"P"," ","0",0,"P"," ","0",0,"P"," ","0",0,"P"," ","0",0,"P"," ","0",0,"P"," ","0"
"1354","USC00359461",1988,3,"SNWD",0," "," ","0",0,"P"," ","0",0,"P"," ","0",0,"P"," ","0",0,"P"," ","0",0,"P"," ","0",0,"P"," ","0",0,"P"," ","0",0,"P"," ","0",0,"P"," ","0",0,"P"," ","0",0,"P"," ","0",0,"P"," ","0",0,"P"," ","0",0,"P"," ","0",0,"P"," ","0",0,"P"," ","0",0,"P"," ","0",0,"P"," ","0",0,"P"," ","0",0,"P"," ","0",0,"P"," ","0",0,"P"," ","0",0,"P"," ","0",0,"P"," ","0",0,"P"," ","0",0,"P"," ","0",0,"P"," ","0",0,"P"," ","0",0,"P"," ","0",0,"P"," ","0"
"1355","USC00359461",1988,4,"PRCP",0," "," ","0",0," "," ","0",46," "," ","0",76," "," ","0",3," "," ","0",0," "," ","0",46," "," ","0",48," "," ","0",0," "," ","0",0," "," ","0",0," "," ","0",0," "," ","0",0," "," ","0",71," "," ","0",3," "," ","0",3," "," ","0",3," "," ","0",0," "," ","0",8," "," ","0",58," "," ","0",180," "," ","0",33," "," ","0",3," "," ","0",0," "," ","0",3," "," ","0",10," "," ","0",3," "," ","0",0," "," ","0",3," "," ","0",89," "," ","0",NA," "," "," "
"1356","USC00359461",1988,4,"SNOW",0,"P"," ","0",0,"P"," ","0",0,"P"," ","0",0,"P"," ","0",0,"P"," ","0",0,"P"," ","0",0,"P"," ","0",0,"P"," ","0",0,"P"," ","0",0,"P"," ","0",0,"P"," ","0",0,"P"," ","0",0,"P"," ","0",0,"P"," ","0",0,"P"," ","0",0,"P"," ","0",0,"P"," ","0",0,"P"," ","0",0,"P"," ","0",0,"P"," ","0",0,"P"," ","0",0,"P"," ","0",0,"P"," ","0",0,"P"," ","0",0,"P"," ","0",0,"P"," ","0",0,"P"," ","0",0,"P"," ","0",0,"P"," ","0",0,"P"," ","0",NA," "," "," "
"1357","USC00359461",1988,4,"SNWD",0," "," ","0",0,"P"," ","0",0,"P"," ","0",0,"P"," ","0",0,"P"," ","0",0,"P"," ","0",0,"P"," ","0",0,"P"," ","0",0,"P"," ","0",0,"P"," ","0",0,"P"," ","0",0,"P"," ","0",0,"P"," ","0",0,"P"," ","0",0,"P"," ","0",0,"P"," ","0",0,"P"," ","0",0,"P"," ","0",0,"P"," ","0",0,"P"," ","0",0,"P"," ","0",0,"P"," ","0",0,"P"," ","0",0,"P"," ","0",0,"P"," ","0",0,"P"," ","0",0,"P"," ","0",0,"P"," ","0",0,"P"," ","0",0,"P"," ","0",NA," "," "," "
"1358","USC00359461",1988,5,"PRCP",76," "," ","0",0,"T"," ","0",69," "," ","0",56," "," ","0",25," "," ","0",33," "," ","0",117," "," ","0",56," "," ","0",33," "," ","0",3," "," ","0",0," "," ","0",0," "," ","0",114," "," ","0",15," "," ","0",0," "," ","0",64," "," ","0",5," "," ","0",3," "," ","0",0," "," ","0",0," "," ","0",0," "," ","0",0," "," ","0",0," "," ","0",0," "," ","0",0," "," ","0",0," "," ","0",5," "," ","0",10," "," ","0",41," "," ","0",15," "," ","0",18," "," ","0"
"1359","USC00359461",1988,5,"SNOW",0,"P"," ","0",0,"P"," ","0",0,"P"," ","0",0,"P"," ","0",0,"P"," ","0",0,"P"," ","0",0,"P"," ","0",0,"P"," ","0",0,"P"," ","0",0,"P"," ","0",0,"P"," ","0",0,"P"," ","0",0,"P"," ","0",0,"P"," ","0",0,"P"," ","0",0,"P"," ","0",0,"P"," ","0",0,"P"," ","0",0,"P"," ","0",0,"P"," ","0",0,"P"," ","0",0,"P"," ","0",0,"P"," ","0",0,"P"," ","0",0,"P"," ","0",0,"P"," ","0",0,"P"," ","0",0,"P"," ","0",0,"P"," ","0",0,"P"," ","0",0,"P"," ","0"
"1360","USC00359461",1988,5,"SNWD",0," "," ","0",0,"P"," ","0",0,"P"," ","0",0,"P"," ","0",0,"P"," ","0",0,"P"," ","0",0,"P"," ","0",0,"P"," ","0",0,"P"," ","0",0,"P"," ","0",0,"P"," ","0",0,"P"," ","0",0,"P"," ","0",0,"P"," ","0",0,"P"," ","0",0,"P"," ","0",0,"P"," ","0",0,"P"," ","0",0,"P"," ","0",0,"P"," ","0",0,"P"," ","0",0,"P"," ","0",0,"P"," ","0",0,"P"," ","0",0,"P"," ","0",0,"P"," ","0",0,"P"," ","0",0,"P"," ","0",0,"P"," ","0",0,"P"," ","0",0,"P"," ","0"
"1361","USC00359461",1988,6,"PRCP",203," "," ","0",25," "," ","0",10," "," ","0",0," "," ","0",5," "," ","0",0," "," ","0",170," "," ","0",48," "," ","0",109," "," ","0",15," "," ","0",0," "," ","0",0," "," ","0",0," "," ","0",0," "," ","0",0," "," ","0",0," "," ","0",0," "," ","0",0," "," ","0",0," "," ","0",0," "," ","0",0," "," ","0",0," "," ","0",0," "," ","0",0," "," ","0",0," "," ","0",0," "," ","0",0," "," ","0",0," "," ","0",36," "," ","0",0," "," ","0",NA," "," "," "
"1362","USC00359461",1988,6,"SNOW",0,"P"," ","0",0,"P"," ","0",0,"P"," ","0",0,"P"," ","0",0,"P"," ","0",0,"P"," ","0",0,"P"," ","0",0,"P"," ","0",0,"P"," ","0",0,"P"," ","0",0,"P"," ","0",0,"P"," ","0",0,"P"," ","0",0,"P"," ","0",0,"P"," ","0",0,"P"," ","0",0,"P"," ","0",0,"P"," ","0",0,"P"," ","0",0,"P"," ","0",0,"P"," ","0",0,"P"," ","0",0,"P"," ","0",0,"P"," ","0",0,"P"," ","0",0,"P"," ","0",0,"P"," ","0",0,"P"," ","0",0,"P"," ","0",0,"P"," ","0",NA," "," "," "
"1363","USC00359461",1988,6,"SNWD",0," "," ","0",0,"P"," ","0",0,"P"," ","0",0,"P"," ","0",0,"P"," ","0",0,"P"," ","0",0,"P"," ","0",0,"P"," ","0",0,"P"," ","0",0,"P"," ","0",0,"P"," ","0",0,"P"," ","0",0,"P"," ","0",0,"P"," ","0",0,"P"," ","0",0,"P"," ","0",0,"P"," ","0",0,"P"," ","0",0,"P"," ","0",0,"P"," ","0",0,"P"," ","0",0,"P"," ","0",0,"P"," ","0",0,"P"," ","0",0,"P"," ","0",0,"P"," ","0",0,"P"," ","0",0,"P"," ","0",0,"P"," ","0",0,"P"," ","0",NA," "," "," "
"1364","USC00359461",1988,7,"PRCP",0," "," ","0",0," "," ","0",0," "," ","0",0," "," ","0",0," "," ","0",0," "," ","0",0," "," ","0",0," "," ","0",0," "," ","0",0," "," ","0",0," "," ","0",0," "," ","0",0," "," ","0",0," "," ","0",0," "," ","0",0," "," ","0",0," "," ","0",0," "," ","0",0," "," ","0",0," "," ","0",0," "," ","0",0," "," ","0",0," "," ","0",0," "," ","0",0," "," ","0",0," "," ","0",0," "," ","0",0," "," ","0",0," "," ","0",0," "," ","0",0," "," ","0"
"1365","USC00359461",1988,7,"SNOW",0,"P"," ","0",0,"P"," ","0",0,"P"," ","0",0,"P"," ","0",0,"P"," ","0",0,"P"," ","0",0,"P"," ","0",0,"P"," ","0",0,"P"," ","0",0,"P"," ","0",0,"P"," ","0",0,"P"," ","0",0,"P"," ","0",0,"P"," ","0",0,"P"," ","0",0,"P"," ","0",0,"P"," ","0",0,"P"," ","0",0,"P"," ","0",0,"P"," ","0",0,"P"," ","0",0,"P"," ","0",0,"P"," ","0",0,"P"," ","0",0,"P"," ","0",0,"P"," ","0",0,"P"," ","0",0,"P"," ","0",0,"P"," ","0",0,"P"," ","0",0,"P"," ","0"
"1366","USC00359461",1988,7,"SNWD",0," "," ","0",0,"P"," ","0",0,"P"," ","0",0,"P"," ","0",0,"P"," ","0",0,"P"," ","0",0,"P"," ","0",0,"P"," ","0",0,"P"," ","0",0,"P"," ","0",0,"P"," ","0",0,"P"," ","0",0,"P"," ","0",0,"P"," ","0",0,"P"," ","0",0,"P"," ","0",0,"P"," ","0",0,"P"," ","0",0,"P"," ","0",0,"P"," ","0",0,"P"," ","0",0,"P"," ","0",0,"P"," ","0",0,"P"," ","0",0,"P"," ","0",0,"P"," ","0",0,"P"," ","0",0,"P"," ","0",0,"P"," ","0",0,"P"," ","0",0,"P"," ","0"
"1367","USC00359461",1988,8,"PRCP",0," "," ","0",0," "," ","0",0," "," ","0",0," "," ","0",0," "," ","0",0," "," ","0",0," "," ","0",0," "," ","0",0," "," ","0",0," "," ","0",0," "," ","0",0," "," ","0",0," "," ","0",0," "," ","0",0," "," ","0",0," "," ","0",0," "," ","0",0," "," ","0",0," "," ","0",0," "," ","0",0," "," ","0",0," "," ","0",0," "," ","0",0," "," ","0",0," "," ","0",0," "," ","0",0," "," ","0",0," "," ","0",0," "," ","0",0," "," ","0",0," "," ","0"
"1368","USC00359461",1988,8,"SNOW",0,"P"," ","0",0,"P"," ","0",0,"P"," ","0",0,"P"," ","0",0,"P"," ","0",0,"P"," ","0",0,"P"," ","0",0,"P"," ","0",0,"P"," ","0",0,"P"," ","0",0,"P"," ","0",0,"P"," ","0",0,"P"," ","0",0,"P"," ","0",0,"P"," ","0",0,"P"," ","0",0,"P"," ","0",0,"P"," ","0",0,"P"," ","0",0,"P"," ","0",0,"P"," ","0",0,"P"," ","0",0,"P"," ","0",0,"P"," ","0",0,"P"," ","0",0,"P"," ","0",0,"P"," ","0",0,"P"," ","0",0,"P"," ","0",0,"P"," ","0",0,"P"," ","0"
"1369","USC00359461",1988,8,"SNWD",0," "," ","0",0,"P"," ","0",0,"P"," ","0",0,"P"," ","0",0,"P"," ","0",0,"P"," ","0",0,"P"," ","0",0,"P"," ","0",0,"P"," ","0",0,"P"," ","0",0,"P"," ","0",0,"P"," ","0",0,"P"," ","0",0,"P"," ","0",0,"P"," ","0",0,"P"," ","0",0,"P"," ","0",0,"P"," ","0",0,"P"," ","0",0,"P"," ","0",0,"P"," ","0",0,"P"," ","0",0,"P"," ","0",0,"P"," ","0",0,"P"," ","0",0,"P"," ","0",0,"P"," ","0",0,"P"," ","0",0,"P"," ","0",0,"P"," ","0",0,"P"," ","0"
"1370","USC00359461",1988,9,"PRCP",0," "," ","0",0," "," ","0",0," "," ","0",0," "," ","0",0," "," ","0",0," "," ","0",0," "," ","0",0," "," ","0",0," "," ","0",0," "," ","0",0," "," ","0",0," "," ","0",0," "," ","0",0," "," ","0",0," "," ","0",0," "," ","0",0," "," ","0",0," "," ","0",74," "," ","0",81," "," ","0",0," "," ","0",0," "," ","0",0," "," ","0",0," "," ","0",0," "," ","0",15," "," ","0",102," "," ","0",3," "," ","0",0," "," ","0",0," "," ","0",NA," "," "," "
"1371","USC00359461",1988,9,"SNOW",0,"P"," ","0",0,"P"," ","0",0,"P"," ","0",0,"P"," ","0",0,"P"," ","0",0,"P"," ","0",0,"P"," ","0",0,"P"," ","0",0,"P"," ","0",0,"P"," ","0",0,"P"," ","0",0,"P"," ","0",0,"P"," ","0",0,"P"," ","0",0,"P"," ","0",0,"P"," ","0",0,"P"," ","0",0,"P"," ","0",0,"P"," ","0",0,"P"," ","0",0,"P"," ","0",0,"P"," ","0",0,"P"," ","0",0,"P"," ","0",0,"P"," ","0",0,"P"," ","0",0,"P"," ","0",0,"P"," ","0",0,"P"," ","0",0,"P"," ","0",NA," "," "," "
"1372","USC00359461",1988,9,"SNWD",0," "," ","0",0,"P"," ","0",0,"P"," ","0",0,"P"," ","0",0,"P"," ","0",0,"P"," ","0",0,"P"," ","0",0,"P"," ","0",0,"P"," ","0",0,"P"," ","0",0,"P"," ","0",0,"P"," ","0",0,"P"," ","0",0,"P"," ","0",0,"P"," ","0",0,"P"," ","0",0,"P"," ","0",0,"P"," ","0",0,"P"," ","0",0,"P"," ","0",0,"P"," ","0",0,"P"," ","0",0,"P"," ","0",0,"P"," ","0",0,"P"," ","0",0,"P"," ","0",0,"P"," ","0",0,"P"," ","0",0,"P"," ","0",0,"P"," ","0",NA," "," "," "
"1373","USC00359461",1988,10,"PRCP",0," "," ","0",0," "," ","0",0," "," ","0",0," "," ","0",30," "," ","0",3," "," ","0",0," "," ","0",0," "," ","0",0," "," ","0",0," "," ","0",0," "," ","0",0," "," ","0",3," "," ","0",20," "," ","0",0," "," ","0",0," "," ","0",0," "," ","0",0," "," ","0",0," "," ","0",0," "," ","0",0," "," ","0",18," "," ","0",0," "," ","0",0," "," ","0",0," "," ","0",0," "," ","0",0," "," ","0",0," "," ","0",0," "," ","0",0," "," ","0",0," "," ","0"
"1374","USC00359461",1988,10,"SNOW",0,"P"," ","0",0,"P"," ","0",0,"P"," ","0",0,"P"," ","0",0,"P"," ","0",0,"P"," ","0",0,"P"," ","0",0,"P"," ","0",0,"P"," ","0",0,"P"," ","0",0,"P"," ","0",0,"P"," ","0",0,"P"," ","0",0,"P"," ","0",0,"P"," ","0",0,"P"," ","0",0,"P"," ","0",0,"P"," ","0",0,"P"," ","0",0,"P"," ","0",0,"P"," ","0",0,"P"," ","0",0,"P"," ","0",0,"P"," ","0",0,"P"," ","0",0,"P"," ","0",0,"P"," ","0",0,"P"," ","0",0,"P"," ","0",0,"P"," ","0",0,"P"," ","0"
"1375","USC00359461",1988,10,"SNWD",0," "," ","0",0,"P"," ","0",0,"P"," ","0",0,"P"," ","0",0,"P"," ","0",0,"P"," ","0",0,"P"," ","0",0,"P"," ","0",0,"P"," ","0",0,"P"," ","0",0,"P"," ","0",0,"P"," ","0",0,"P"," ","0",0,"P"," ","0",0,"P"," ","0",0,"P"," ","0",0,"P"," ","0",0,"P"," ","0",0,"P"," ","0",0,"P"," ","0",0,"P"," ","0",0,"P"," ","0",0,"P"," ","0",0,"P"," ","0",0,"P"," ","0",0,"P"," ","0",0,"P"," ","0",0,"P"," ","0",0,"P"," ","0",0,"P"," ","0",0,"P"," ","0"
"1376","USC00359461",1988,11,"PRCP",0," "," ","0",51," "," ","0",173," "," ","0",8," "," ","0",8," "," ","0",114," "," ","0",5," "," ","0",58," "," ","0",5," "," ","0",132," "," ","0",30," "," ","0",18," "," ","0",76," "," ","0",28," "," ","0",61," "," ","0",41," "," ","0",330," "," ","0",66," "," ","0",3," "," ","0",53," "," ","0",94," "," ","0",460," "," ","0",127," "," ","0",135," "," ","0",104," "," ","0",69," "," ","0",13," "," ","0",132," "," ","0",3," "," ","0",3," "," ","0",NA," "," "," "
"1377","USC00359461",1988,11,"SNOW",0,"P"," ","0",0,"P"," ","0",0,"P"," ","0",0,"P"," ","0",0,"P"," ","0",0,"P"," ","0",0,"P"," ","0",0,"P"," ","0",0,"P"," ","0",0,"P"," ","0",0,"P"," ","0",0,"P"," ","0",0,"P"," ","0",0,"P"," ","0",0,"P"," ","0",0,"P"," ","0",0,"P"," ","0",0,"P"," ","0",0,"P"," ","0",0,"P"," ","0",0,"P"," ","0",0,"P"," ","0",0,"P"," ","0",0,"P"," ","0",0,"P"," ","0",0,"P"," ","0",0,"P"," ","0",0,"P"," ","0",0,"P"," ","0",0,"P"," ","0",NA," "," "," "
"1378","USC00359461",1988,11,"SNWD",0," "," ","0",0,"P"," ","0",0,"P"," ","0",0,"P"," ","0",0,"P"," ","0",0,"P"," ","0",0,"P"," ","0",0,"P"," ","0",0,"P"," ","0",0,"P"," ","0",0,"P"," ","0",0,"P"," ","0",0,"P"," ","0",0,"P"," ","0",0,"P"," ","0",0,"P"," ","0",0,"P"," ","0",0,"P"," ","0",0,"P"," ","0",0,"P"," ","0",0,"P"," ","0",0,"P"," ","0",0,"P"," ","0",0,"P"," ","0",0,"P"," ","0",0,"P"," ","0",0,"P"," ","0",0,"P"," ","0",0,"P"," ","0",0,"P"," ","0",NA," "," "," "
"1379","USC00359461",1988,12,"PRCP",0," "," ","0",0," "," ","0",0," "," ","0",0," "," ","0",0," "," ","0",8," "," ","0",3," "," ","0",0," "," ","0",0," "," ","0",0,"T"," ","0",0," "," ","0",0,"T"," ","0",0," "," ","0",0," "," ","0",0," "," ","0",3," "," ","0",0," "," ","0",3," "," ","0",51," "," ","0",15," "," ","0",142," "," ","0",124," "," ","0",188," "," ","0",71," "," ","0",30," "," ","0",0," "," ","0",5," "," ","0",28," "," ","0",10," "," ","0",79," "," ","0",64," "," ","0"
"1380","USC00359461",1988,12,"SNOW",NA," "," "," ",NA," "," "," ",NA," "," "," ",NA," "," "," ",NA," "," "," ",NA," "," "," ",NA," "," "," ",NA," "," "," ",NA," "," "," ",NA," "," "," ",NA," "," "," ",NA," "," "," ",NA," "," "," ",NA," "," "," ",NA," "," "," ",NA," "," "," ",NA," "," "," ",NA," "," "," ",NA," "," "," ",NA," "," "," ",NA," "," "," ",NA," "," "," ",NA," "," "," ",NA," "," "," ",NA," "," "," ",NA," "," "," ",0,"T"," ","0",NA," "," "," ",NA," "," "," ",NA," "," "," ",NA," "," "," "
"1381","USC00359461",1988,12,"SNWD",0," "," ","0",NA," "," "," ",NA," "," "," ",NA," "," "," ",NA," "," "," ",NA," "," "," ",NA," "," "," ",NA," "," "," ",NA," "," "," ",NA," "," "," ",NA," "," "," ",NA," "," "," ",NA," "," "," ",NA," "," "," ",NA," "," "," ",NA," "," "," ",NA," "," "," ",NA," "," "," ",NA," "," "," ",NA," "," "," ",NA," "," "," ",NA," "," "," ",NA," "," "," ",NA," "," "," ",NA," "," "," ",NA," "," "," ",0,"T"," ","0",NA," "," "," ",NA," "," "," ",NA," "," "," ",NA," "," "," "
"1382","USC00359461",1989,1,"PRCP",0," "," ","0",3," "," ","0",5," "," ","0",0," "," ","0",135," "," ","0",61," "," ","0",10," "," ","0",41," "," ","0",76," "," ","0",244," "," ","0",43," "," ","0",3," "," ","0",89," "," ","0",183," "," ","0",13," "," ","0",10," "," ","0",3," "," ","0",3," "," ","0",0," "," ","0",0," "," ","0",38," "," ","0",239," "," ","0",3," "," ","0",0," "," ","0",0," "," ","0",0," "," ","0",0," "," ","0",0," "," ","0",0," "," ","0",0," "," ","0",10," "," ","0"
"1383","USC00359461",1989,1,"SNOW",0,"P"," ","0",0,"P"," ","0",0,"P"," ","0",0,"P"," ","0",0,"P"," ","0",0,"P"," ","0",0,"P"," ","0",0,"P"," ","0",0,"P"," ","0",0,"P"," ","0",0,"P"," ","0",0,"P"," ","0",0,"P"," ","0",0,"P"," ","0",0,"P"," ","0",0,"P"," ","0",0,"P"," ","0",0,"P"," ","0",0,"P"," ","0",0,"P"," ","0",0,"P"," ","0",0,"P"," ","0",0,"P"," ","0",0,"P"," ","0",0,"P"," ","0",0,"P"," ","0",0,"P"," ","0",0,"P"," ","0",0,"P"," ","0",0,"P"," ","0",0,"P"," ","0"
"1384","USC00359461",1989,1,"SNWD",0," "," ","0",0,"P"," ","0",0,"P"," ","0",0,"P"," ","0",0,"P"," ","0",0,"P"," ","0",0,"P"," ","0",0,"P"," ","0",0,"P"," ","0",0,"P"," ","0",0,"P"," ","0",0,"P"," ","0",0,"P"," ","0",0,"P"," ","0",0,"P"," ","0",0,"P"," ","0",0,"P"," ","0",0,"P"," ","0",0,"P"," ","0",0,"P"," ","0",0,"P"," ","0",0,"P"," ","0",0,"P"," ","0",0,"P"," ","0",0,"P"," ","0",0,"P"," ","0",0,"P"," ","0",0,"P"," ","0",0,"P"," ","0",0,"P"," ","0",0,"P"," ","0"
"1385","USC00359461",1989,2,"PRCP",58," "," ","0",51," "," ","0",30," "," ","0",23," "," ","0",0," "," ","0",0," "," ","0",0," "," ","0",0," "," ","0",0," "," ","0",5," "," ","0",5," "," ","0",10," "," ","0",8," "," ","0",0," "," ","0",0," "," ","0",41," "," ","0",64," "," ","0",112," "," ","0",10," "," ","0",8," "," ","0",10," "," ","0",30," "," ","0",48," "," ","0",5," "," ","0",0," "," ","0",0," "," ","0",0," "," ","0",0," "," ","0",NA," "," "," ",NA," "," "," ",NA," "," "," "
"1386","USC00359461",1989,2,"SNOW",20," "," ","0",51," "," ","0",33," "," ","0",13," "," ","0",0," "," ","0",0," "," ","0",0," "," ","0",0," "," ","0",0,"P"," ","0",0,"P"," ","0",0,"P"," ","0",0,"P"," ","0",0,"P"," ","0",0,"P"," ","0",0,"P"," ","0",0,"P"," ","0",0,"P"," ","0",0,"P"," ","0",0,"P"," ","0",0,"P"," ","0",0,"P"," ","0",0,"P"," ","0",0,"P"," ","0",0,"P"," ","0",0,"P"," ","0",0,"P"," ","0",0,"P"," ","0",0,"P"," ","0",NA," "," "," ",NA," "," "," ",NA," "," "," "
"1387","USC00359461",1989,2,"SNWD",25," "," ","0",76," "," ","0",76," "," ","0",76," "," ","0",76," "," ","0",51," "," ","0",51," "," ","0",51," "," ","0",0," "," ","0",0,"P"," ","0",0,"P"," ","0",0,"P"," ","0",0,"P"," ","0",0,"P"," ","0",0,"P"," ","0",0,"P"," ","0",0,"P"," ","0",0,"P"," ","0",0,"P"," ","0",0,"P"," ","0",0,"P"," ","0",0,"P"," ","0",0,"P"," ","0",0,"P"," ","0",0,"P"," ","0",0,"P"," ","0",0,"P"," ","0",0,"P"," ","0",NA," "," "," ",NA," "," "," ",NA," "," "," "
"1388","USC00359461",1989,3,"PRCP",0," "," ","0",180," "," ","0",30," "," ","0",3," "," ","0",142," "," ","0",46," "," ","0",13," "," ","0",3," "," ","0",56," "," ","0",36," "," ","0",38," "," ","0",5," "," ","0",89," "," ","0",109," "," ","0",94," "," ","0",71," "," ","0",13," "," ","0",114," "," ","0",8," "," ","0",0," "," ","0",147," "," ","0",0," "," ","0",0," "," ","0",5," "," ","0",56," "," ","0",3," "," ","0",48," "," ","0",41," "," ","0",10," "," ","0",0," "," ","0",41," "," ","0"
"1389","USC00359461",1989,3,"SNOW",0,"P"," ","0",0,"P"," ","0",0,"P"," ","0",0,"P"," ","0",0,"P"," ","0",0,"P"," ","0",0,"P"," ","0",0,"P"," ","0",0,"P"," ","0",0,"P"," ","0",0,"P"," ","0",0,"P"," ","0",0,"P"," ","0",0,"P"," ","0",0,"P"," ","0",0,"P"," ","0",0,"P"," ","0",0,"P"," ","0",0,"P"," ","0",0,"P"," ","0",0,"P"," ","0",0,"P"," ","0",0,"P"," ","0",0,"P"," ","0",0,"P"," ","0",0,"P"," ","0",0,"P"," ","0",0,"P"," ","0",0,"P"," ","0",0,"P"," ","0",0,"P"," ","0"
"1390","USC00359461",1989,3,"SNWD",0," "," ","0",0,"P"," ","0",0,"P"," ","0",0,"P"," ","0",0,"P"," ","0",0,"P"," ","0",0,"P"," ","0",0,"P"," ","0",0,"P"," ","0",0,"P"," ","0",0,"P"," ","0",0,"P"," ","0",0,"P"," ","0",0,"P"," ","0",0,"P"," ","0",0,"P"," ","0",0,"P"," ","0",0,"P"," ","0",0,"P"," ","0",0,"P"," ","0",0,"P"," ","0",0,"P"," ","0",0,"P"," ","0",0,"P"," ","0",0,"P"," ","0",0,"P"," ","0",0,"P"," ","0",0,"P"," ","0",0,"P"," ","0",0,"P"," ","0",0,"P"," ","0"
"1391","USC00359461",1989,4,"PRCP",8," "," ","0",41," "," ","0",18," "," ","0",3," "," ","0",0," "," ","0",0," "," ","0",0," "," ","0",0," "," ","0",0," "," ","0",0," "," ","0",0," "," ","0",0," "," ","0",0," "," ","0",0," "," ","0",0," "," ","0",0," "," ","0",0," "," ","0",0," "," ","0",3," "," ","0",0," "," ","0",36," "," ","0",8," "," ","0",43," "," ","0",23," "," ","0",201," "," ","0",81," "," ","0",3," "," ","0",0," "," ","0",0," "," ","0",0," "," ","0",NA," "," "," "
"1392","USC00359461",1989,4,"SNOW",0,"P"," ","0",0,"P"," ","0",0,"P"," ","0",0,"P"," ","0",0,"P"," ","0",0,"P"," ","0",0,"P"," ","0",0,"P"," ","0",0,"P"," ","0",0,"P"," ","0",0,"P"," ","0",0,"P"," ","0",0,"P"," ","0",0,"P"," ","0",0,"P"," ","0",0,"P"," ","0",0,"P"," ","0",0,"P"," ","0",0,"P"," ","0",0,"P"," ","0",0,"P"," ","0",0,"P"," ","0",0,"P"," ","0",0,"P"," ","0",0,"P"," ","0",0,"P"," ","0",0,"P"," ","0",0,"P"," ","0",0,"P"," ","0",0,"P"," ","0",NA," "," "," "
"1393","USC00359461",1989,4,"SNWD",0," "," ","0",0,"P"," ","0",0,"P"," ","0",0,"P"," ","0",0,"P"," ","0",0,"P"," ","0",0,"P"," ","0",0,"P"," ","0",0,"P"," ","0",0,"P"," ","0",0,"P"," ","0",0,"P"," ","0",0,"P"," ","0",0,"P"," ","0",0,"P"," ","0",0,"P"," ","0",0,"P"," ","0",0,"P"," ","0",0,"P"," ","0",0,"P"," ","0",0,"P"," ","0",0,"P"," ","0",0,"P"," ","0",0,"P"," ","0",0,"P"," ","0",0,"P"," ","0",0,"P"," ","0",0,"P"," ","0",0,"P"," ","0",0,"P"," ","0",NA," "," "," "
"1394","USC00359461",1989,5,"PRCP",20," "," ","0",0," "," ","0",0," "," ","0",36," "," ","0",0," "," ","0",0," "," ","0",0," "," ","0",0," "," ","0",0," "," ","0",5," "," ","0",0,"T"," ","0",0," "," ","0",0," "," ","0",0," "," ","0",0," "," ","0",0," "," ","0",0," "," ","0",10," "," ","0",23," "," ","0",0," "," ","0",0," "," ","0",0," "," ","0",36," "," ","0",107," "," ","0",23," "," ","0",0," "," ","0",10," "," ","0",25," "," ","0",13," "," ","0",0," "," ","0",0," "," ","0"
"1395","USC00359461",1989,5,"SNOW",0,"P"," ","0",0,"P"," ","0",0,"P"," ","0",0,"P"," ","0",0,"P"," ","0",0,"P"," ","0",0,"P"," ","0",0,"P"," ","0",0,"P"," ","0",0,"P"," ","0",0,"P"," ","0",0,"P"," ","0",0,"P"," ","0",0,"P"," ","0",0,"P"," ","0",0,"P"," ","0",0,"P"," ","0",0,"P"," ","0",0,"P"," ","0",0,"P"," ","0",0,"P"," ","0",0,"P"," ","0",0,"P"," ","0",0,"P"," ","0",0,"P"," ","0",0,"P"," ","0",0,"P"," ","0",0,"P"," ","0",0,"P"," ","0",0,"P"," ","0",0,"P"," ","0"
"1396","USC00359461",1989,5,"SNWD",0," "," ","0",0,"P"," ","0",0,"P"," ","0",0,"P"," ","0",0,"P"," ","0",0,"P"," ","0",0,"P"," ","0",0,"P"," ","0",0,"P"," ","0",0,"P"," ","0",0,"P"," ","0",0,"P"," ","0",0,"P"," ","0",0,"P"," ","0",0,"P"," ","0",0,"P"," ","0",0,"P"," ","0",0,"P"," ","0",0,"P"," ","0",0,"P"," ","0",0,"P"," ","0",0,"P"," ","0",0,"P"," ","0",0,"P"," ","0",0,"P"," ","0",0,"P"," ","0",0,"P"," ","0",0,"P"," ","0",0,"P"," ","0",0,"P"," ","0",0,"P"," ","0"
"1397","USC00359461",1989,6,"PRCP",0," "," ","0",0," "," ","0",0," "," ","0",0," "," ","0",0," "," ","0",0," "," ","0",0," "," ","0",0," "," ","0",0," "," ","0",0," "," ","0",0," "," ","0",0," "," ","0",0,"T"," ","0",3," "," ","0",53," "," ","0",3," "," ","0",3," "," ","0",0," "," ","0",0," "," ","0",0," "," ","0",0," "," ","0",0," "," ","0",0," "," ","0",0," "," ","0",0," "," ","0",0," "," ","0",0," "," ","0",0," "," ","0",43," "," ","0",91," "," ","0",NA," "," "," "
"1398","USC00359461",1989,6,"SNOW",0,"P"," ","0",0,"P"," ","0",0,"P"," ","0",0,"P"," ","0",0,"P"," ","0",0,"P"," ","0",0,"P"," ","0",0,"P"," ","0",0,"P"," ","0",0,"P"," ","0",0,"P"," ","0",0,"P"," ","0",0,"P"," ","0",0,"P"," ","0",0,"P"," ","0",0,"P"," ","0",0,"P"," ","0",0,"P"," ","0",0,"P"," ","0",0,"P"," ","0",0,"P"," ","0",0,"P"," ","0",0,"P"," ","0",0,"P"," ","0",0,"P"," ","0",0,"P"," ","0",0,"P"," ","0",0,"P"," ","0",0,"P"," ","0",0,"P"," ","0",NA," "," "," "
"1399","USC00359461",1989,6,"SNWD",0," "," ","0",0,"P"," ","0",0,"P"," ","0",0,"P"," ","0",0,"P"," ","0",0,"P"," ","0",0,"P"," ","0",0,"P"," ","0",0,"P"," ","0",0,"P"," ","0",0,"P"," ","0",0,"P"," ","0",0,"P"," ","0",0,"P"," ","0",0,"P"," ","0",0,"P"," ","0",0,"P"," ","0",0,"P"," ","0",0,"P"," ","0",0,"P"," ","0",0,"P"," ","0",0,"P"," ","0",0,"P"," ","0",0,"P"," ","0",0,"P"," ","0",0,"P"," ","0",0,"P"," ","0",0,"P"," ","0",0,"P"," ","0",0,"P"," ","0",NA," "," "," "
"1400","USC00359461",1989,7,"PRCP",0," "," ","0",0," "," ","0",0," "," ","0",0," "," ","0",0," "," ","0",0," "," ","0",0," "," ","0",0," "," ","0",0," "," ","0",0," "," ","0",0," "," ","0",0," "," ","0",0," "," ","0",0," "," ","0",0," "," ","0",13," "," ","0",25," "," ","0",0," "," ","0",0," "," ","0",0," "," ","0",0," "," ","0",0," "," ","0",0," "," ","0",0," "," ","0",0," "," ","0",0," "," ","0",0," "," ","0",0," "," ","0",0," "," ","0",0," "," ","0",0," "," ","0"
"1401","USC00359461",1989,7,"SNOW",0,"P"," ","0",0,"P"," ","0",0,"P"," ","0",0,"P"," ","0",0,"P"," ","0",0,"P"," ","0",0,"P"," ","0",0,"P"," ","0",0,"P"," ","0",0,"P"," ","0",0,"P"," ","0",0,"P"," ","0",0,"P"," ","0",0,"P"," ","0",0,"P"," ","0",0,"P"," ","0",0,"P"," ","0",0,"P"," ","0",0,"P"," ","0",0,"P"," ","0",0,"P"," ","0",0,"P"," ","0",0,"P"," ","0",0,"P"," ","0",0,"P"," ","0",0,"P"," ","0",0,"P"," ","0",0,"P"," ","0",0,"P"," ","0",0,"P"," ","0",0,"P"," ","0"
"1402","USC00359461",1989,7,"SNWD",0," "," ","0",0,"P"," ","0",0,"P"," ","0",0,"P"," ","0",0,"P"," ","0",0,"P"," ","0",0,"P"," ","0",0,"P"," ","0",0,"P"," ","0",0,"P"," ","0",0,"P"," ","0",0,"P"," ","0",0,"P"," ","0",0,"P"," ","0",0,"P"," ","0",0,"P"," ","0",0,"P"," ","0",0,"P"," ","0",0,"P"," ","0",0,"P"," ","0",0,"P"," ","0",0,"P"," ","0",0,"P"," ","0",0,"P"," ","0",0,"P"," ","0",0,"P"," ","0",0,"P"," ","0",0,"P"," ","0",0,"P"," ","0",0,"P"," ","0",0,"P"," ","0"
"1403","USC00359461",1989,8,"PRCP",10," "," ","0",5," "," ","0",0," "," ","0",0," "," ","0",0," "," ","0",0," "," ","0",0," "," ","0",43," "," ","0",15," "," ","0",0," "," ","0",0," "," ","0",0," "," ","0",0," "," ","0",0," "," ","0",0," "," ","0",0," "," ","0",0," "," ","0",0," "," ","0",0," "," ","0",0," "," ","0",0," "," ","0",51," "," ","0",64," "," ","0",3," "," ","0",0," "," ","0",0," "," ","0",0," "," ","0",0," "," ","0",0," "," ","0",201," "," ","0",3," "," ","0"
"1404","USC00359461",1989,8,"SNOW",0,"P"," ","0",0,"P"," ","0",0,"P"," ","0",0,"P"," ","0",0,"P"," ","0",0,"P"," ","0",0,"P"," ","0",0,"P"," ","0",0,"P"," ","0",0,"P"," ","0",0,"P"," ","0",0,"P"," ","0",0,"P"," ","0",0,"P"," ","0",0,"P"," ","0",0,"P"," ","0",0,"P"," ","0",0,"P"," ","0",0,"P"," ","0",0,"P"," ","0",0,"P"," ","0",0,"P"," ","0",0,"P"," ","0",0,"P"," ","0",0,"P"," ","0",0,"P"," ","0",0,"P"," ","0",0,"P"," ","0",0,"P"," ","0",0,"P"," ","0",0,"P"," ","0"
"1405","USC00359461",1989,8,"SNWD",0," "," ","0",0,"P"," ","0",0,"P"," ","0",0,"P"," ","0",0,"P"," ","0",0,"P"," ","0",0,"P"," ","0",0,"P"," ","0",0,"P"," ","0",0,"P"," ","0",0,"P"," ","0",0,"P"," ","0",0,"P"," ","0",0,"P"," ","0",0,"P"," ","0",0,"P"," ","0",0,"P"," ","0",0,"P"," ","0",0,"P"," ","0",0,"P"," ","0",0,"P"," ","0",0,"P"," ","0",0,"P"," ","0",0,"P"," ","0",0,"P"," ","0",0,"P"," ","0",0,"P"," ","0",0,"P"," ","0",0,"P"," ","0",0,"P"," ","0",0,"P"," ","0"
"1406","USC00359461",1989,9,"PRCP",0," "," ","0",0," "," ","0",0," "," ","0",0," "," ","0",0," "," ","0",0," "," ","0",0," "," ","0",0," "," ","0",0," "," ","0",0," "," ","0",0," "," ","0",0," "," ","0",0," "," ","0",0," "," ","0",0," "," ","0",0," "," ","0",66," "," ","0",5," "," ","0",0," "," ","0",0," "," ","0",0," "," ","0",0," "," ","0",0," "," ","0",0," "," ","0",0," "," ","0",8," "," ","0",13," "," ","0",0," "," ","0",0," "," ","0",41," "," ","0",NA," "," "," "
"1407","USC00359461",1989,9,"SNOW",0,"P"," ","0",0,"P"," ","0",0,"P"," ","0",0,"P"," ","0",0,"P"," ","0",0,"P"," ","0",0,"P"," ","0",0,"P"," ","0",0,"P"," ","0",0,"P"," ","0",0,"P"," ","0",0,"P"," ","0",0,"P"," ","0",0,"P"," ","0",0,"P"," ","0",0,"P"," ","0",0,"P"," ","0",0,"P"," ","0",0,"P"," ","0",0,"P"," ","0",0,"P"," ","0",0,"P"," ","0",0,"P"," ","0",0,"P"," ","0",0,"P"," ","0",0,"P"," ","0",0,"P"," ","0",0,"P"," ","0",0,"P"," ","0",0,"P"," ","0",NA," "," "," "
"1408","USC00359461",1989,9,"SNWD",0," "," ","0",0,"P"," ","0",0,"P"," ","0",0,"P"," ","0",0,"P"," ","0",0,"P"," ","0",0,"P"," ","0",0,"P"," ","0",0,"P"," ","0",0,"P"," ","0",0,"P"," ","0",0,"P"," ","0",0,"P"," ","0",0,"P"," ","0",0,"P"," ","0",0,"P"," ","0",0,"P"," ","0",0,"P"," ","0",0,"P"," ","0",0,"P"," ","0",0,"P"," ","0",0,"P"," ","0",0,"P"," ","0",0,"P"," ","0",0,"P"," ","0",0,"P"," ","0",0,"P"," ","0",0,"P"," ","0",0,"P"," ","0",0,"P"," ","0",NA," "," "," "
"1409","USC00359461",1989,10,"TMAX",161," "," ","0",172," "," ","0",200," "," ","0",211," "," ","0",217," "," ","0",228," "," ","0",244," "," ","0",239," "," ","0",261," "," ","0",261," "," ","0",244," "," ","0",211," "," ","0",211," "," ","0",200," "," ","0",178," "," ","0",183," "," ","0",222," "," ","0",250," "," ","0",200," "," ","0",189," "," ","0",189," "," ","0",150," "," ","0",178," "," ","0",139," "," ","0",122," "," ","0",156," "," ","0",133," "," ","0",117," "," ","0",100," "," ","0",117," "," ","0",133," "," ","0"
"1410","USC00359461",1989,10,"TMIN",83," "," ","0",106," "," ","0",33," "," ","0",22," "," ","0",28," "," ","0",50," "," ","0",78," ","I","0",67," "," ","0",72," "," ","0",72," "," ","0",106," ","I","0",56," "," ","0",56," "," ","0",72," "," ","0",11," "," ","0",39," ","I","0",22," "," ","0",28," "," ","0",72," "," ","0",111," "," ","0",111," "," ","0",106," "," ","0",106," "," ","0",67," "," ","0",44," "," ","0",50," "," ","0",44," "," ","0",44," "," ","0",6," "," ","0",11," "," ","0",11," "," ","0"
"1411","USC00359461",1989,10,"TOBS",106," "," ","0",111," "," ","0",44," "," ","0",39," "," ","0",56," "," ","0",61," ","I","0",89," "," ","0",72," "," ","0",78," "," ","0",78," ","I","0",111," "," ","0",67," "," ","0",78," "," ","0",106," "," ","0",17," ","I","0",50," "," ","0",28," "," ","0",67," "," ","0",117," "," ","0",117," "," ","0",111," "," ","0",144," "," ","0",106," "," ","0",72," "," ","0",56," "," ","0",94," "," ","0",50," "," ","0",50," "," ","0",28," "," ","0",17," "," ","0",17," "," ","0"
"1412","USC00359461",1989,10,"PRCP",51," "," ","0",0,"T"," ","0",0," "," ","0",0," "," ","0",0," "," ","0",0," "," ","0",0," "," ","0",0," "," ","0",0," "," ","0",0," "," ","0",0," "," ","0",0," "," ","0",0," "," ","0",0," "," ","0",0," "," ","0",0," "," ","0",0," "," ","0",0," "," ","0",0," "," ","0",0," "," ","0",38," "," ","0",38," "," ","0",79," "," ","0",71," "," ","0",38," "," ","0",23," "," ","0",251," "," ","0",81," "," ","0",3," "," ","0",3," "," ","0",0," "," ","0"
"1413","USC00359461",1989,10,"SNOW",0,"P"," ","0",0,"P"," ","0",0,"P"," ","0",0,"P"," ","0",0,"P"," ","0",0,"P"," ","0",0,"P"," ","0",0,"P"," ","0",0,"P"," ","0",0,"P"," ","0",0,"P"," ","0",0,"P"," ","0",0,"P"," ","0",0,"P"," ","0",0,"P"," ","0",0,"P"," ","0",0,"P"," ","0",0,"P"," ","0",0,"P"," ","0",0,"P"," ","0",0,"P"," ","0",0,"P"," ","0",0,"P"," ","0",0,"P"," ","0",0,"P"," ","0",0,"P"," ","0",0,"P"," ","0",0,"P"," ","0",0,"P"," ","0",0,"P"," ","0",0,"P"," ","0"
"1414","USC00359461",1989,10,"SNWD",0," "," ","0",0,"P"," ","0",0,"P"," ","0",0,"P"," ","0",0,"P"," ","0",0,"P"," ","0",0,"P"," ","0",0,"P"," ","0",0,"P"," ","0",0,"P"," ","0",0,"P"," ","0",0,"P"," ","0",0,"P"," ","0",0,"P"," ","0",0,"P"," ","0",0,"P"," ","0",0,"P"," ","0",0,"P"," ","0",0,"P"," ","0",0,"P"," ","0",0,"P"," ","0",0,"P"," ","0",0,"P"," ","0",0,"P"," ","0",0,"P"," ","0",0,"P"," ","0",0,"P"," ","0",0,"P"," ","0",0,"P"," ","0",0,"P"," ","0",0,"P"," ","0"
"1415","USC00359461",1989,11,"TMAX",122," "," ","0",117," "," ","0",139," "," ","0",156," "," ","0",106," "," ","0",139," "," ","0",122," "," ","0",133," "," ","0",172," "," ","0",194," "," ","0",128," "," ","0",133," "," ","0",133," "," ","0",122," "," ","0",100," "," ","0",111," "," ","0",72," "," ","0",128," "," ","0",183," "," ","0",161," "," ","0",156," "," ","0",122," "," ","0",133," "," ","0",111," "," ","0",161," "," ","0",83," "," ","0",100," "," ","0",128," "," ","0",128," "," ","0",67," "," ","0",NA," "," "," "
"1416","USC00359461",1989,11,"TMIN",17," "," ","0",6," "," ","0",17," "," ","0",28," "," ","0",50," "," ","0",50," "," ","0",50," "," ","0",56," "," ","0",56," "," ","0",61," "," ","0",61," "," ","0",61," "," ","0",28," "," ","0",39," "," ","0",22," "," ","0",17," "," ","0",22," "," ","0",67," "," ","0",39," "," ","0",28," "," ","0",28," "," ","0",56," "," ","0",33," "," ","0",39," "," ","0",50," "," ","0",39," "," ","0",39," "," ","0",-17," "," ","0",-11," "," ","0",-11," "," ","0",NA," "," "," "
"1417","USC00359461",1989,11,"TOBS",28," "," ","0",11," "," ","0",28," "," ","0",50," "," ","0",50," "," ","0",28," ","I","0",83," "," ","0",72," "," ","0",72," "," ","0",61," "," ","0",106," "," ","0",106," "," ","0",44," "," ","0",50," "," ","0",50," "," ","0",28," "," ","0",67," "," ","0",83," "," ","0",44," "," ","0",33," "," ","0",67," "," ","0",61," "," ","0",61," "," ","0",72," "," ","0",72," "," ","0",50," "," ","0",61," "," ","0",-6," "," ","0",-6," "," ","0",33," "," ","0",NA," "," "," "
"1418","USC00359461",1989,11,"PRCP",3," "," ","0",3," "," ","0",0,"T"," ","0",13," "," ","0",10," "," ","0",0," "," ","0",25," "," ","0",3," "," ","0",0," "," ","0",0," "," ","0",0,"T"," ","0",61," "," ","0",38," "," ","0",10," "," ","0",0,"T"," ","0",0,"T"," ","0",3," "," ","0",5," "," ","0",3," "," ","0",0,"T"," ","0",0," "," ","0",0," "," ","0",51," "," ","0",185," "," ","0",140," "," ","0",74," "," ","0",18," "," ","0",3," "," ","0",0," "," ","0",3," "," ","0",NA," "," "," "
"1419","USC00359461",1989,11,"SNOW",0,"P"," ","0",0,"P"," ","0",0,"P"," ","0",0,"P"," ","0",0,"P"," ","0",0,"P"," ","0",0,"P"," ","0",0,"P"," ","0",0,"P"," ","0",0,"P"," ","0",0,"P"," ","0",0,"P"," ","0",0,"P"," ","0",0,"P"," ","0",0,"P"," ","0",0,"P"," ","0",0,"P"," ","0",0,"P"," ","0",0,"P"," ","0",0,"P"," ","0",0,"P"," ","0",0,"P"," ","0",0,"P"," ","0",0,"P"," ","0",0,"P"," ","0",0,"P"," ","0",0,"P"," ","0",0,"P"," ","0",0,"P"," ","0",0,"P"," ","0",NA," "," "," "
"1420","USC00359461",1989,11,"SNWD",0," "," ","0",0,"P"," ","0",0,"P"," ","0",0,"P"," ","0",0,"P"," ","0",0,"P"," ","0",0,"P"," ","0",0,"P"," ","0",0,"P"," ","0",0,"P"," ","0",0,"P"," ","0",0,"P"," ","0",0,"P"," ","0",0,"P"," ","0",0,"P"," ","0",0,"P"," ","0",0,"P"," ","0",0,"P"," ","0",0,"P"," ","0",0,"P"," ","0",0,"P"," ","0",0,"P"," ","0",0,"P"," ","0",0,"P"," ","0",0,"P"," ","0",0,"P"," ","0",0,"P"," ","0",0,"P"," ","0",0,"P"," ","0",0,"P"," ","0",NA," "," "," "
"1421","USC00359461",1989,12,"TMAX",111," "," ","0",128," "," ","0",133," "," ","0",111," "," ","0",183," "," ","0",139," "," ","0",117," "," ","0",128," "," ","0",133," "," ","0",78," "," ","0",44," "," ","0",39," "," ","0",83," "," ","0",22," "," ","0",33," "," ","0",22," "," ","0",22," "," ","0",22," "," ","0",39," "," ","0",83," "," ","0",50," "," ","0",89," "," ","0",56," "," ","0",144," "," ","0",67," "," ","0",56," "," ","0",72," "," ","0",33," "," ","0",28," "," ","0",22," ","I","0",0," ","I","0"
"1422","USC00359461",1989,12,"TMIN",11," "," ","0",11," "," ","0",22," "," ","0",61," "," ","0",94," "," ","0",61," "," ","0",17," "," ","0",22," "," ","0",44," "," ","0",11," "," ","0",11," "," ","0",-22," "," ","0",-17," "," ","0",0," "," ","0",0," "," ","0",0," "," ","0",0," "," ","0",-6," "," ","0",11," "," ","0",-22," "," ","0",-11," "," ","0",-11," "," ","0",-11," "," ","0",6," "," ","0",22," "," ","0",6," "," ","0",-22," "," ","0",-11," "," ","0",6," "," ","0",11," "," ","0",-11," "," ","0"
"1423","USC00359461",1989,12,"TOBS",11," "," ","0",22," "," ","0",61," "," ","0",100," "," ","0",111," "," ","0",67," "," ","0",22," "," ","0",83," "," ","0",44," "," ","0",11," "," ","0",11," "," ","0",0," "," ","0",0," "," ","0",6," "," ","0",6," "," ","0",6," "," ","0",0," "," ","0",17," "," ","0",11," "," ","0",0," "," ","0",0," "," ","0",0," "," ","0",22," "," ","0",28," "," ","0",33," "," ","0",6," "," ","0",-6," "," ","0",28," "," ","0",94," ","I","0",89," "," ","0",83," "," ","0"
"1424","USC00359461",1989,12,"PRCP",0," "," ","0",0," "," ","0",3," "," ","0",23," "," ","0",64," "," ","0",36," "," ","0",0,"T"," ","0",66," "," ","0",8," "," ","0",3," "," ","0",0," "," ","0",0," "," ","0",0," "," ","0",0," "," ","0",0," "," ","0",0," "," ","0",0," "," ","0",3," "," ","0",0," "," ","0",0," "," ","0",0," "," ","0",0," "," ","0",0,"T"," ","0",0," "," ","0",0," "," ","0",0," "," ","0",0," "," ","0",8," "," ","0",3," "," ","0",0," "," ","0",8," "," ","0"
"1425","USC00359461",1989,12,"SNOW",0,"P"," ","0",0,"P"," ","0",0,"P"," ","0",0,"P"," ","0",0,"P"," ","0",0,"P"," ","0",0,"P"," ","0",0,"P"," ","0",0,"P"," ","0",0,"P"," ","0",0,"P"," ","0",0,"P"," ","0",0,"P"," ","0",0,"P"," ","0",0,"P"," ","0",0,"P"," ","0",0,"P"," ","0",0,"P"," ","0",0,"P"," ","0",0,"P"," ","0",0,"P"," ","0",0,"P"," ","0",0,"P"," ","0",0,"P"," ","0",0,"P"," ","0",0,"P"," ","0",0,"P"," ","0",0,"P"," ","0",0,"P"," ","0",0,"P"," ","0",0,"P"," ","0"
"1426","USC00359461",1989,12,"SNWD",0," "," ","0",0,"P"," ","0",0,"P"," ","0",0,"P"," ","0",0,"P"," ","0",0,"P"," ","0",0,"P"," ","0",0,"P"," ","0",0,"P"," ","0",0,"P"," ","0",0,"P"," ","0",0,"P"," ","0",0,"P"," ","0",0,"P"," ","0",0,"P"," ","0",0,"P"," ","0",0,"P"," ","0",0,"P"," ","0",0,"P"," ","0",0,"P"," ","0",0,"P"," ","0",0,"P"," ","0",0,"P"," ","0",0,"P"," ","0",0,"P"," ","0",0,"P"," ","0",0,"P"," ","0",0,"P"," ","0",0,"P"," ","0",0,"P"," ","0",0,"P"," ","0"
"1427","USC00359461",1990,1,"TMAX",106," "," ","0",56," "," ","0",61," "," ","0",94," "," ","0",72," "," ","0",117," "," ","0",139," "," ","0",150," "," ","0",144," "," ","0",172," "," ","0",72," "," ","0",100," "," ","0",78," "," ","0",111," "," ","0",83," "," ","0",83," "," ","0",94," "," ","0",56," "," ","0",61," "," ","0",67," "," ","0",56," "," ","0",106," "," ","0",128," "," ","0",100," "," ","0",56," "," ","0",128," "," ","0",72," "," ","0",83," "," ","0",117," "," ","0",94," "," ","0",72," "," ","0"
"1428","USC00359461",1990,1,"TMIN",0," "," ","0",0," "," ","0",6," "," ","0",11," "," ","0",33," "," ","0",56," "," ","0",72," "," ","0",78," "," ","0",78," "," ","0",56," "," ","0",56," "," ","0",56," "," ","0",56," "," ","0",39," "," ","0",33," "," ","0",33," "," ","0",22," "," ","0",-11," "," ","0",-22," "," ","0",-28," "," ","0",-28," "," ","0",-22," "," ","0",44," "," ","0",-11," "," ","0",0," "," ","0",11," "," ","0",6," "," ","0",17," "," ","0",44," "," ","0",22," "," ","0",11," "," ","0"
"1429","USC00359461",1990,1,"TOBS",33," "," ","0",17," "," ","0",11," "," ","0",33," "," ","0",56," "," ","0",83," "," ","0",100," "," ","0",78," "," ","0",106," "," ","0",61," "," ","0",61," "," ","0",67," "," ","0",61," "," ","0",56," "," ","0",39," "," ","0",33," "," ","0",39," "," ","0",0," "," ","0",-17," "," ","0",-22," "," ","0",-17," "," ","0",56," "," ","0",72," "," ","0",6," "," ","0",28," "," ","0",11," "," ","0",17," "," ","0",50," "," ","0",44," "," ","0",22," "," ","0",17," "," ","0"
"1430","USC00359461",1990,1,"PRCP",74," "," ","0",91," "," ","0",3," "," ","0",15," "," ","0",33," "," ","0",79," "," ","0",224," "," ","0",338," "," ","0",33," "," ","0",25," "," ","0",3," "," ","0",0," "," ","0",5," "," ","0",79," "," ","0",10," "," ","0",64," "," ","0",0,"T"," ","0",0," "," ","0",0," "," ","0",0," "," ","0",0,"T"," ","0",8," "," ","0",23," "," ","0",5," "," ","0",0," "," ","0",140," "," ","0",79," "," ","0",36," "," ","0",94," "," ","0",107," "," ","0",76," "," ","0"
"1431","USC00359461",1990,1,"SNOW",0,"P"," ","0",0,"P"," ","0",0,"P"," ","0",0,"P"," ","0",0,"P"," ","0",0,"P"," ","0",0,"P"," ","0",0,"P"," ","0",0,"P"," ","0",0,"P"," ","0",0,"P"," ","0",0,"P"," ","0",0,"P"," ","0",0,"P"," ","0",0,"P"," ","0",0,"P"," ","0",0,"P"," ","0",0,"P"," ","0",0,"P"," ","0",0,"P"," ","0",0,"P"," ","0",0,"P"," ","0",0,"P"," ","0",0,"P"," ","0",0,"P"," ","0",0,"P"," ","0",0,"P"," ","0",0,"P"," ","0",0,"P"," ","0",0,"P"," ","0",0,"P"," ","0"
"1432","USC00359461",1990,1,"SNWD",0," "," ","0",0,"P"," ","0",0,"P"," ","0",0,"P"," ","0",0,"P"," ","0",0,"P"," ","0",0,"P"," ","0",0,"P"," ","0",0,"P"," ","0",0,"P"," ","0",0,"P"," ","0",0,"P"," ","0",0,"P"," ","0",0,"P"," ","0",0,"P"," ","0",0,"P"," ","0",0,"P"," ","0",0,"P"," ","0",0,"P"," ","0",0,"P"," ","0",0,"P"," ","0",0,"P"," ","0",0,"P"," ","0",0,"P"," ","0",0,"P"," ","0",0,"P"," ","0",0,"P"," ","0",0,"P"," ","0",0,"P"," ","0",0,"P"," ","0",0,"P"," ","0"
"1433","USC00359461",1990,2,"TMAX",44," "," ","0",72," "," ","0",122," "," ","0",106," "," ","0",89," "," ","0",89," "," ","0",44," "," ","0",50," "," ","0",94," "," ","0",128," "," ","0",156," "," ","0",94," "," ","0",94," "," ","0",61," "," ","0",22," "," ","0",56," "," ","0",61," "," ","0",67," "," ","0",78," "," ","0",117," "," ","0",106," "," ","0",161," "," ","0",156," "," ","0",139," "," ","0",156," "," ","0",117," "," ","0",100," "," ","0",106," "," ","0",NA," "," "," ",NA," "," "," ",NA," "," "," "
"1434","USC00359461",1990,2,"TMIN",17," "," ","0",33," "," ","0",33," "," ","0",11," "," ","0",11," "," ","0",0," "," ","0",-11," "," ","0",0," "," ","0",39," "," ","0",56," "," ","0",22," "," ","0",-22," "," ","0",-28," "," ","0",-78," "," ","0",-61," "," ","0",-11," "," ","0",-6," "," ","0",-6," "," ","0",-39," "," ","0",-39," "," ","0",33," "," ","0",33," "," ","0",11," "," ","0",17," "," ","0",22," "," ","0",22," "," ","0",22," "," ","0",17," "," ","0",NA," "," "," ",NA," "," "," ",NA," "," "," "
"1435","USC00359461",1990,2,"TOBS",33," "," ","0",44," "," ","0",89," "," ","0",11," "," ","0",61," "," ","0",11," "," ","0",0," "," ","0",44," "," ","0",56," "," ","0",61," "," ","0",39," "," ","0",-17," "," ","0",-28," "," ","0",-67," "," ","0",17," "," ","0",6," "," ","0",0," "," ","0",17," "," ","0",-33," "," ","0",33," "," ","0",61," "," ","0",56," "," ","0",28," "," ","0",22," "," ","0",44," "," ","0",22," "," ","0",28," "," ","0",22," "," ","0",NA," "," "," ",NA," "," "," ",NA," "," "," "
"1436","USC00359461",1990,2,"PRCP",198," "," ","0",119," "," ","0",0,"T"," ","0",91," "," ","0",3," "," ","0",147," "," ","0",30," "," ","0",216," "," ","0",20," "," ","0",13," "," ","0",0," "," ","0",8," "," ","0",84," "," ","0",0,"T"," ","0",0," "," ","0",224," "," ","0",48," "," ","0",0," "," ","0",0," "," ","0",3," "," ","0",8," "," ","0",0," "," ","0",0," "," ","0",3," "," ","0",0," "," ","0",0,"T"," ","0",0,"T"," ","0",3," "," ","0",NA," "," "," ",NA," "," "," ",NA," "," "," "
"1437","USC00359461",1990,2,"SNOW",0,"P"," ","0",0,"P"," ","0",0,"P"," ","0",0,"P"," ","0",0,"P"," ","0",NA," "," "," ",NA," "," "," ",0,"P"," ","0",0,"P"," ","0",0,"P"," ","0",0,"P"," ","0",NA," "," "," ",NA," "," "," ",NA," "," "," ",0,"P"," ","0",NA," "," "," ",0,"P"," ","0",0,"P"," ","0",0,"P"," ","0",0,"P"," ","0",0,"P"," ","0",0,"P"," ","0",0,"P"," ","0",0,"P"," ","0",0,"P"," ","0",0,"P"," ","0",0,"P"," ","0",0,"P"," ","0",NA," "," "," ",NA," "," "," ",NA," "," "," "
"1438","USC00359461",1990,2,"SNWD",0," "," ","0",0,"P"," ","0",0,"P"," ","0",0,"P"," ","0",0,"P"," ","0",0,"T"," ","0",0,"T"," ","0",0," "," ","0",0,"P"," ","0",0,"P"," ","0",0,"P"," ","0",0,"T"," ","0",102," "," ","0",51," "," ","0",25," "," ","0",25," "," ","0",0,"P"," ","0",0,"P"," ","0",0,"P"," ","0",0,"P"," ","0",0,"P"," ","0",0,"P"," ","0",0,"P"," ","0",0,"P"," ","0",0,"P"," ","0",0,"P"," ","0",0,"P"," ","0",0,"P"," ","0",NA," "," "," ",NA," "," "," ",NA," "," "," "
"1439","USC00359461",1990,3,"TMAX",183," "," ","0",150," "," ","0",150," "," ","0",150," "," ","0",111," "," ","0",122," "," ","0",156," "," ","0",133," "," ","0",117," "," ","0",128," "," ","0",83," "," ","0",78," "," ","0",94," "," ","0",89," "," ","0",139," "," ","0",178," "," ","0",217," "," ","0",156," "," ","0",178," "," ","0",178," "," ","0",200," "," ","0",211," "," ","0",122," "," ","0",161," "," ","0",172," "," ","0",150," "," ","0",167," "," ","0",200," "," ","0",211," "," ","0",183," "," ","0",194," "," ","0"
"1440","USC00359461",1990,3,"TMIN",17," "," ","0",39," "," ","0",61," "," ","0",61," "," ","0",17," "," ","0",33," "," ","0",61," "," ","0",0," "," ","0",11," "," ","0",33," "," ","0",6," "," ","0",6," "," ","0",-28," "," ","0",-17," "," ","0",22," "," ","0",50," "," ","0",61," "," ","0",89," "," ","0",89," "," ","0",78," "," ","0",33," "," ","0",39," "," ","0",72," "," ","0",33," "," ","0",17," "," ","0",61," "," ","0",11," "," ","0",22," "," ","0",22," "," ","0",22," "," ","0",28," "," ","0"
"1441","USC00359461",1990,3,"TOBS",39," "," ","0",78," "," ","0",72," "," ","0",72," "," ","0",50," "," ","0",61," "," ","0",67," "," ","0",11," "," ","0",39," "," ","0",39," "," ","0",11," "," ","0",17," "," ","0",-17," "," ","0",50," "," ","0",61," "," ","0",61," "," ","0",111," "," ","0",111," "," ","0",100," "," ","0",106," "," ","0",39," "," ","0",89," "," ","0",78," "," ","0",67," "," ","0",72," "," ","0",83," "," ","0",56," "," ","0",67," "," ","0",72," "," ","0",61," "," ","0",72," "," ","0"
"1442","USC00359461",1990,3,"PRCP",0," "," ","0",3," "," ","0",46," "," ","0",13," "," ","0",0,"T"," ","0",3," "," ","0",23," "," ","0",46," "," ","0",0," "," ","0",107," "," ","0",51," "," ","0",20," "," ","0",3," "," ","0",23," "," ","0",3," "," ","0",0," "," ","0",5," "," ","0",20," "," ","0",3," "," ","0",0," "," ","0",0," "," ","0",0," "," ","0",74," "," ","0",3," "," ","0",0," "," ","0",0,"P"," ","0",0," "," ","0",0," "," ","0",0," "," ","0",0," "," ","0",0," "," ","0"
"1443","USC00359461",1990,3,"SNOW",0,"P"," ","0",0,"P"," ","0",0,"P"," ","0",0,"P"," ","0",0,"P"," ","0",0,"P"," ","0",0,"P"," ","0",0,"P"," ","0",0,"P"," ","0",0,"P"," ","0",0,"P"," ","0",0,"P"," ","0",0,"P"," ","0",0,"P"," ","0",0,"P"," ","0",0,"P"," ","0",0,"P"," ","0",0,"P"," ","0",0,"P"," ","0",0,"P"," ","0",0,"P"," ","0",0,"P"," ","0",0,"P"," ","0",0,"P"," ","0",0,"P"," ","0",0,"P"," ","0",0,"P"," ","0",0,"P"," ","0",0,"P"," ","0",0,"P"," ","0",0,"P"," ","0"
"1444","USC00359461",1990,3,"SNWD",0," "," ","0",0,"P"," ","0",0,"P"," ","0",0,"P"," ","0",0,"P"," ","0",0,"P"," ","0",0,"P"," ","0",0,"P"," ","0",0,"P"," ","0",0,"P"," ","0",0,"P"," ","0",0,"P"," ","0",0,"P"," ","0",0,"P"," ","0",0,"P"," ","0",0,"P"," ","0",0,"P"," ","0",0,"P"," ","0",0,"P"," ","0",0,"P"," ","0",0,"P"," ","0",0,"P"," ","0",0,"P"," ","0",0,"P"," ","0",0,"P"," ","0",0,"P"," ","0",0,"P"," ","0",0,"P"," ","0",0,"P"," ","0",0,"P"," ","0",0,"P"," ","0"
"1445","USC00359461",1990,4,"TMAX",206," "," ","0",178," "," ","0",183," "," ","0",217," "," ","0",233," "," ","0",211," "," ","0",183," "," ","0",122," "," ","0",167," "," ","0",217," "," ","0",228," "," ","0",200," "," ","0",217," "," ","0",267," "," ","0",289," "," ","0",233," "," ","0",150," "," ","0",161," "," ","0",194," "," ","0",183," "," ","0",183," "," ","0",167," "," ","0",156," "," ","0",133," "," ","0",150," "," ","0",150," "," ","0",156," "," ","0",167," "," ","0",133," "," ","0",144," "," ","0",NA," "," "," "
"1446","USC00359461",1990,4,"TMIN",44," "," ","0",72," "," ","0",50," "," ","0",33," "," ","0",44," "," ","0",50," "," ","0",61," "," ","0",67," "," ","0",22," "," ","0",50," "," ","0",78," "," ","0",39," "," ","0",50," "," ","0",72," "," ","0",94," "," ","0",100," "," ","0",111," "," ","0",89," "," ","0",61," "," ","0",78," "," ","0",83," "," ","0",83," "," ","0",94," "," ","0",72," "," ","0",78," "," ","0",44," "," ","0",61," "," ","0",28," "," ","0",33," "," ","0",39," "," ","0",NA," "," "," "
"1447","USC00359461",1990,4,"TOBS",72," "," ","0",89," "," ","0",67," "," ","0",61," "," ","0",72," "," ","0",61," "," ","0",67," "," ","0",78," "," ","0",50," "," ","0",78," "," ","0",106," "," ","0",72," "," ","0",106," "," ","0",122," "," ","0",122," "," ","0",111," "," ","0",122," "," ","0",106," "," ","0",83," "," ","0",111," "," ","0",100," "," ","0",94," "," ","0",100," "," ","0",83," "," ","0",111," "," ","0",61," "," ","0",128," "," ","0",56," "," ","0",50," "," ","0",78," "," ","0",NA," "," "," "
"1448","USC00359461",1990,4,"PRCP",0," "," ","0",0," "," ","0",0,"T"," ","0",0," "," ","0",0," "," ","0",0," "," ","0",0," "," ","0",0," "," ","0",0," "," ","0",0," "," ","0",20," "," ","0",18," "," ","0",0," "," ","0",0," "," ","0",0," "," ","0",0," "," ","0",20," "," ","0",8," "," ","0",0," "," ","0",41," "," ","0",3," "," ","0",46," "," ","0",51," "," ","0",3," "," ","0",5," "," ","0",13," "," ","0",0,"T"," ","0",66," "," ","0",20," "," ","0",0,"T"," ","0",NA," "," "," "
"1449","USC00359461",1990,4,"SNOW",0,"P"," ","0",0,"P"," ","0",0,"P"," ","0",0,"P"," ","0",0,"P"," ","0",0,"P"," ","0",0,"P"," ","0",0,"P"," ","0",0,"P"," ","0",0,"P"," ","0",0,"P"," ","0",0,"P"," ","0",0,"P"," ","0",0,"P"," ","0",0,"P"," ","0",0,"P"," ","0",0,"P"," ","0",0,"P"," ","0",0,"P"," ","0",0,"P"," ","0",0,"P"," ","0",0,"P"," ","0",0,"P"," ","0",0,"P"," ","0",0,"P"," ","0",0,"P"," ","0",0,"P"," ","0",0,"P"," ","0",0,"P"," ","0",0,"P"," ","0",NA," "," "," "
"1450","USC00359461",1990,4,"SNWD",0," "," ","0",0,"P"," ","0",0,"P"," ","0",0,"P"," ","0",0,"P"," ","0",0,"P"," ","0",0,"P"," ","0",0,"P"," ","0",0,"P"," ","0",0,"P"," ","0",0,"P"," ","0",0,"P"," ","0",0,"P"," ","0",0,"P"," ","0",0,"P"," ","0",0,"P"," ","0",0,"P"," ","0",0,"P"," ","0",0,"P"," ","0",0,"P"," ","0",0,"P"," ","0",0,"P"," ","0",0,"P"," ","0",0,"P"," ","0",0,"P"," ","0",0,"P"," ","0",0,"P"," ","0",0,"P"," ","0",0,"P"," ","0",0,"P"," ","0",NA," "," "," "
"1451","USC00359461",1990,5,"TMAX",189," "," ","0",217," "," ","0",233," "," ","0",267," "," ","0",333," "," ","0",256," "," ","0",167," "," ","0",172," "," ","0",200," "," ","0",256," "," ","0",133," "," ","0",167," "," ","0",172," "," ","0",172," "," ","0",172," "," ","0",200," "," ","0",206," "," ","0",167," "," ","0",172," "," ","0",178," "," ","0",172," "," ","0",200," "," ","0",156," "," ","0",156," "," ","0",156," "," ","0",200," "," ","0",200," "," ","0",189," "," ","0",167," "," ","0",189," "," ","0",167," "," ","0"
"1452","USC00359461",1990,5,"TMIN",33," "," ","0",67," "," ","0",83," "," ","0",83," "," ","0",111," "," ","0",67," "," ","0",33," "," ","0",28," "," ","0",39," "," ","0",61," "," ","0",67," "," ","0",83," "," ","0",67," "," ","0",56," "," ","0",50," "," ","0",39," "," ","0",56," "," ","0",89," "," ","0",72," "," ","0",83," "," ","0",72," "," ","0",106," "," ","0",72," "," ","0",56," "," ","0",72," "," ","0",78," "," ","0",117," "," ","0",106," "," ","0",89," "," ","0",89," "," ","0",67," "," ","0"
"1453","USC00359461",1990,5,"TOBS",78," "," ","0",106," "," ","0",133," "," ","0",117," "," ","0",161," "," ","0",89," "," ","0",78," "," ","0",67," "," ","0",78," "," ","0",89," "," ","0",106," "," ","0",94," "," ","0",106," "," ","0",111," "," ","0",89," "," ","0",94," "," ","0",89," "," ","0",100," "," ","0",100," "," ","0",94," "," ","0",106," "," ","0",111," "," ","0",94," "," ","0",78," "," ","0",83," "," ","0",117," "," ","0",144," "," ","0",122," "," ","0",122," "," ","0",100," "," ","0",83," "," ","0"
"1454","USC00359461",1990,5,"PRCP",0," "," ","0",0," "," ","0",0," "," ","0",0," "," ","0",0," "," ","0",0," "," ","0",0," "," ","0",0," "," ","0",0," "," ","0",0," "," ","0",0," "," ","0",0," "," ","0",0," "," ","0",0," "," ","0",0," "," ","0",0," "," ","0",0," "," ","0",0," "," ","0",0," "," ","0",130," "," ","0",3," "," ","0",137," "," ","0",76," "," ","0",36," "," ","0",20," "," ","0",30," "," ","0",94," "," ","0",33," "," ","0",28," "," ","0",23," "," ","0",20," "," ","0"
"1455","USC00359461",1990,5,"SNOW",0,"P"," ","0",0,"P"," ","0",0,"P"," ","0",0,"P"," ","0",0,"P"," ","0",0,"P"," ","0",0,"P"," ","0",0,"P"," ","0",0,"P"," ","0",0,"P"," ","0",0,"P"," ","0",0,"P"," ","0",0,"P"," ","0",0,"P"," ","0",0,"P"," ","0",0,"P"," ","0",0,"P"," ","0",0,"P"," ","0",0,"P"," ","0",0,"P"," ","0",0,"P"," ","0",0,"P"," ","0",0,"P"," ","0",0,"P"," ","0",0,"P"," ","0",0,"P"," ","0",0,"P"," ","0",0,"P"," ","0",0,"P"," ","0",0,"P"," ","0",0,"P"," ","0"
"1456","USC00359461",1990,5,"SNWD",0," "," ","0",0,"P"," ","0",0,"P"," ","0",0,"P"," ","0",0,"P"," ","0",0,"P"," ","0",0,"P"," ","0",0,"P"," ","0",0,"P"," ","0",0,"P"," ","0",0,"P"," ","0",0,"P"," ","0",0,"P"," ","0",0,"P"," ","0",0,"P"," ","0",0,"P"," ","0",0,"P"," ","0",0,"P"," ","0",0,"P"," ","0",0,"P"," ","0",0,"P"," ","0",0,"P"," ","0",0,"P"," ","0",0,"P"," ","0",0,"P"," ","0",0,"P"," ","0",0,"P"," ","0",0,"P"," ","0",0,"P"," ","0",0,"P"," ","0",0,"P"," ","0"
"1457","USC00359461",1990,6,"TMAX",144," "," ","0",183," "," ","0",239," "," ","0",217," "," ","0",211," "," ","0",200," "," ","0",217," "," ","0",239," "," ","0",222," "," ","0",200," "," ","0",178," "," ","0",200," "," ","0",178," "," ","0",206," "," ","0",261," "," ","0",250," "," ","0",183," "," ","0",211," "," ","0",261," "," ","0",289," "," ","0",294," "," ","0",356," "," ","0",250," "," ","0",222," "," ","0",239," "," ","0",206," "," ","0",250," "," ","0",250," "," ","0",267," "," ","0",278," "," ","0",NA," "," "," "
"1458","USC00359461",1990,6,"TMIN",67," "," ","0",106," "," ","0",122," "," ","0",56," "," ","0",78," "," ","0",100," "," ","0",106," "," ","0",94," "," ","0",122," "," ","0",89," "," ","0",56," "," ","0",67," "," ","0",89," "," ","0",61," "," ","0",67," "," ","0",94," "," ","0",106," "," ","0",89," "," ","0",94," "," ","0",133," "," ","0",150," "," ","0",144," "," ","0",144," "," ","0",144," "," ","0",144," "," ","0",89," "," ","0",94," "," ","0",94," "," ","0",150," "," ","0",111," "," ","0",NA," "," "," "
"1459","USC00359461",1990,6,"TOBS",106," "," ","0",128," "," ","0",128," "," ","0",94," "," ","0",106," "," ","0",139," "," ","0",122," "," ","0",122," "," ","0",128," "," ","0",94," "," ","0",67," "," ","0",100," "," ","0",94," "," ","0",67," "," ","0",94," "," ","0",128," "," ","0",117," "," ","0",106," "," ","0",144," "," ","0",178," "," ","0",150," "," ","0",189," "," ","0",144," "," ","0",144," "," ","0",150," "," ","0",111," "," ","0",94," "," ","0",150," "," ","0",161," "," ","0",111," "," ","0",NA," "," "," "
"1460","USC00359461",1990,6,"PRCP",23," "," ","0",20," "," ","0",33," "," ","0",3," "," ","0",0," "," ","0",20," "," ","0",30," "," ","0",0," "," ","0",0," "," ","0",30," "," ","0",20," "," ","0",8," "," ","0",30," "," ","0",0," "," ","0",0," "," ","0",0," "," ","0",0," "," ","0",0," "," ","0",0," "," ","0",0," "," ","0",0," "," ","0",0," "," ","0",0," "," ","0",0," "," ","0",0," "," ","0",0," "," ","0",0," "," ","0",0," "," ","0",0," "," ","0",0," "," ","0",NA," "," "," "
"1461","USC00359461",1990,6,"SNOW",0,"P"," ","0",0,"P"," ","0",0,"P"," ","0",0,"P"," ","0",0,"P"," ","0",0,"P"," ","0",0,"P"," ","0",0,"P"," ","0",0,"P"," ","0",0,"P"," ","0",0,"P"," ","0",0,"P"," ","0",0,"P"," ","0",0,"P"," ","0",0,"P"," ","0",0,"P"," ","0",0,"P"," ","0",0,"P"," ","0",0,"P"," ","0",0,"P"," ","0",0,"P"," ","0",0,"P"," ","0",0,"P"," ","0",0,"P"," ","0",0,"P"," ","0",0,"P"," ","0",0,"P"," ","0",0,"P"," ","0",0,"P"," ","0",0,"P"," ","0",NA," "," "," "
"1462","USC00359461",1990,6,"SNWD",0," "," ","0",0,"P"," ","0",0,"P"," ","0",0,"P"," ","0",0,"P"," ","0",0,"P"," ","0",0,"P"," ","0",0,"P"," ","0",0,"P"," ","0",0,"P"," ","0",0,"P"," ","0",0,"P"," ","0",0,"P"," ","0",0,"P"," ","0",0,"P"," ","0",0,"P"," ","0",0,"P"," ","0",0,"P"," ","0",0,"P"," ","0",0,"P"," ","0",0,"P"," ","0",0,"P"," ","0",0,"P"," ","0",0,"P"," ","0",0,"P"," ","0",0,"P"," ","0",0,"P"," ","0",0,"P"," ","0",0,"P"," ","0",0,"P"," ","0",NA," "," "," "
"1463","USC00359461",1990,6,"EVAP",20," "," ","0",33," "," ","0",36," "," ","0",48," "," ","0",53," "," ","0",8," "," ","0",36," "," ","0",51," "," ","0",41," "," ","0",23," "," ","0",28," "," ","0",51," "," ","0",25," "," ","0",36," "," ","0",69," "," ","0",53," "," ","0",33," "," ","0",51," "," ","0",56," "," ","0",76," "," ","0",76," "," ","0",84," "," ","0",61," "," ","0",43," "," ","0",48," "," ","0",36," "," ","0",53," "," ","0",53," "," ","0",58," "," ","0",79," "," ","0",NA," "," "," "
"1464","USC00359461",1990,6,"MNPN",NA," "," "," ",NA," "," "," ",NA," "," "," ",NA," "," "," ",NA," "," "," ",NA," "," "," ",NA," "," "," ",NA," "," "," ",NA," "," "," ",NA," "," "," ",NA," "," "," ",NA," "," "," ",NA," "," "," ",122," "," ","0",128," "," ","0",161," "," ","0",139," "," ","0",139," "," ","0",139," "," ","0",167," "," ","0",183," "," ","0",194," "," ","0",233," "," ","0",183," "," ","0",161," "," ","0",144," "," ","0",122," "," ","0",139," "," ","0",183," "," ","0",150," "," ","0",NA," "," "," "
"1465","USC00359461",1990,6,"MXPN",NA," "," "," ",NA," "," "," ",NA," "," "," ",NA," "," "," ",NA," "," "," ",NA," "," "," ",NA," "," "," ",NA," "," "," ",NA," "," "," ",NA," "," "," ",NA," "," "," ",NA," "," "," ",NA," "," "," ",272," "," ","0",322," "," ","0",333," "," ","0",239," "," ","0",300," "," ","0",322," "," ","0",356," "," ","0",356," "," ","0",389," "," ","0",356," "," ","0",311," "," ","0",322," "," ","0",278," "," ","0",328," "," ","0",322," "," ","0",350," "," ","0",361," "," ","0",NA," "," "," "
"1466","USC00359461",1990,6,"WDMV",42," "," ","0",32," "," ","0",26," "," ","0",47," "," ","0",26," "," ","0",18," "," ","0",37," "," ","0",19," "," ","0",24," "," ","0",23," "," ","0",31," "," ","0",24," "," ","0",27," "," ","0",32," "," ","0",26," "," ","0",31," "," ","0",24," "," ","0",34," "," ","0",32," "," ","0",37," "," ","0",35," "," ","0",19," "," ","0",24," "," ","0",24," "," ","0",24," "," ","0",26," "," ","0",21," "," ","0",23," "," ","0",23," "," ","0",23," "," ","0",NA," "," "," "
"1467","USC00359461",1990,7,"TMAX",250," "," ","0",239," "," ","0",194," "," ","0",228," "," ","0",278," "," ","0",250," "," ","0",239," "," ","0",272," "," ","0",311," "," ","0",294," "," ","0",339," "," ","0",361," "," ","0",367," "," ","0",328," "," ","0",322," "," ","0",333," "," ","0",306," "," ","0",306," "," ","0",322," "," ","0",328," "," ","0",350," "," ","0",356," "," ","0",322," "," ","0",261," "," ","0",244," "," ","0",250," "," ","0",278," "," ","0",300," "," ","0",322," "," ","0",333," "," ","0",283," "," ","0"
"1468","USC00359461",1990,7,"TMIN",111," "," ","0",117," "," ","0",83," "," ","0",83," "," ","0",128," "," ","0",117," "," ","0",94," "," ","0",94," "," ","0",128," "," ","0",106," "," ","0",144," "," ","0",178," "," ","0",156," "," ","0",133," "," ","0",150," "," ","0",150," "," ","0",150," "," ","0",128," "," ","0",133," "," ","0",150," "," ","0",156," "," ","0",150," "," ","0",122," "," ","0",122," "," ","0",150," "," ","0",117," "," ","0",111," "," ","0",128," "," ","0",128," "," ","0",133," "," ","0",139," "," ","0"
"1469","USC00359461",1990,7,"TOBS",139," "," ","0",117," "," ","0",100," "," ","0",133," "," ","0",139," "," ","0",128," "," ","0",94," "," ","0",133," "," ","0",133," "," ","0",150," "," ","0",178," "," ","0",189," "," ","0",161," "," ","0",161," "," ","0",161," "," ","0",183," "," ","0",150," "," ","0",133," "," ","0",167," "," ","0",156," "," ","0",156," "," ","0",156," "," ","0",122," "," ","0",156," "," ","0",150," "," ","0",117," "," ","0",150," "," ","0",128," "," ","0",133," "," ","0",150," "," ","0",144," "," ","0"
"1470","USC00359461",1990,7,"PRCP",0," "," ","0",102," "," ","0",23," "," ","0",3," "," ","0",0," "," ","0",15," "," ","0",0," "," ","0",0," "," ","0",0," "," ","0",0," "," ","0",0," "," ","0",0," "," ","0",0," "," ","0",0," "," ","0",0," "," ","0",0," "," ","0",0," "," ","0",0," "," ","0",0," "," ","0",0," "," ","0",0," "," ","0",0," "," ","0",0," "," ","0",0," "," ","0",0," "," ","0",0," "," ","0",0," "," ","0",0," "," ","0",0," "," ","0",0," "," ","0",0," "," ","0"
"1471","USC00359461",1990,7,"SNOW",0,"P"," ","0",0,"P"," ","0",0,"P"," ","0",0,"P"," ","0",0,"P"," ","0",0,"P"," ","0",0,"P"," ","0",0,"P"," ","0",0,"P"," ","0",0,"P"," ","0",0,"P"," ","0",0,"P"," ","0",0,"P"," ","0",0,"P"," ","0",0,"P"," ","0",0,"P"," ","0",0,"P"," ","0",0,"P"," ","0",0,"P"," ","0",0,"P"," ","0",0,"P"," ","0",0,"P"," ","0",0,"P"," ","0",0,"P"," ","0",0,"P"," ","0",0,"P"," ","0",0,"P"," ","0",0,"P"," ","0",0,"P"," ","0",0,"P"," ","0",0,"P"," ","0"
"1472","USC00359461",1990,7,"SNWD",0," "," ","0",0,"P"," ","0",0,"P"," ","0",0,"P"," ","0",0,"P"," ","0",0,"P"," ","0",0,"P"," ","0",0,"P"," ","0",0,"P"," ","0",0,"P"," ","0",0,"P"," ","0",0,"P"," ","0",0,"P"," ","0",0,"P"," ","0",0,"P"," ","0",0,"P"," ","0",0,"P"," ","0",0,"P"," ","0",0,"P"," ","0",0,"P"," ","0",0,"P"," ","0",0,"P"," ","0",0,"P"," ","0",0,"P"," ","0",0,"P"," ","0",0,"P"," ","0",0,"P"," ","0",0,"P"," ","0",0,"P"," ","0",0,"P"," ","0",0,"P"," ","0"
"1473","USC00359461",1990,7,"EVAP",51," "," ","0",53," "," ","0",41," "," ","0",46," "," ","0",46," "," ","0",18," "," ","0",56," "," ","0",66," "," ","0",69," "," ","0",56," "," ","0",74," "," ","0",61," "," ","0",89," "," ","0",79," "," ","0",86," "," ","0",86," "," ","0",91," "," ","0",79," "," ","0",102," "," ","0",66," "," ","0",58," "," ","0",74," "," ","0",81," "," ","0",61," "," ","0",61," "," ","0",66," "," ","0",76," "," ","0",94," "," ","0",76," "," ","0",74," "," ","0",51," "," ","0"
"1474","USC00359461",1990,7,"MNPN",161," "," ","0",167," "," ","0",128," "," ","0",133," "," ","0",83," "," ","0",161," "," ","0",150," "," ","0",156," "," ","0",183," "," ","0",189," "," ","0",194," "," ","0",217," "," ","0",206," "," ","0",189," "," ","0",183," "," ","0",178," "," ","0",183," "," ","0",161," "," ","0",183," "," ","0",217," "," ","0",200," "," ","0",206," "," ","0",194," "," ","0",172," "," ","0",183," "," ","0",172," "," ","0",161," "," ","0",183," "," ","0",183," "," ","0",183," "," ","0",183," "," ","0"
"1475","USC00359461",1990,7,"MXPN",350," "," ","0",328," "," ","0",261," "," ","0",283," "," ","0",333," "," ","0",261," "," ","0",306," "," ","0",344," "," ","0",361," "," ","0",356," "," ","0",383," "," ","0",367," "," ","0",389," "," ","0",361," "," ","0",361," "," ","0",367," "," ","0",356," "," ","0",356," "," ","0",361," "," ","0",356," "," ","0",378," "," ","0",383," "," ","0",372," "," ","0",333," "," ","0",322," "," ","0",339," "," ","0",339," "," ","0",350," "," ","0",367," "," ","0",378," "," ","0",350," "," ","0"
"1476","USC00359461",1990,7,"WDMV",19," "," ","0",23," "," ","0",19," "," ","0",16," "," ","0",16," "," ","0",26," "," ","0",24," "," ","0",29," "," ","0",24," "," ","0",21," "," ","0",26," "," ","0",18," "," ","0",23," "," ","0",34," "," ","0",39," "," ","0",34," "," ","0",39," "," ","0",32," "," ","0",27," "," ","0",19," "," ","0",27," "," ","0",23," "," ","0",27," "," ","0",34," "," ","0",32," "," ","0",34," "," ","0",37," "," ","0",40," "," ","0",31," "," ","0",27," "," ","0",26," "," ","0"
"1477","USC00359461",1990,8,"TMAX",267," "," ","0",289," "," ","0",289," "," ","0",328," "," ","0",406," "," ","0",339," "," ","0",372," "," ","0",322," "," ","0",344," "," ","0",344," "," ","0",356," "," ","0",367," "," ","0",322," "," ","0",261," "," ","0",294," "," ","0",261," "," ","0",272," "," ","0",233," "," ","0",217," "," ","0",239," "," ","0",267," "," ","0",239," "," ","0",244," "," ","0",233," "," ","0",250," "," ","0",239," "," ","0",228," "," ","0",200," "," ","0",233," "," ","0",194," "," ","0",244," "," ","0"
"1478","USC00359461",1990,8,"TMIN",139," "," ","0",144," "," ","0",139," "," ","0",128," "," ","0",128," "," ","0",139," "," ","0",139," "," ","0",139," "," ","0",167," "," ","0",167," "," ","0",156," "," ","0",156," "," ","0",150," "," ","0",156," "," ","0",150," "," ","0",150," "," ","0",144," "," ","0",133," "," ","0",117," "," ","0",122," "," ","0",133," "," ","0",161," "," ","0",144," "," ","0",89," "," ","0",94," "," ","0",89," "," ","0",122," "," ","0",139," "," ","0",161," "," ","0",117," "," ","0",106," "," ","0"
"1479","USC00359461",1990,8,"TOBS",144," "," ","0",144," "," ","0",139," "," ","0",128," "," ","0",144," "," ","0",144," "," ","0",139," "," ","0",178," "," ","0",172," "," ","0",167," "," ","0",167," "," ","0",161," "," ","0",167," "," ","0",167," "," ","0",167," "," ","0",150," "," ","0",156," "," ","0",133," "," ","0",122," "," ","0",139," "," ","0",161," "," ","0",167," "," ","0",144," "," ","0",94," "," ","0",100," "," ","0",128," "," ","0",139," "," ","0",161," "," ","0",167," "," ","0",128," "," ","0",111," "," ","0"
"1480","USC00359461",1990,8,"PRCP",0," "," ","0",0," "," ","0",0," "," ","0",0," "," ","0",0," "," ","0",0," "," ","0",0," "," ","0",0," "," ","0",0," "," ","0",0," "," ","0",0," "," ","0",0," "," ","0",0," "," ","0",0," "," ","0",0," "," ","0",0," "," ","0",30," "," ","0",114," "," ","0",36," "," ","0",0," "," ","0",0," "," ","0",3," "," ","0",0," "," ","0",0," "," ","0",0," "," ","0",51," "," ","0",66," "," ","0",36," "," ","0",0,"T"," ","0",112," "," ","0",0," "," ","0"
"1481","USC00359461",1990,8,"SNOW",0,"P"," ","0",0,"P"," ","0",0,"P"," ","0",0,"P"," ","0",0,"P"," ","0",0,"P"," ","0",0,"P"," ","0",0,"P"," ","0",0,"P"," ","0",0,"P"," ","0",0,"P"," ","0",0,"P"," ","0",0,"P"," ","0",0,"P"," ","0",0,"P"," ","0",0,"P"," ","0",0,"P"," ","0",0,"P"," ","0",0,"P"," ","0",0,"P"," ","0",0,"P"," ","0",0,"P"," ","0",0,"P"," ","0",0,"P"," ","0",0,"P"," ","0",0,"P"," ","0",0,"P"," ","0",0,"P"," ","0",0,"P"," ","0",0,"P"," ","0",0,"P"," ","0"
"1482","USC00359461",1990,8,"SNWD",0," "," ","0",0,"P"," ","0",0,"P"," ","0",0,"P"," ","0",0,"P"," ","0",0,"P"," ","0",0,"P"," ","0",0,"P"," ","0",0,"P"," ","0",0,"P"," ","0",0,"P"," ","0",0,"P"," ","0",0,"P"," ","0",0,"P"," ","0",0,"P"," ","0",0,"P"," ","0",0,"P"," ","0",0,"P"," ","0",0,"P"," ","0",0,"P"," ","0",0,"P"," ","0",0,"P"," ","0",0,"P"," ","0",0,"P"," ","0",0,"P"," ","0",0,"P"," ","0",0,"P"," ","0",0,"P"," ","0",0,"P"," ","0",0,"P"," ","0",0,"P"," ","0"
"1483","USC00359461",1990,8,"EVAP",66," "," ","0",58," "," ","0",61," "," ","0",81," "," ","0",84," "," ","0",79," "," ","0",76," "," ","0",53," "," ","0",69," "," ","0",79," "," ","0",79," "," ","0",74," "," ","0",46," "," ","0",71," "," ","0",41," "," ","0",51," "," ","0",18," "," ","0",36," "," ","0",28," "," ","0",36," "," ","0",46," "," ","0",30," "," ","0",64," "," ","0",69," "," ","0",13," "," ","0",46," "," ","0",33," "," ","0",NA," "," "," ",28," "," ","0",13," "," ","0",10," "," ","0"
"1484","USC00359461",1990,8,"MNPN",183," "," ","0",161," "," ","0",172," "," ","0",178," "," ","0",189," "," ","0",189," "," ","0",183," "," ","0",178," "," ","0",217," "," ","0",211," "," ","0",217," "," ","0",206," "," ","0",189," "," ","0",178," "," ","0",183," "," ","0",183," "," ","0",183," "," ","0",161," "," ","0",161," "," ","0",156," "," ","0",183," "," ","0",167," "," ","0",167," "," ","0",133," "," ","0",133," "," ","0",139," "," ","0",167," "," ","0",172," "," ","0",189," "," ","0",161," "," ","0",161," "," ","0"
"1485","USC00359461",1990,8,"MXPN",328," "," ","0",328," "," ","0",333," "," ","0",361," "," ","0",389," "," ","0",372," "," ","0",344," "," ","0",339," "," ","0",367," "," ","0",378," "," ","0",378," "," ","0",372," "," ","0",356," "," ","0",311," "," ","0",339," "," ","0",306," "," ","0",317," "," ","0",261," "," ","0",267," "," ","0",322," "," ","0",322," "," ","0",267," "," ","0",322," "," ","0",317," "," ","0",300," "," ","0",294," "," ","0",272," "," ","0",211," "," ","0",261," "," ","0",217," "," ","0",311," "," ","0"
"1486","USC00359461",1990,8,"WDMV",29," "," ","0",40," "," ","0",40," "," ","0",32," "," ","0",19," "," ","0",27," "," ","0",31," "," ","0",27," "," ","0",27," "," ","0",27," "," ","0",27," "," ","0",23," "," ","0",27," "," ","0",31," "," ","0",24," "," ","0",23," "," ","0",23," "," ","0",27," "," ","0",18," "," ","0",21," "," ","0",16," "," ","0",16," "," ","0",34," "," ","0",40," "," ","0",19," "," ","0",18," "," ","0",18," "," ","0",6," "," ","0",13," "," ","0",18," "," ","0",3," "," ","0"
"1487","USC00359461",1990,9,"TMAX",256," "," ","0",239," "," ","0",256," "," ","0",272," "," ","0",328," "," ","0",289," "," ","0",289," "," ","0",256," "," ","0",244," "," ","0",261," "," ","0",317," "," ","0",194," "," ","0",222," "," ","0",267," "," ","0",250," "," ","0",222," "," ","0",244," "," ","0",250," "," ","0",250," "," ","0",239," "," ","0",272," "," ","0",322," "," ","0",317," "," ","0",211," "," ","0",272," "," ","0",250," "," ","0",233," "," ","0",228," "," ","0",283," "," ","0",267," "," ","0",NA," "," "," "
"1488","USC00359461",1990,9,"TMIN",117," "," ","0",133," "," ","0",106," "," ","0",106," "," ","0",106," "," ","0",111," "," ","0",111," "," ","0",111," "," ","0",111," "," ","0",106," "," ","0",106," "," ","0",139," "," ","0",72," "," ","0",72," "," ","0",128," "," ","0",111," "," ","0",106," "," ","0",89," "," ","0",83," "," ","0",94," "," ","0",89," "," ","0",78," "," ","0",78," "," ","0",100," "," ","0",128," "," ","0",133," "," ","0",117," "," ","0",100," "," ","0",111," ","I","0",100," "," ","0",NA," "," "," "
"1489","USC00359461",1990,9,"TOBS",150," "," ","0",139," "," ","0",111," "," ","0",117," "," ","0",106," "," ","0",111," "," ","0",117," "," ","0",144," "," ","0",133," "," ","0",106," "," ","0",156," "," ","0",144," "," ","0",78," "," ","0",150," "," ","0",128," "," ","0",117," "," ","0",144," "," ","0",89," "," ","0",117," "," ","0",94," "," ","0",89," "," ","0",83," "," ","0",100," "," ","0",133," "," ","0",144," "," ","0",144," "," ","0",133," "," ","0",100," ","I","0",111," "," ","0",100," "," ","0",NA," "," "," "
"1490","USC00359461",1990,9,"PRCP",0," "," ","0",0," "," ","0",0," "," ","0",0," "," ","0",0," "," ","0",0," "," ","0",0," "," ","0",0," "," ","0",0," "," ","0",0," "," ","0",0," "," ","0",0," "," ","0",0," "," ","0",0," "," ","0",0," "," ","0",0," "," ","0",0," "," ","0",0," "," ","0",0," "," ","0",0," "," ","0",0," "," ","0",0," "," ","0",0," "," ","0",0," "," ","0",5," "," ","0",15," "," ","0",3," "," ","0",0," "," ","0",0," "," ","0",0," "," ","0",NA," "," "," "
"1491","USC00359461",1990,9,"SNOW",0,"P"," ","0",0,"P"," ","0",0,"P"," ","0",0,"P"," ","0",0,"P"," ","0",0,"P"," ","0",0,"P"," ","0",0,"P"," ","0",0,"P"," ","0",0,"P"," ","0",0,"P"," ","0",0,"P"," ","0",0,"P"," ","0",0,"P"," ","0",0,"P"," ","0",0,"P"," ","0",0,"P"," ","0",0,"P"," ","0",0,"P"," ","0",0,"P"," ","0",0,"P"," ","0",0,"P"," ","0",0,"P"," ","0",0,"P"," ","0",0,"P"," ","0",0,"P"," ","0",0,"P"," ","0",0,"P"," ","0",0,"P"," ","0",0,"P"," ","0",NA," "," "," "
"1492","USC00359461",1990,9,"SNWD",0," "," ","0",0,"P"," ","0",0,"P"," ","0",0,"P"," ","0",0,"P"," ","0",0,"P"," ","0",0,"P"," ","0",0,"P"," ","0",0,"P"," ","0",0,"P"," ","0",0,"P"," ","0",0,"P"," ","0",0,"P"," ","0",0,"P"," ","0",0,"P"," ","0",0,"P"," ","0",0,"P"," ","0",0,"P"," ","0",0,"P"," ","0",0,"P"," ","0",0,"P"," ","0",0,"P"," ","0",0,"P"," ","0",0,"P"," ","0",0,"P"," ","0",0,"P"," ","0",0,"P"," ","0",0,"P"," ","0",0,"P"," ","0",0,"P"," ","0",NA," "," "," "
"1493","USC00359461",1990,9,"EVAP",61," "," ","0",28," "," ","0",38," "," ","0",58," "," ","0",53," "," ","0",48," "," ","0",46," "," ","0",38," "," ","0",36," "," ","0",28," "," ","0",33," "," ","0",13," "," ","0",33," "," ","0",36," "," ","0",41," "," ","0",28," "," ","0",25," "," ","0",36," "," ","0",38," "," ","0",38," "," ","0",43," "," ","0",41," "," ","0",46," "," ","0",23," "," ","0",23," "," ","0",38," "," ","0",20," "," ","0",23," "," ","0",33," "," ","0",36," "," ","0",NA," "," "," "
"1494","USC00359461",1990,9,"MNPN",161," "," ","0",167," "," ","0",161," "," ","0",156," "," ","0",161," "," ","0",161," "," ","0",161," "," ","0",156," "," ","0",156," "," ","0",150," "," ","0",144," "," ","0",156," "," ","0",128," "," ","0",117," "," ","0",156," "," ","0",156," "," ","0",144," "," ","0",167," "," ","0",167," "," ","0",167," "," ","0",122," "," ","0",133," "," ","0",144," "," ","0",156," "," ","0",161," "," ","0",100," "," ","0",167," "," ","0",144," "," ","0",144," "," ","0",150," "," ","0",NA," "," "," "
"1495","USC00359461",1990,9,"MXPN",317," "," ","0",267," "," ","0",322," "," ","0",322," "," ","0",344," "," ","0",333," "," ","0",328," "," ","0",294," "," ","0",267," "," ","0",267," "," ","0",333," "," ","0",211," "," ","0",278," "," ","0",306," "," ","0",311," "," ","0",244," "," ","0",267," "," ","0",278," "," ","0",278," "," ","0",267," "," ","0",289," "," ","0",317," "," ","0",322," "," ","0",228," "," ","0",283," "," ","0",294," "," ","0",256," "," ","0",256," "," ","0",300," "," ","0",267," "," ","0",NA," "," "," "
"1496","USC00359461",1990,9,"WDMV",19," "," ","0",11," "," ","0",23," "," ","0",23," "," ","0",14," "," ","0",18," "," ","0",18," "," ","0",21," "," ","0",19," "," ","0",11," "," ","0",14," "," ","0",6," "," ","0",19," "," ","0",23," "," ","0",14," "," ","0",16," "," ","0",18," "," ","0",26," "," ","0",21," "," ","0",31," "," ","0",23," "," ","0",16," "," ","0",16," "," ","0",16," "," ","0",14," "," ","0",21," "," ","0",8," "," ","0",14," "," ","0",16," "," ","0",26," "," ","0",NA," "," "," "
"1497","USC00359461",1990,10,"TMAX",239," "," ","0",211," "," ","0",189," "," ","0",239," "," ","0",267," "," ","0",167," "," ","0",172," "," ","0",172," "," ","0",194," "," ","0",233," "," ","0",167," "," ","0",206," "," ","0",144," "," ","0",167," "," ","0",178," "," ","0",189," "," ","0",161," "," ","0",194," "," ","0",133," "," ","0",139," "," ","0",128," "," ","0",122," "," ","0",117," "," ","0",211," "," ","0",194," "," ","0",211," "," ","0",172," "," ","0",211," "," ","0",183," "," ","0",183," "," ","0",128," "," ","0"
"1498","USC00359461",1990,10,"TMIN",78," "," ","0",61," "," ","0",67," "," ","0",78," "," ","0",72," "," ","0",17," "," ","0",11," "," ","0",0," "," ","0",17," "," ","0",22," "," ","0",0," "," ","0",0," "," ","0",67," "," ","0",22," "," ","0",28," "," ","0",89," "," ","0",28," "," ","0",11," "," ","0",61," "," ","0",22," "," ","0",22," "," ","0",78," "," ","0",83," "," ","0",56," "," ","0",50," "," ","0",61," "," ","0",89," "," ","0",72," "," ","0",33," "," ","0",33," "," ","0",72," "," ","0"
"1499","USC00359461",1990,10,"TOBS",78," "," ","0",67," "," ","0",122," "," ","0",83," "," ","0",106," "," ","0",33," "," ","0",28," "," ","0",28," "," ","0",39," "," ","0",111," "," ","0",11," "," ","0",100," "," ","0",78," "," ","0",28," "," ","0",106," "," ","0",89," "," ","0",28," "," ","0",100," "," ","0",67," "," ","0",22," "," ","0",78," "," ","0",89," "," ","0",94," "," ","0",61," "," ","0",67," "," ","0",111," "," ","0",106," "," ","0",78," "," ","0",33," "," ","0",111," "," ","0",72," "," ","0"
"1500","USC00359461",1990,10,"PRCP",0," "," ","0",5," "," ","0",0," "," ","0",0," "," ","0",23," "," ","0",0," "," ","0",0," "," ","0",0," "," ","0",0," "," ","0",5," "," ","0",5," "," ","0",0," "," ","0",20," "," ","0",3," "," ","0",46," "," ","0",13," "," ","0",0," "," ","0",112," "," ","0",155," "," ","0",3," "," ","0",0,"T"," ","0",109," "," ","0",3," "," ","0",3," "," ","0",3," "," ","0",36," "," ","0",3," "," ","0",28," "," ","0",3," "," ","0",53," "," ","0",366," "," ","0"
"1501","USC00359461",1990,10,"SNOW",0,"P"," ","0",0,"P"," ","0",0,"P"," ","0",0,"P"," ","0",0,"P"," ","0",0,"P"," ","0",0,"P"," ","0",0,"P"," ","0",0,"P"," ","0",0,"P"," ","0",0,"P"," ","0",0,"P"," ","0",0,"P"," ","0",0,"P"," ","0",0,"P"," ","0",0,"P"," ","0",0,"P"," ","0",0,"P"," ","0",0,"P"," ","0",0,"P"," ","0",0,"P"," ","0",0,"P"," ","0",0,"P"," ","0",0,"P"," ","0",0,"P"," ","0",0,"P"," ","0",0,"P"," ","0",0,"P"," ","0",0,"P"," ","0",0,"P"," ","0",0,"P"," ","0"
"1502","USC00359461",1990,10,"SNWD",0," "," ","0",0,"P"," ","0",0,"P"," ","0",0,"P"," ","0",0,"P"," ","0",0,"P"," ","0",0,"P"," ","0",0,"P"," ","0",0,"P"," ","0",0,"P"," ","0",0,"P"," ","0",0,"P"," ","0",0,"P"," ","0",0,"P"," ","0",0,"P"," ","0",0,"P"," ","0",0,"P"," ","0",0,"P"," ","0",0,"P"," ","0",0,"P"," ","0",0,"P"," ","0",0,"P"," ","0",0,"P"," ","0",0,"P"," ","0",0,"P"," ","0",0,"P"," ","0",0,"P"," ","0",0,"P"," ","0",0,"P"," ","0",0,"P"," ","0",0,"P"," ","0"
"1503","USC00359461",1990,11,"TMAX",150," "," ","0",122," "," ","0",111," "," ","0",156," "," ","0",156," "," ","0",122," "," ","0",117," "," ","0",100," "," ","0",167," "," ","0",167," "," ","0",144," "," ","0",144," "," ","0",150," "," ","0",106," "," ","0",111," "," ","0",128," "," ","0",106," "," ","0",78," "," ","0",72," "," ","0",100," "," ","0",94," "," ","0",117," "," ","0",144," "," ","0",128," "," ","0",156," "," ","0",94," "," ","0",89," "," ","0",89," "," ","0",100," "," ","0",122," "," ","0",NA," "," "," "
"1504","USC00359461",1990,11,"TMIN",50," "," ","0",0," "," ","0",6," "," ","0",67," "," ","0",39," "," ","0",22," "," ","0",28," "," ","0",61," "," ","0",83," "," ","0",39," "," ","0",28," "," ","0",17," "," ","0",17," "," ","0",39," "," ","0",0," "," ","0",-6," "," ","0",11," "," ","0",22," "," ","0",39," "," ","0",28," "," ","0",33," "," ","0",39," "," ","0",11," "," ","0",17," "," ","0",28," "," ","0",17," "," ","0",17," "," ","0",11," "," ","0",11," "," ","0",22," "," ","0",NA," "," "," "
"1505","USC00359461",1990,11,"TOBS",56," "," ","0",11," "," ","0",83," "," ","0",122," "," ","0",56," "," ","0",50," "," ","0",78," "," ","0",100," "," ","0",117," "," ","0",50," "," ","0",33," "," ","0",22," "," ","0",83," "," ","0",44," "," ","0",0," "," ","0",17," "," ","0",22," "," ","0",67," "," ","0",39," "," ","0",39," "," ","0",67," "," ","0",50," "," ","0",17," "," ","0",28," "," ","0",67," "," ","0",17," "," ","0",50," "," ","0",17," "," ","0",28," "," ","0",22," "," ","0",NA," "," "," "
"1506","USC00359461",1990,11,"PRCP",36," "," ","0",3," "," ","0",10," "," ","0",69," "," ","0",48," "," ","0",13," "," ","0",5," "," ","0",23," "," ","0",5," "," ","0",0," "," ","0",3," "," ","0",3," "," ","0",58," "," ","0",246," "," ","0",0," "," ","0",0," "," ","0",0,"T"," ","0",81," "," ","0",5," "," ","0",56," "," ","0",58," "," ","0",5," "," ","0",0,"T"," ","0",0," "," ","0",145," "," ","0",46," "," ","0",25," "," ","0",36," "," ","0",3," "," ","0",140," "," ","0",NA," "," "," "
"1507","USC00359461",1990,11,"SNOW",0,"P"," ","0",0,"P"," ","0",0,"P"," ","0",0,"P"," ","0",0,"P"," ","0",0,"P"," ","0",0,"P"," ","0",0,"P"," ","0",0,"P"," ","0",0,"P"," ","0",0,"P"," ","0",0,"P"," ","0",0,"P"," ","0",0,"P"," ","0",0,"P"," ","0",0,"P"," ","0",0,"P"," ","0",0,"P"," ","0",0,"P"," ","0",0,"P"," ","0",0,"P"," ","0",0,"P"," ","0",0,"P"," ","0",0,"P"," ","0",0,"P"," ","0",0,"P"," ","0",0,"P"," ","0",0,"P"," ","0",0,"P"," ","0",0,"P"," ","0",NA," "," "," "
"1508","USC00359461",1990,11,"SNWD",0," "," ","0",0,"P"," ","0",0,"P"," ","0",0,"P"," ","0",0,"P"," ","0",0,"P"," ","0",0,"P"," ","0",0,"P"," ","0",0,"P"," ","0",0,"P"," ","0",0,"P"," ","0",0,"P"," ","0",0,"P"," ","0",0,"P"," ","0",0,"P"," ","0",0,"P"," ","0",0,"P"," ","0",0,"P"," ","0",0,"P"," ","0",0,"P"," ","0",0,"P"," ","0",0,"P"," ","0",0,"P"," ","0",0,"P"," ","0",0,"P"," ","0",0,"P"," ","0",0,"P"," ","0",0,"P"," ","0",0,"P"," ","0",0,"P"," ","0",NA," "," "," "
"1509","USC00359461",1990,12,"TMAX",94," "," ","0",94," "," ","0",89," "," ","0",94," "," ","0",133," "," ","0",89," "," ","0",83," "," ","0",67," "," ","0",139," "," ","0",100," "," ","0",94," "," ","0",61," "," ","0",56," "," ","0",72," "," ","0",61," "," ","0",56," "," ","0",61," "," ","0",100," "," ","0",78," "," ","0",22," "," ","0",-72," "," ","0",-100," "," ","0",-39," "," ","0",-56," "," ","0",-28," "," ","0",17," "," ","0",33," "," ","0",89," "," ","0",56," "," ","0",-17," "," ","0",22," "," ","0"
"1510","USC00359461",1990,12,"TMIN",-17," "," ","0",17," "," ","0",0," "," ","0",0," "," ","0",11," "," ","0",11," "," ","0",0," "," ","0",-6," "," ","0",33," "," ","0",28," "," ","0",11," "," ","0",17," "," ","0",11," "," ","0",-11," "," ","0",-11," "," ","0",-17," "," ","0",11," "," ","0",39," "," ","0",-28," "," ","0",-100," "," ","0",-172," ","O","0",-178," ","O","0",-139," "," ","0",-133," "," ","0",-106," ","I","0",-111," "," ","0",-6," "," ","0",0," "," ","0",-89," "," ","0",-94," "," ","0",-72," "," ","0"
"1511","USC00359461",1990,12,"TOBS",39," "," ","0",33," "," ","0",11," "," ","0",89," "," ","0",39," "," ","0",39," "," ","0",11," "," ","0",39," "," ","0",72," "," ","0",72," "," ","0",17," "," ","0",22," "," ","0",11," "," ","0",-6," "," ","0",-6," "," ","0",11," "," ","0",39," "," ","0",67," "," ","0",-28," "," ","0",-94," "," ","0",-172," ","O","0",-111," "," ","0",-128," "," ","0",-117," ","I","0",-83," "," ","0",-6," "," ","0",0," "," ","0",6," "," ","0",-83," "," ","0",-56," "," ","0",-61," "," ","0"
"1512","USC00359461",1990,12,"PRCP",28," "," ","0",28," "," ","0",0," "," ","0",10," "," ","0",38," "," ","0",0,"T"," ","0",0," "," ","0",0," "," ","0",3," "," ","0",231," "," ","0",36," "," ","0",0," "," ","0",23," "," ","0",10," "," ","0",0," "," ","0",15," "," ","0",5," "," ","0",41," "," ","0",150," "," ","0",15," "," ","0",0," "," ","0",0," "," ","0",0," "," ","0",0," "," ","0",0," "," ","0",3," "," ","0",0,"T"," ","0",74," "," ","0",20," "," ","0",0," "," ","0",0," "," ","0"
"1513","USC00359461",1990,12,"SNOW",0,"P"," ","0",0,"P"," ","0",0,"P"," ","0",0,"P"," ","0",0,"P"," ","0",0,"P"," ","0",0,"P"," ","0",0,"P"," ","0",0,"P"," ","0",0,"P"," ","0",0,"P"," ","0",0,"P"," ","0",0,"P"," ","0",0,"P"," ","0",0,"P"," ","0",0,"P"," ","0",0,"P"," ","0",0,"P"," ","0",114," "," ","0",0,"P"," ","0",0,"P"," ","0",0,"P"," ","0",0,"P"," ","0",0,"P"," ","0",0,"P"," ","0",0,"T"," ","0",0,"P"," ","0",0,"P"," ","0",0,"P"," ","0",0,"P"," ","0",0,"P"," ","0"
"1514","USC00359461",1990,12,"SNWD",0," "," ","0",0,"P"," ","0",0,"P"," ","0",0,"P"," ","0",0,"P"," ","0",0,"P"," ","0",0,"P"," ","0",0,"P"," ","0",0,"P"," ","0",0,"P"," ","0",0,"P"," ","0",0,"P"," ","0",0,"P"," ","0",0,"P"," ","0",0,"P"," ","0",0,"P"," ","0",0,"P"," ","0",0,"P"," ","0",127," "," ","0",102," "," ","0",102," "," ","0",102," "," ","0",76," "," ","0",76," "," ","0",76," "," ","0",51," "," ","0",25," "," ","0",0," "," ","0",0,"P"," ","0",0,"P"," ","0",0,"P"," ","0"
"1515","USC00359461",1991,1,"TMAX",56," "," ","0",6," "," ","0",-11," "," ","0",-6," "," ","0",-17," "," ","0",0," "," ","0",11," "," ","0",100," "," ","0",89," "," ","0",72," "," ","0",100," "," ","0",139," "," ","0",144," "," ","0",139," "," ","0",133," "," ","0",106," "," ","0",106," "," ","0",100," "," ","0",72," "," ","0",100," "," ","0",100," "," ","0",83," "," ","0",100," "," ","0",44," "," ","0",178," ","S","0",50," "," ","0",56," "," ","0",56," "," ","0",89," "," ","0",78," "," ","0",78," "," ","0"
"1516","USC00359461",1991,1,"TMIN",-72," "," ","0",-56," "," ","0",-39," "," ","0",-39," "," ","0",-39," "," ","0",-44," "," ","0",-28," "," ","0",0," "," ","0",-6," "," ","0",6," "," ","0",6," "," ","0",39," "," ","0",78," "," ","0",72," "," ","0",78," "," ","0",11," "," ","0",11," "," ","0",11," "," ","0",11," "," ","0",11," "," ","0",-44," "," ","0",-39," "," ","0",-39," "," ","0",-22," "," ","0",-39," "," ","0",-33," "," ","0",-44," "," ","0",-56," "," ","0",-56," "," ","0",-67," "," ","0",-67," "," ","0"
"1517","USC00359461",1991,1,"TOBS",-39," "," ","0",-22," "," ","0",-17," "," ","0",-17," "," ","0",-39," "," ","0",-28," "," ","0",6," "," ","0",0," "," ","0",6," "," ","0",56," "," ","0",39," "," ","0",89," "," ","0",83," "," ","0",89," "," ","0",89," "," ","0",17," "," ","0",22," "," ","0",28," "," ","0",56," "," ","0",17," "," ","0",-39," "," ","0",-39," "," ","0",-6," "," ","0",-11," "," ","0",-28," "," ","0",-22," "," ","0",-22," "," ","0",-17," "," ","0",-28," "," ","0",-50," "," ","0",33," "," ","0"
"1518","USC00359461",1991,1,"PRCP",0," "," ","0",0," "," ","0",0," "," ","0",0," "," ","0",0," "," ","0",0," "," ","0",51," "," ","0",10," "," ","0",0," "," ","0",81," "," ","0",51," "," ","0",173," "," ","0",48," "," ","0",38," "," ","0",36," "," ","0",3," "," ","0",0,"T"," ","0",0,"T"," ","0",53," "," ","0",0," "," ","0",0," "," ","0",0," "," ","0",0," "," ","0",0," "," ","0",0," "," ","0",0," "," ","0",0," "," ","0",0," "," ","0",0," "," ","0",0," "," ","0",15," "," ","0"
"1519","USC00359461",1991,1,"SNOW",0,"P"," ","0",0,"P"," ","0",0,"P"," ","0",0,"P"," ","0",0,"P"," ","0",0,"P"," ","0",0,"P"," ","0",0,"P"," ","0",0,"P"," ","0",0,"P"," ","0",0,"P"," ","0",0,"P"," ","0",0,"P"," ","0",0,"P"," ","0",0,"P"," ","0",0,"P"," ","0",0,"P"," ","0",0,"P"," ","0",0,"P"," ","0",0,"P"," ","0",0,"P"," ","0",0,"P"," ","0",0,"P"," ","0",0,"P"," ","0",0,"P"," ","0",0,"P"," ","0",0,"P"," ","0",0,"P"," ","0",0,"P"," ","0",0,"P"," ","0",0,"P"," ","0"
"1520","USC00359461",1991,1,"SNWD",0," "," ","0",0,"P"," ","0",0,"P"," ","0",0,"P"," ","0",0,"P"," ","0",0,"P"," ","0",0,"P"," ","0",0,"P"," ","0",0,"P"," ","0",0,"P"," ","0",0,"P"," ","0",0,"P"," ","0",0,"P"," ","0",0,"P"," ","0",0,"P"," ","0",0,"P"," ","0",0,"P"," ","0",0,"P"," ","0",0,"P"," ","0",0,"P"," ","0",0,"P"," ","0",0,"P"," ","0",0,"P"," ","0",0,"P"," ","0",0,"P"," ","0",0,"P"," ","0",0,"P"," ","0",0,"P"," ","0",0,"P"," ","0",0,"P"," ","0",0,"P"," ","0"
"1521","USC00359461",1991,2,"TMAX",128," "," ","0",211," "," ","0",128," "," ","0",144," "," ","0",139," "," ","0",117," "," ","0",128," "," ","0",139," "," ","0",128," "," ","0",111," "," ","0",128," "," ","0",161," "," ","0",111," "," ","0",183," "," ","0",178," "," ","0",139," "," ","0",133," "," ","0",211," "," ","0",117," "," ","0",150," "," ","0",172," "," ","0",133," "," ","0",111," "," ","0",122," "," ","0",144," "," ","0",178," "," ","0",189," "," ","0",156," "," ","0",NA," "," "," ",NA," "," "," ",NA," "," "," "
"1522","USC00359461",1991,2,"TMIN",17," "," ","0",22," "," ","0",50," "," ","0",72," "," ","0",67," "," ","0",39," "," ","0",28," "," ","0",22," "," ","0",22," "," ","0",22," "," ","0",33," "," ","0",28," "," ","0",61," "," ","0",78," "," ","0",72," "," ","0",72," "," ","0",61," "," ","0",61," "," ","0",56," "," ","0",56," "," ","0",33," "," ","0",39," "," ","0",22," "," ","0",11," "," ","0",11," "," ","0",6," "," ","0",11," "," ","0",17," "," ","0",NA," "," "," ",NA," "," "," ",NA," "," "," "
"1523","USC00359461",1991,2,"TOBS",39," "," ","0",83," "," ","0",89," "," ","0",122," "," ","0",67," "," ","0",56," "," ","0",33," "," ","0",39," "," ","0",22," "," ","0",33," "," ","0",33," "," ","0",61," "," ","0",83," "," ","0",78," "," ","0",111," "," ","0",72," "," ","0",61," "," ","0",61," "," ","0",61," "," ","0",56," "," ","0",39," "," ","0",44," "," ","0",67," "," ","0",39," "," ","0",28," "," ","0",33," "," ","0",39," "," ","0",33," "," ","0",NA," "," "," ",NA," "," "," ",NA," "," "," "
"1524","USC00359461",1991,2,"PRCP",5," "," ","0",119," "," ","0",69," "," ","0",23," "," ","0",274," "," ","0",3," "," ","0",0," "," ","0",0,"T"," ","0",0," "," ","0",0," "," ","0",0,"T"," ","0",0," "," ","0",119," "," ","0",3," "," ","0",0,"T"," ","0",13," "," ","0",13," "," ","0",43," "," ","0",43," "," ","0",0," "," ","0",0," "," ","0",0," "," ","0",3," "," ","0",3," "," ","0",0,"T"," ","0",0," "," ","0",0," "," ","0",0," "," ","0",NA," "," "," ",NA," "," "," ",NA," "," "," "
"1525","USC00359461",1991,2,"SNOW",0,"P"," ","0",0,"P"," ","0",0,"P"," ","0",0,"P"," ","0",0,"P"," ","0",0,"P"," ","0",0,"P"," ","0",0,"P"," ","0",0,"P"," ","0",0,"P"," ","0",0,"P"," ","0",0,"P"," ","0",0,"P"," ","0",0,"P"," ","0",0,"P"," ","0",0,"P"," ","0",0,"P"," ","0",0,"P"," ","0",0,"P"," ","0",0,"P"," ","0",0,"P"," ","0",0,"P"," ","0",0,"P"," ","0",0,"P"," ","0",0,"P"," ","0",0,"P"," ","0",0,"P"," ","0",0,"P"," ","0",NA," "," "," ",NA," "," "," ",NA," "," "," "
"1526","USC00359461",1991,2,"SNWD",0," "," ","0",0,"P"," ","0",0,"P"," ","0",0,"P"," ","0",0,"P"," ","0",0,"P"," ","0",0,"P"," ","0",0,"P"," ","0",0,"P"," ","0",0,"P"," ","0",0,"P"," ","0",0,"P"," ","0",0,"P"," ","0",0,"P"," ","0",0,"P"," ","0",0,"P"," ","0",0,"P"," ","0",0,"P"," ","0",0,"P"," ","0",0,"P"," ","0",0,"P"," ","0",0,"P"," ","0",0,"P"," ","0",0,"P"," ","0",0,"P"," ","0",0,"P"," ","0",0,"P"," ","0",0,"P"," ","0",NA," "," "," ",NA," "," "," ",NA," "," "," "
"1527","USC00359461",1991,3,"TMAX",117," "," ","0",167," "," ","0",122," "," ","0",139," "," ","0",67," "," ","0",72," "," ","0",89," "," ","0",100," "," ","0",106," "," ","0",133," "," ","0",67," "," ","0",44," "," ","0",111," "," ","0",117," "," ","0",67," "," ","0",111," "," ","0",128," "," ","0",172," "," ","0",144," "," ","0",128," "," ","0",128," "," ","0",89," "," ","0",122," "," ","0",106," "," ","0",117," "," ","0",117," "," ","0",150," "," ","0",156," "," ","0",128," "," ","0",167," "," ","0",244," "," ","0"
"1528","USC00359461",1991,3,"TMIN",22," "," ","0",67," "," ","0",44," "," ","0",67," "," ","0",11," "," ","0",11," "," ","0",28," "," ","0",-11," "," ","0",-6," "," ","0",11," "," ","0",-17," "," ","0",-17," "," ","0",39," "," ","0",33," "," ","0",0," "," ","0",-6," "," ","0",11," "," ","0",28," "," ","0",28," "," ","0",6," "," ","0",11," "," ","0",11," "," ","0",22," "," ","0",22," "," ","0",28," "," ","0",28," "," ","0",-6," "," ","0",17," "," ","0",11," "," ","0",6," "," ","0",11," "," ","0"
"1529","USC00359461",1991,3,"TOBS",89," "," ","0",78," "," ","0",78," "," ","0",67," "," ","0",11," "," ","0",28," "," ","0",33," "," ","0",-6," "," ","0",17," "," ","0",17," "," ","0",-11," "," ","0",39," "," ","0",50," "," ","0",56," "," ","0",0," "," ","0",11," "," ","0",28," "," ","0",56," "," ","0",28," "," ","0",17," "," ","0",33," "," ","0",22," "," ","0",56," "," ","0",44," "," ","0",44," "," ","0",44," "," ","0",28," "," ","0",67," "," ","0",50," "," ","0",6," "," ","0",50," "," ","0"
"1530","USC00359461",1991,3,"PRCP",13," "," ","0",51," "," ","0",373," "," ","0",109," "," ","0",114," "," ","0",41," "," ","0",51," "," ","0",0," "," ","0",0," "," ","0",79," "," ","0",58," "," ","0",86," "," ","0",71," "," ","0",5," "," ","0",36," "," ","0",0," "," ","0",0," "," ","0",10," "," ","0",64," "," ","0",3," "," ","0",5," "," ","0",5," "," ","0",38," "," ","0",79," "," ","0",0," "," ","0",0," "," ","0",0," "," ","0",0," "," ","0",0," "," ","0",0," "," ","0",0," "," ","0"
"1531","USC00359461",1991,3,"SNOW",0,"P"," ","0",0,"P"," ","0",0,"P"," ","0",0,"P"," ","0",0,"P"," ","0",0,"P"," ","0",0,"P"," ","0",0,"P"," ","0",0,"P"," ","0",0,"P"," ","0",0,"P"," ","0",0,"P"," ","0",0,"P"," ","0",0,"P"," ","0",0,"P"," ","0",0,"P"," ","0",0,"P"," ","0",0,"P"," ","0",0,"P"," ","0",0,"P"," ","0",0,"P"," ","0",0,"P"," ","0",0,"P"," ","0",0,"P"," ","0",0,"P"," ","0",0,"P"," ","0",0,"P"," ","0",0,"P"," ","0",0,"P"," ","0",0,"P"," ","0",0,"P"," ","0"
"1532","USC00359461",1991,3,"SNWD",0," "," ","0",0,"P"," ","0",0,"P"," ","0",0,"P"," ","0",0,"P"," ","0",0,"P"," ","0",0,"P"," ","0",0,"P"," ","0",0,"P"," ","0",0,"P"," ","0",0,"P"," ","0",0,"P"," ","0",0,"P"," ","0",0,"P"," ","0",0,"P"," ","0",0,"P"," ","0",0,"P"," ","0",0,"P"," ","0",0,"P"," ","0",0,"P"," ","0",0,"P"," ","0",0,"P"," ","0",0,"P"," ","0",0,"P"," ","0",0,"P"," ","0",0,"P"," ","0",0,"P"," ","0",0,"P"," ","0",0,"P"," ","0",0,"P"," ","0",0,"P"," ","0"
"1533","USC00359461",1991,4,"TMAX",194," "," ","0",144," "," ","0",150," "," ","0",144," "," ","0",189," "," ","0",111," "," ","0",100," "," ","0",122," "," ","0",111," "," ","0",117," "," ","0",83," "," ","0",128," "," ","0",189," "," ","0",194," "," ","0",139," "," ","0",128," "," ","0",144," "," ","0",172," "," ","0",178," "," ","0",211," "," ","0",178," "," ","0",167," "," ","0",211," "," ","0",156," "," ","0",128," "," ","0",122," "," ","0",133," "," ","0",156," "," ","0",150," "," ","0",183," "," ","0",NA," "," "," "
"1534","USC00359461",1991,4,"TMIN",50," "," ","0",56," "," ","0",44," "," ","0",61," "," ","0",94," "," ","0",33," "," ","0",33," "," ","0",0," "," ","0",11," "," ","0",17," "," ","0",11," "," ","0",-6," "," ","0",0," "," ","0",22," "," ","0",61," "," ","0",22," "," ","0",44," "," ","0",50," "," ","0",44," "," ","0",44," "," ","0",78," "," ","0",50," "," ","0",72," "," ","0",67," "," ","0",44," "," ","0",39," "," ","0",22," "," ","0",39," "," ","0",50," "," ","0",33," "," ","0",NA," "," "," "
"1535","USC00359461",1991,4,"TOBS",94," "," ","0",61," "," ","0",61," "," ","0",106," "," ","0",100," "," ","0",39," "," ","0",39," "," ","0",11," "," ","0",83," "," ","0",28," "," ","0",11," "," ","0",0," "," ","0",28," "," ","0",67," "," ","0",61," "," ","0",44," "," ","0",78," "," ","0",78," "," ","0",56," "," ","0",94," "," ","0",100," "," ","0",83," "," ","0",100," "," ","0",78," "," ","0",44," "," ","0",50," "," ","0",39," "," ","0",50," "," ","0",56," "," ","0",39," "," ","0",NA," "," "," "
"1536","USC00359461",1991,4,"PRCP",3," "," ","0",10," "," ","0",0," "," ","0",20," "," ","0",33," "," ","0",157," "," ","0",81," "," ","0",13," "," ","0",61," "," ","0",20," "," ","0",84," "," ","0",0," "," ","0",0," "," ","0",0," "," ","0",10," "," ","0",3," "," ","0",0," "," ","0",0," "," ","0",0," "," ","0",0," "," ","0",53," "," ","0",0,"T"," ","0",0,"T"," ","0",5," "," ","0",36," "," ","0",25," "," ","0",18," "," ","0",0,"T"," ","0",13," "," ","0",0," "," ","0",NA," "," "," "
"1537","USC00359461",1991,4,"SNOW",0,"P"," ","0",0,"P"," ","0",0,"P"," ","0",0,"P"," ","0",0,"P"," ","0",0,"P"," ","0",0,"P"," ","0",0,"P"," ","0",0,"P"," ","0",0,"P"," ","0",0,"P"," ","0",0,"P"," ","0",0,"P"," ","0",0,"P"," ","0",0,"P"," ","0",0,"P"," ","0",0,"P"," ","0",0,"P"," ","0",0,"P"," ","0",0,"P"," ","0",0,"P"," ","0",0,"P"," ","0",0,"P"," ","0",0,"P"," ","0",0,"P"," ","0",0,"P"," ","0",0,"P"," ","0",0,"P"," ","0",0,"P"," ","0",0,"P"," ","0",NA," "," "," "
"1538","USC00359461",1991,4,"SNWD",0," "," ","0",0,"P"," ","0",0,"P"," ","0",0,"P"," ","0",0,"P"," ","0",0,"P"," ","0",0,"P"," ","0",0,"P"," ","0",0,"P"," ","0",0,"P"," ","0",0,"P"," ","0",0,"P"," ","0",0,"P"," ","0",0,"P"," ","0",0,"P"," ","0",0,"P"," ","0",0,"P"," ","0",0,"P"," ","0",0,"P"," ","0",0,"P"," ","0",0,"P"," ","0",0,"P"," ","0",0,"P"," ","0",0,"P"," ","0",0,"P"," ","0",0,"P"," ","0",0,"P"," ","0",0,"P"," ","0",0,"P"," ","0",0,"P"," ","0",NA," "," "," "
"1539","USC00359461",1991,4,"EVAP",3," "," ","0",5," "," ","0",15," "," ","0",10," "," ","0",25," "," ","0",5," "," ","0",0," "," ","0",13," "," ","0",5," "," ","0",18," "," ","0",5," "," ","0",15," "," ","0",30," "," ","0",41," "," ","0",10," "," ","0",20," "," ","0",18," "," ","0",33," "," ","0",23," "," ","0",28," "," ","0",53," "," ","0",0," "," ","0",23," "," ","0",13," "," ","0",13," "," ","0",8," "," ","0",0," "," ","0",23," "," ","0",13," "," ","0",48," "," ","0",NA," "," "," "
"1540","USC00359461",1991,4,"MNPN",NA," "," "," ",NA," "," "," ",89," "," ","0",94," "," ","0",106," "," ","0",67," "," ","0",50," "," ","0",44," "," ","0",39," "," ","0",56," "," ","0",44," "," ","0",39," "," ","0",33," "," ","0",72," "," ","0",94," "," ","0",67," "," ","0",67," "," ","0",100," "," ","0",100," "," ","0",72," "," ","0",122," "," ","0",100," "," ","0",100," "," ","0",94," "," ","0",72," "," ","0",72," "," ","0",56," "," ","0",56," "," ","0",78," "," ","0",89," "," ","0",NA," "," "," "
"1541","USC00359461",1991,4,"MXPN",NA," "," "," ",NA," "," "," ",111," "," ","0",106," "," ","0",172," "," ","0",117," "," ","0",128," "," ","0",117," "," ","0",111," "," ","0",117," "," ","0",128," "," ","0",128," "," ","0",200," "," ","0",250," "," ","0",211," "," ","0",178," "," ","0",178," "," ","0",228," "," ","0",244," "," ","0",256," "," ","0",211," "," ","0",233," "," ","0",267," "," ","0",167," "," ","0",183," "," ","0",189," "," ","0",144," "," ","0",239," "," ","0",189," "," ","0",261," "," ","0",NA," "," "," "
"1542","USC00359461",1991,4,"WDMV",NA," "," "," ",NA," "," "," ",35," "," ","0",37," "," ","0",69," "," ","0",32," "," ","0",45," "," ","0",40," "," ","0",48," "," ","0",35," "," ","0",34," "," ","0",42," "," ","0",23," "," ","0",26," "," ","0",26," "," ","0",32," "," ","0",21," "," ","0",21," "," ","0",19," "," ","0",19," "," ","0",16," "," ","0",16," "," ","0",19," "," ","0",34," "," ","0",50," "," ","0",29," "," ","0",32," "," ","0",26," "," ","0",21," "," ","0",26," "," ","0",NA," "," "," "
"1543","USC00359461",1991,5,"TMAX",178," "," ","0",211," "," ","0",211," "," ","0",206," "," ","0",211," "," ","0",217," "," ","0",183," "," ","0",161," "," ","0",106," "," ","0",122," "," ","0",128," "," ","0",156," "," ","0",156," "," ","0",128," "," ","0",183," "," ","0",194," "," ","0",194," "," ","0",100," "," ","0",111," "," ","0",128," "," ","0",156," "," ","0",189," "," ","0",200," "," ","0",244," "," ","0",172," "," ","0",167," "," ","0",189," "," ","0",172," "," ","0",189," "," ","0",144," "," ","0",167," "," ","0"
"1544","USC00359461",1991,5,"TMIN",33," "," ","0",44," "," ","0",39," "," ","0",44," "," ","0",50," "," ","0",83," "," ","0",83," "," ","0",44," "," ","0",39," "," ","0",39," "," ","0",72," "," ","0",89," "," ","0",83," "," ","0",61," "," ","0",56," "," ","0",56," "," ","0",56," "," ","0",61," "," ","0",61," "," ","0",78," "," ","0",89," "," ","0",78," "," ","0",50," "," ","0",56," "," ","0",50," "," ","0",44," "," ","0",50," "," ","0",44," "," ","0",83," ","I","0",72," "," ","0",44," "," ","0"
"1545","USC00359461",1991,5,"TOBS",100," "," ","0",56," "," ","0",44," "," ","0",56," "," ","0",89," "," ","0",111," "," ","0",100," "," ","0",50," "," ","0",44," "," ","0",72," "," ","0",89," "," ","0",100," "," ","0",83," "," ","0",61," "," ","0",61," "," ","0",67," "," ","0",78," "," ","0",72," "," ","0",89," "," ","0",100," "," ","0",122," "," ","0",106," "," ","0",61," "," ","0",67," "," ","0",50," "," ","0",50," "," ","0",94," "," ","0",50," ","I","0",83," "," ","0",72," "," ","0",44," "," ","0"
"1546","USC00359461",1991,5,"PRCP",0," "," ","0",0," "," ","0",0," "," ","0",0," "," ","0",0," "," ","0",0,"T"," ","0",5," "," ","0",94," "," ","0",48," "," ","0",20," "," ","0",0," "," ","0",0,"T"," ","0",56," "," ","0",46," "," ","0",0," "," ","0",0," "," ","0",150," "," ","0",107," "," ","0",97," "," ","0",18," "," ","0",0," "," ","0",0," "," ","0",0," "," ","0",0," "," ","0",0," "," ","0",0," "," ","0",0," "," ","0",0," "," ","0",0," "," ","0",56," "," ","0",5," "," ","0"
"1547","USC00359461",1991,5,"SNOW",0,"P"," ","0",0,"P"," ","0",0,"P"," ","0",0,"P"," ","0",0,"P"," ","0",0,"P"," ","0",0,"P"," ","0",0,"P"," ","0",0,"P"," ","0",0,"P"," ","0",0,"P"," ","0",0,"P"," ","0",0,"P"," ","0",0,"P"," ","0",0,"P"," ","0",0,"P"," ","0",0,"P"," ","0",0,"P"," ","0",0,"P"," ","0",0,"P"," ","0",0,"P"," ","0",0,"P"," ","0",0,"P"," ","0",0,"P"," ","0",0,"P"," ","0",0,"P"," ","0",0,"P"," ","0",0,"P"," ","0",0,"P"," ","0",0,"P"," ","0",0,"P"," ","0"
"1548","USC00359461",1991,5,"SNWD",0," "," ","0",0,"P"," ","0",0,"P"," ","0",0,"P"," ","0",0,"P"," ","0",0,"P"," ","0",0,"P"," ","0",0,"P"," ","0",0,"P"," ","0",0,"P"," ","0",0,"P"," ","0",0,"P"," ","0",0,"P"," ","0",0,"P"," ","0",0,"P"," ","0",0,"P"," ","0",0,"P"," ","0",0,"P"," ","0",0,"P"," ","0",0,"P"," ","0",0,"P"," ","0",0,"P"," ","0",0,"P"," ","0",0,"P"," ","0",0,"P"," ","0",0,"P"," ","0",0,"P"," ","0",0,"P"," ","0",0,"P"," ","0",0,"P"," ","0",0,"P"," ","0"
"1549","USC00359461",1991,5,"EVAP",23," "," ","0",38," "," ","0",38," "," ","0",33," "," ","0",38," "," ","0",41," "," ","0",5," "," ","0",3," "," ","0",NA," "," "," ",20," "," ","0",13," "," ","0",20," "," ","0",18," "," ","0",5," "," ","0",43," "," ","0",25," "," ","0",10," "," ","0",NA," "," "," ",NA," "," "," ",NA," "," "," ",8," "," ","0",30," "," ","0",51," "," ","0",53," "," ","0",38," "," ","0",53," "," ","0",38," "," ","0",36," "," ","0",43," "," ","0",NA," "," "," ",33," "," ","0"
"1550","USC00359461",1991,5,"MNPN",89," "," ","0",106," "," ","0",100," "," ","0",100," "," ","0",106," "," ","0",128," "," ","0",122," "," ","0",100," "," ","0",72," "," ","0",72," "," ","0",72," "," ","0",111," "," ","0",117," "," ","0",89," "," ","0",94," "," ","0",117," "," ","0",106," "," ","0",83," "," ","0",78," "," ","0",94," "," ","0",111," "," ","0",117," "," ","0",111," "," ","0",106," "," ","0",111," "," ","0",100," "," ","0",94," "," ","0",100," "," ","0",100," "," ","0",100," "," ","0",100," "," ","0"
"1551","USC00359461",1991,5,"MXPN",228," "," ","0",211," "," ","0",267," "," ","0",261," "," ","0",267," "," ","0",267," "," ","0",211," "," ","0",167," "," ","0",156," "," ","0",211," "," ","0",211," "," ","0",200," "," ","0",206," "," ","0",172," "," ","0",267," "," ","0",239," "," ","0",228," "," ","0",122," "," ","0",117," "," ","0",150," "," ","0",178," "," ","0",250," "," ","0",272," "," ","0",322," "," ","0",278," "," ","0",283," "," ","0",272," "," ","0",261," "," ","0",272," "," ","0",139," "," ","0",261," "," ","0"
"1552","USC00359461",1991,5,"WDMV",16," "," ","0",21," "," ","0",24," "," ","0",16," "," ","0",11," "," ","0",19," "," ","0",21," "," ","0",14," "," ","0",37," "," ","0",21," "," ","0",26," "," ","0",14," "," ","0",10," "," ","0",13," "," ","0",19," "," ","0",14," "," ","0",19," "," ","0",18," "," ","0",34," "," ","0",5," "," ","0",11," "," ","0",26," "," ","0",29," "," ","0",18," "," ","0",16," "," ","0",31," "," ","0",31," "," ","0",29," "," ","0",21," "," ","0",40," "," ","0",21," "," ","0"
"1553","USC00359461",1991,6,"TMAX",217," "," ","0",250," "," ","0",228," "," ","0",178," "," ","0",189," "," ","0",206," "," ","0",222," "," ","0",228," "," ","0",239," "," ","0",278," "," ","0",278," "," ","0",222," "," ","0",194," "," ","0",183," "," ","0",250," "," ","0",183," "," ","0",194," "," ","0",217," "," ","0",217," "," ","0",133," "," ","0",200," "," ","0",194," "," ","0",211," "," ","0",222," "," ","0",189," "," ","0",183," "," ","0",222," "," ","0",228," "," ","0",233," "," ","0",222," "," ","0",NA," "," "," "
"1554","USC00359461",1991,6,"TMIN",44," "," ","0",89," "," ","0",83," "," ","0",61," "," ","0",56," "," ","0",56," "," ","0",89," "," ","0",89," "," ","0",94," "," ","0",117," "," ","0",117," "," ","0",61," "," ","0",50," "," ","0",56," "," ","0",67," "," ","0",61," "," ","0",61," "," ","0",61," "," ","0",111," "," ","0",89," "," ","0",94," "," ","0",100," "," ","0",100," "," ","0",117," "," ","0",111," "," ","0",122," "," ","0",111," "," ","0",111," "," ","0",128," "," ","0",106," "," ","0",NA," "," "," "
"1555","USC00359461",1991,6,"TOBS",89," "," ","0",100," "," ","0",89," "," ","0",61," "," ","0",56," "," ","0",100," "," ","0",89," "," ","0",100," "," ","0",117," "," ","0",122," "," ","0",144," "," ","0",78," "," ","0",67," "," ","0",67," "," ","0",72," "," ","0",111," "," ","0",72," "," ","0",133," "," ","0",128," "," ","0",94," "," ","0",100," "," ","0",117," "," ","0",117," "," ","0",117," "," ","0",122," "," ","0",122," "," ","0",111," "," ","0",133," "," ","0",128," "," ","0",106," "," ","0",NA," "," "," "
"1556","USC00359461",1991,6,"PRCP",0," "," ","0",0," "," ","0",0," "," ","0",0," "," ","0",0," "," ","0",0," "," ","0",0," "," ","0",0," "," ","0",0," "," ","0",0," "," ","0",0," "," ","0",0," "," ","0",0," "," ","0",0," "," ","0",0," "," ","0",0,"T"," ","0",0," "," ","0",0," "," ","0",46," "," ","0",117," "," ","0",0," "," ","0",0," "," ","0",0," "," ","0",0," "," ","0",0," "," ","0",0," "," ","0",0," "," ","0",3," "," ","0",0,"T"," ","0",0," "," ","0",NA," "," "," "
"1557","USC00359461",1991,6,"SNOW",0,"P"," ","0",0,"P"," ","0",0,"P"," ","0",0,"P"," ","0",0,"P"," ","0",0,"P"," ","0",0,"P"," ","0",0,"P"," ","0",0,"P"," ","0",0,"P"," ","0",0,"P"," ","0",0,"P"," ","0",0,"P"," ","0",0,"P"," ","0",0,"P"," ","0",0,"P"," ","0",0,"P"," ","0",0,"P"," ","0",0,"P"," ","0",0,"P"," ","0",0,"P"," ","0",0,"P"," ","0",0,"P"," ","0",0,"P"," ","0",0,"P"," ","0",0,"P"," ","0",0,"P"," ","0",0,"P"," ","0",0,"P"," ","0",0,"P"," ","0",NA," "," "," "
"1558","USC00359461",1991,6,"SNWD",0," "," ","0",0,"P"," ","0",0,"P"," ","0",0,"P"," ","0",0,"P"," ","0",0,"P"," ","0",0,"P"," ","0",0,"P"," ","0",0,"P"," ","0",0,"P"," ","0",0,"P"," ","0",0,"P"," ","0",0,"P"," ","0",0,"P"," ","0",0,"P"," ","0",0,"P"," ","0",0,"P"," ","0",0,"P"," ","0",0,"P"," ","0",0,"P"," ","0",0,"P"," ","0",0,"P"," ","0",0,"P"," ","0",0,"P"," ","0",0,"P"," ","0",0,"P"," ","0",0,"P"," ","0",0,"P"," ","0",0,"P"," ","0",0,"P"," ","0",NA," "," "," "
"1559","USC00359461",1991,6,"EVAP",36," "," ","0",76," "," ","0",69," "," ","0",71," "," ","0",69," "," ","0",33," "," ","0",43," "," ","0",51," "," ","0",53," "," ","0",69," "," ","0",64," "," ","0",58," "," ","0",58," "," ","0",48," "," ","0",74," "," ","0",25," "," ","0",53," "," ","0",64," "," ","0",28," "," ","0",NA," "," "," ",51," "," ","0",38," "," ","0",51," "," ","0",43," "," ","0",25," "," ","0",20," "," ","0",64," "," ","0",28," "," ","0",20," "," ","0",46," "," ","0",NA," "," "," "
"1560","USC00359461",1991,6,"MNPN",100," "," ","0",144," "," ","0",139," "," ","0",100," "," ","0",94," "," ","0",111," "," ","0",133," "," ","0",144," "," ","0",144," "," ","0",150," "," ","0",150," "," ","0",128," "," ","0",106," "," ","0",106," "," ","0",111," "," ","0",117," "," ","0",111," "," ","0",106," "," ","0",156," "," ","0",111," "," ","0",111," "," ","0",139," "," ","0",156," "," ","0",150," "," ","0",156," "," ","0",150," "," ","0",150," "," ","0",156," "," ","0",178," "," ","0",172," "," ","0",NA," "," "," "
"1561","USC00359461",1991,6,"MXPN",294," "," ","0",311," "," ","0",333," "," ","0",294," "," ","0",289," "," ","0",300," "," ","0",294," "," ","0",294," "," ","0",317," "," ","0",350," "," ","0",367," "," ","0",311," "," ","0",294," "," ","0",300," "," ","0",322," "," ","0",267," "," ","0",267," "," ","0",311," "," ","0",272," "," ","0",161," "," ","0",272," "," ","0",283," "," ","0",311," "," ","0",294," "," ","0",256," "," ","0",217," "," ","0",311," "," ","0",261," "," ","0",283," "," ","0",283," "," ","0",NA," "," "," "
"1562","USC00359461",1991,6,"WDMV",26," "," ","0",35," "," ","0",24," "," ","0",40," "," ","0",40," "," ","0",31," "," ","0",21," "," ","0",18," "," ","0",27," "," ","0",24," "," ","0",16," "," ","0",21," "," ","0",19," "," ","0",21," "," ","0",24," "," ","0",24," "," ","0",29," "," ","0",35," "," ","0",23," "," ","0",14," "," ","0",27," "," ","0",26," "," ","0",23," "," ","0",26," "," ","0",21," "," ","0",11," "," ","0",26," "," ","0",8," "," ","0",14," "," ","0",19," "," ","0",NA," "," "," "
"1563","USC00359461",1991,7,"TMAX",256," "," ","0",294," "," ","0",350," "," ","0",328," "," ","0",294," "," ","0",267," "," ","0",278," "," ","0",306," "," ","0",289," "," ","0",256," "," ","0",289," "," ","0",317," "," ","0",322," "," ","0",244," "," ","0",267," "," ","0",239," "," ","0",228," "," ","0",239," "," ","0",272," "," ","0",267," "," ","0",294," "," ","0",294," "," ","0",350," "," ","0",367," "," ","0",267," "," ","0",233," "," ","0",294," "," ","0",322," "," ","0",322," "," ","0",322," "," ","0",333," "," ","0"
"1564","USC00359461",1991,7,"TMIN",100," "," ","0",122," "," ","0",133," "," ","0",150," "," ","0",144," "," ","0",133," "," ","0",122," "," ","0",111," "," ","0",106," "," ","0",106," "," ","0",106," "," ","0",106," "," ","0",122," "," ","0",144," "," ","0",144," "," ","0",139," "," ","0",139," "," ","0",111," "," ","0",111," "," ","0",128," "," ","0",100," "," ","0",100," "," ","0",144," "," ","0",178," "," ","0",156," "," ","0",122," "," ","0",122," "," ","0",122," "," ","0",139," "," ","0",139," "," ","0",139," "," ","0"
"1565","USC00359461",1991,7,"TOBS",122," "," ","0",150," "," ","0",178," "," ","0",150," "," ","0",144," "," ","0",133," "," ","0",128," "," ","0",117," "," ","0",111," "," ","0",117," "," ","0",122," "," ","0",139," "," ","0",172," "," ","0",161," "," ","0",156," "," ","0",167," "," ","0",156," "," ","0",122," "," ","0",133," "," ","0",128," "," ","0",100," "," ","0",150," "," ","0",183," "," ","0",178," "," ","0",156," "," ","0",122," "," ","0",128," "," ","0",144," "," ","0",144," "," ","0",139," "," ","0",139," "," ","0"
"1566","USC00359461",1991,7,"PRCP",0," "," ","0",0," "," ","0",0," "," ","0",0," "," ","0",0," "," ","0",0," "," ","0",0," "," ","0",0," "," ","0",0," "," ","0",0," "," ","0",0," "," ","0",0," "," ","0",0," "," ","0",0," "," ","0",0," "," ","0",53," "," ","0",147," "," ","0",0," "," ","0",0," "," ","0",0," "," ","0",0," "," ","0",0," "," ","0",10," "," ","0",0," "," ","0",0," "," ","0",0," "," ","0",0," "," ","0",0," "," ","0",0," "," ","0",0," "," ","0",0," "," ","0"
"1567","USC00359461",1991,7,"SNOW",0,"P"," ","0",0,"P"," ","0",0,"P"," ","0",0,"P"," ","0",0,"P"," ","0",0,"P"," ","0",0,"P"," ","0",0,"P"," ","0",0,"P"," ","0",0,"P"," ","0",0,"P"," ","0",0,"P"," ","0",0,"P"," ","0",0,"P"," ","0",0,"P"," ","0",0,"P"," ","0",0,"P"," ","0",0,"P"," ","0",0,"P"," ","0",0,"P"," ","0",0,"P"," ","0",0,"P"," ","0",0,"P"," ","0",0,"P"," ","0",0,"P"," ","0",0,"P"," ","0",0,"P"," ","0",0,"P"," ","0",0,"P"," ","0",0,"P"," ","0",0,"P"," ","0"
"1568","USC00359461",1991,7,"SNWD",0," "," ","0",0,"P"," ","0",0,"P"," ","0",0,"P"," ","0",0,"P"," ","0",0,"P"," ","0",0,"P"," ","0",0,"P"," ","0",0,"P"," ","0",0,"P"," ","0",0,"P"," ","0",0,"P"," ","0",0,"P"," ","0",0,"P"," ","0",0,"P"," ","0",0,"P"," ","0",0,"P"," ","0",0,"P"," ","0",0,"P"," ","0",0,"P"," ","0",0,"P"," ","0",0,"P"," ","0",0,"P"," ","0",0,"P"," ","0",0,"P"," ","0",0,"P"," ","0",0,"P"," ","0",0,"P"," ","0",0,"P"," ","0",0,"P"," ","0",0,"P"," ","0"
"1569","USC00359461",1991,7,"EVAP",51," "," ","0",71," "," ","0",76," "," ","0",76," "," ","0",86," "," ","0",89," "," ","0",74," "," ","0",76," "," ","0",71," "," ","0",69," "," ","0",76," "," ","0",74," "," ","0",66," "," ","0",51," "," ","0",66," "," ","0",15," "," ","0",13," "," ","0",51," "," ","0",66," "," ","0",71," "," ","0",71," "," ","0",69," "," ","0",58," "," ","0",69," "," ","0",76," "," ","0",43," "," ","0",71," "," ","0",71," "," ","0",79," "," ","0",71," "," ","0",74," "," ","0"
"1570","USC00359461",1991,7,"MNPN",156," "," ","0",183," "," ","0",194," "," ","0",200," "," ","0",194," "," ","0",167," "," ","0",167," "," ","0",167," "," ","0",167," "," ","0",167," "," ","0",161," "," ","0",161," "," ","0",172," "," ","0",189," "," ","0",183," "," ","0",178," "," ","0",178," "," ","0",111," "," ","0",161," "," ","0",172," "," ","0",156," "," ","0",161," "," ","0",183," "," ","0",222," "," ","0",206," "," ","0",172," "," ","0",183," "," ","0",189," "," ","0",206," "," ","0",206," "," ","0",194," "," ","0"
"1571","USC00359461",1991,7,"MXPN",339," "," ","0",367," "," ","0",389," "," ","0",378," "," ","0",356," "," ","0",339," "," ","0",344," "," ","0",372," "," ","0",367," "," ","0",344," "," ","0",344," "," ","0",367," "," ","0",378," "," ","0",328," "," ","0",333," "," ","0",278," "," ","0",256," "," ","0",239," "," ","0",333," "," ","0",339," "," ","0",361," "," ","0",361," "," ","0",383," "," ","0",400," "," ","0",350," "," ","0",311," "," ","0",350," "," ","0",367," "," ","0",378," "," ","0",378," "," ","0",383," "," ","0"
"1572","USC00359461",1991,7,"WDMV",18," "," ","0",23," "," ","0",19," "," ","0",32," "," ","0",40," "," ","0",40," "," ","0",37," "," ","0",23," "," ","0",19," "," ","0",24," "," ","0",19," "," ","0",18," "," ","0",18," "," ","0",23," "," ","0",19," "," ","0",11," "," ","0",16," "," ","0",13," "," ","0",29," "," ","0",34," "," ","0",24," "," ","0",23," "," ","0",32," "," ","0",18," "," ","0",23," "," ","0",21," "," ","0",26," "," ","0",26," "," ","0",26," "," ","0",24," "," ","0",24," "," ","0"
"1573","USC00359461",1991,8,"TMAX",317," "," ","0",278," "," ","0",294," "," ","0",311," "," ","0",283," "," ","0",267," "," ","0",283," "," ","0",278," "," ","0",344," "," ","0",222," "," ","0",250," "," ","0",289," "," ","0",317," "," ","0",306," "," ","0",322," "," ","0",300," "," ","0",294," "," ","0",306," "," ","0",294," "," ","0",317," "," ","0",339," "," ","0",328," "," ","0",289," "," ","0",233," "," ","0",256," "," ","0",239," "," ","0",267," "," ","0",222," "," ","0",233," "," ","0",317," "," ","0",306," "," ","0"
"1574","USC00359461",1991,8,"TMIN",100," "," ","0",100," "," ","0",111," "," ","0",122," "," ","0",122," "," ","0",117," "," ","0",144," "," ","0",150," "," ","0",156," "," ","0",133," "," ","0",106," "," ","0",94," "," ","0",106," "," ","0",111," "," ","0",111," "," ","0",139," "," ","0",144," "," ","0",150," "," ","0",150," "," ","0",150," "," ","0",139," "," ","0",133," "," ","0",111," "," ","0",111," "," ","0",100," "," ","0",106," "," ","0",78," "," ","0",78," "," ","0",144," "," ","0",106," "," ","0",106," "," ","0"
"1575","USC00359461",1991,8,"TOBS",100," "," ","0",117," "," ","0",122," "," ","0",139," "," ","0",122," "," ","0",150," "," ","0",150," "," ","0",167," "," ","0",194," "," ","0",150," "," ","0",117," "," ","0",117," "," ","0",128," "," ","0",128," "," ","0",144," "," ","0",150," "," ","0",150," "," ","0",156," "," ","0",150," "," ","0",161," "," ","0",139," "," ","0",139," "," ","0",117," "," ","0",111," "," ","0",100," "," ","0",111," "," ","0",78," "," ","0",144," "," ","0",161," "," ","0",111," "," ","0",122," "," ","0"
"1576","USC00359461",1991,8,"PRCP",0," "," ","0",0," "," ","0",0," "," ","0",0," "," ","0",0," "," ","0",0," "," ","0",0," "," ","0",8," "," ","0",0," "," ","0",36," "," ","0",0," "," ","0",0," "," ","0",0," "," ","0",0," "," ","0",0," "," ","0",0," "," ","0",0," "," ","0",0," "," ","0",0," "," ","0",0," "," ","0",0," "," ","0",0," "," ","0",0," "," ","0",0," "," ","0",0," "," ","0",0," "," ","0",0," "," ","0",30," "," ","0",33," "," ","0",0," "," ","0",0," "," ","0"
"1577","USC00359461",1991,8,"SNOW",0,"P"," ","0",0,"P"," ","0",0,"P"," ","0",0,"P"," ","0",0,"P"," ","0",0,"P"," ","0",0,"P"," ","0",0,"P"," ","0",0,"P"," ","0",0,"P"," ","0",0,"P"," ","0",0,"P"," ","0",0,"P"," ","0",0,"P"," ","0",0,"P"," ","0",0,"P"," ","0",0,"P"," ","0",0,"P"," ","0",0,"P"," ","0",0,"P"," ","0",0,"P"," ","0",0,"P"," ","0",0,"P"," ","0",0,"P"," ","0",0,"P"," ","0",0,"P"," ","0",0,"P"," ","0",0,"P"," ","0",0,"P"," ","0",0,"P"," ","0",0,"P"," ","0"
"1578","USC00359461",1991,8,"SNWD",0," "," ","0",0,"P"," ","0",0,"P"," ","0",0,"P"," ","0",0,"P"," ","0",0,"P"," ","0",0,"P"," ","0",0,"P"," ","0",0,"P"," ","0",0,"P"," ","0",0,"P"," ","0",0,"P"," ","0",0,"P"," ","0",0,"P"," ","0",0,"P"," ","0",0,"P"," ","0",0,"P"," ","0",0,"P"," ","0",0,"P"," ","0",0,"P"," ","0",0,"P"," ","0",0,"P"," ","0",0,"P"," ","0",0,"P"," ","0",0,"P"," ","0",0,"P"," ","0",0,"P"," ","0",0,"P"," ","0",0,"P"," ","0",0,"P"," ","0",0,"P"," ","0"
"1579","USC00359461",1991,8,"DAEV",NA," "," "," ",NA," "," "," ",NA," "," "," ",NA," "," "," ",NA," "," "," ",NA," "," "," ",NA," "," "," ",NA," "," "," ",NA," "," "," ",NA," "," "," ",NA," "," "," ",NA," "," "," ",NA," "," "," ",NA," "," "," ",NA," "," "," ",NA," "," "," ",NA," "," "," ",NA," "," "," ",NA," "," "," ",NA," "," "," ",NA," "," "," ",NA," "," "," ",NA," "," "," ",NA," "," "," ",NA," "," "," ",NA," "," "," ",NA," "," "," ",NA," "," "," ",NA," "," "," ",3," "," ","0",NA," "," "," "
"1580","USC00359461",1991,8,"EVAP",69," "," ","0",58," "," ","0",71," "," ","0",56," "," ","0",64," "," ","0",41," "," ","0",61," "," ","0",46," "," ","0",56," "," ","0",36," "," ","0",51," "," ","0",76," "," ","0",66," "," ","0",64," "," ","0",66," "," ","0",56," "," ","0",43," "," ","0",61," "," ","0",48," "," ","0",43," "," ","0",69," "," ","0",66," "," ","0",53," "," ","0",36," "," ","0",48," "," ","0",64," "," ","0",64," "," ","0",NA," "," "," ",NA," "," "," ",NA," "," "," ",51," "," ","0"
"1581","USC00359461",1991,8,"MDEV",NA," "," "," ",NA," "," "," ",NA," "," "," ",NA," "," "," ",NA," "," "," ",NA," "," "," ",NA," "," "," ",NA," "," "," ",NA," "," "," ",NA," "," "," ",NA," "," "," ",NA," "," "," ",NA," "," "," ",NA," "," "," ",NA," "," "," ",NA," "," "," ",NA," "," "," ",NA," "," "," ",NA," "," "," ",NA," "," "," ",NA," "," "," ",NA," "," "," ",NA," "," "," ",NA," "," "," ",NA," "," "," ",NA," "," "," ",NA," "," "," ",NA," "," "," ",NA," "," "," ",76," "," ","0",NA," "," "," "
"1582","USC00359461",1991,8,"MNPN",172," "," ","0",167," "," ","0",172," "," ","0",183," "," ","0",183," "," ","0",183," "," ","0",200," "," ","0",178," "," ","0",200," "," ","0",167," "," ","0",156," "," ","0",144," "," ","0",156," "," ","0",200," "," ","0",172," "," ","0",183," "," ","0",183," "," ","0",189," "," ","0",189," "," ","0",189," "," ","0",189," "," ","0",194," "," ","0",172," "," ","0",156," "," ","0",156," "," ","0",150," "," ","0",144," "," ","0",139," "," ","0",172," "," ","0",167," "," ","0",161," "," ","0"
"1583","USC00359461",1991,8,"MXPN",383," "," ","0",344," "," ","0",361," "," ","0",361," "," ","0",350," "," ","0",322," "," ","0",350," "," ","0",272," "," ","0",372," "," ","0",250," "," ","0",328," "," ","0",339," "," ","0",361," "," ","0",344," "," ","0",361," "," ","0",356," "," ","0",333," "," ","0",361," "," ","0",339," "," ","0",344," "," ","0",372," "," ","0",367," "," ","0",344," "," ","0",278," "," ","0",311," "," ","0",300," "," ","0",322," "," ","0",228," "," ","0",267," "," ","0",328," "," ","0",339," "," ","0"
"1584","USC00359461",1991,8,"WDMV",18," "," ","0",27," "," ","0",24," "," ","0",19," "," ","0",18," "," ","0",16," "," ","0",19," "," ","0",16," "," ","0",29," "," ","0",18," "," ","0",34," "," ","0",32," "," ","0",19," "," ","0",21," "," ","0",23," "," ","0",26," "," ","0",18," "," ","0",21," "," ","0",21," "," ","0",18," "," ","0",21," "," ","0",19," "," ","0",21," "," ","0",16," "," ","0",29," "," ","0",34," "," ","0",24," "," ","0",10," "," ","0",19," "," ","0",51," "," ","0",16," "," ","0"
"1585","USC00359461",1991,9,"TMAX",244," "," ","0",233," "," ","0",272," "," ","0",339," "," ","0",356," "," ","0",328," "," ","0",311," "," ","0",217," "," ","0",217," "," ","0",267," "," ","0",283," "," ","0",272," "," ","0",289," "," ","0",250," "," ","0",256," "," ","0",294," "," ","0",322," "," ","0",350," "," ","0",339," "," ","0",317," "," ","0",228," "," ","0",228," "," ","0",272," "," ","0",272," "," ","0",350," "," ","0",356," "," ","0",294," "," ","0",222," "," ","0",222," "," ","0",261," "," ","0",NA," "," "," "
"1586","USC00359461",1991,9,"TMIN",122," "," ","0",83," "," ","0",78," "," ","0",106," "," ","0",128," "," ","0",128," "," ","0",128," "," ","0",72," "," ","0",72," "," ","0",94," "," ","0",83," "," ","0",83," "," ","0",83," "," ","0",83," "," ","0",72," "," ","0",72," "," ","0",83," "," ","0",94," "," ","0",111," "," ","0",111," "," ","0",72," "," ","0",44," "," ","0",44," "," ","0",78," "," ","0",78," "," ","0",94," "," ","0",94," "," ","0",100," "," ","0",78," "," ","0",78," "," ","0",NA," "," "," "
"1587","USC00359461",1991,9,"TOBS",128," "," ","0",83," "," ","0",111," "," ","0",128," "," ","0",150," "," ","0",139," "," ","0",178," "," ","0",89," "," ","0",122," "," ","0",106," "," ","0",100," "," ","0",89," "," ","0",117," "," ","0",83," "," ","0",72," "," ","0",89," "," ","0",100," "," ","0",122," "," ","0",111," "," ","0",133," "," ","0",72," "," ","0",44," "," ","0",94," "," ","0",83," "," ","0",106," "," ","0",94," "," ","0",133," "," ","0",117," "," ","0",78," "," ","0",89," "," ","0",NA," "," "," "
"1588","USC00359461",1991,9,"PRCP",5," "," ","0",0," "," ","0",0," "," ","0",0," "," ","0",0," "," ","0",0," "," ","0",0," "," ","0",0," "," ","0",0," "," ","0",0," "," ","0",0," "," ","0",0," "," ","0",0," "," ","0",0," "," ","0",0," "," ","0",0," "," ","0",0," "," ","0",0," "," ","0",0," "," ","0",0," "," ","0",0," "," ","0",0," "," ","0",0," "," ","0",0," "," ","0",0," "," ","0",0," "," ","0",0," "," ","0",0," "," ","0",0," "," ","0",0," "," ","0",NA," "," "," "
"1589","USC00359461",1991,9,"SNOW",0,"P"," ","0",0,"P"," ","0",0,"P"," ","0",0,"P"," ","0",0,"P"," ","0",0,"P"," ","0",0,"P"," ","0",0,"P"," ","0",0,"P"," ","0",0,"P"," ","0",0,"P"," ","0",0,"P"," ","0",0,"P"," ","0",0,"P"," ","0",0,"P"," ","0",0,"P"," ","0",0,"P"," ","0",0,"P"," ","0",0,"P"," ","0",0,"P"," ","0",0,"P"," ","0",0,"P"," ","0",0,"P"," ","0",0,"P"," ","0",0,"P"," ","0",0,"P"," ","0",0,"P"," ","0",0,"P"," ","0",0,"P"," ","0",0,"P"," ","0",NA," "," "," "
"1590","USC00359461",1991,9,"SNWD",0," "," ","0",0,"P"," ","0",0,"P"," ","0",0,"P"," ","0",0,"P"," ","0",0,"P"," ","0",0,"P"," ","0",0,"P"," ","0",0,"P"," ","0",0,"P"," ","0",0,"P"," ","0",0,"P"," ","0",0,"P"," ","0",0,"P"," ","0",0,"P"," ","0",0,"P"," ","0",0,"P"," ","0",0,"P"," ","0",0,"P"," ","0",0,"P"," ","0",0,"P"," ","0",0,"P"," ","0",0,"P"," ","0",0,"P"," ","0",0,"P"," ","0",0,"P"," ","0",0,"P"," ","0",0,"P"," ","0",0,"P"," ","0",0,"P"," ","0",NA," "," "," "
"1591","USC00359461",1991,9,"EVAP",25," "," ","0",61," "," ","0",43," "," ","0",64," "," ","0",61," "," ","0",53," "," ","0",53," "," ","0",38," "," ","0",38," "," ","0",36," "," ","0",48," "," ","0",53," "," ","0",38," "," ","0",43," "," ","0",46," "," ","0",43," "," ","0",51," "," ","0",61," "," ","0",46," "," ","0",76," "," ","0",58," "," ","0",30," "," ","0",38," "," ","0",41," "," ","0",46," "," ","0",38," "," ","0",38," "," ","0",23," "," ","0",10," "," ","0",33," "," ","0",NA," "," "," "
"1592","USC00359461",1991,9,"MNPN",167," "," ","0",133," "," ","0",128," "," ","0",156," "," ","0",167," "," ","0",167," "," ","0",167," "," ","0",122," "," ","0",117," "," ","0",128," "," ","0",139," "," ","0",133," "," ","0",139," "," ","0",139," "," ","0",122," "," ","0",117," "," ","0",133," "," ","0",150," "," ","0",161," "," ","0",139," "," ","0",111," "," ","0",100," "," ","0",111," "," ","0",122," "," ","0",133," "," ","0",133," "," ","0",144," "," ","0",117," "," ","0",122," "," ","0",122," "," ","0",NA," "," "," "
"1593","USC00359461",1991,9,"MXPN",283," "," ","0",300," "," ","0",311," "," ","0",350," "," ","0",350," "," ","0",339," "," ","0",339," "," ","0",267," "," ","0",278," "," ","0",289," "," ","0",311," "," ","0",306," "," ","0",317," "," ","0",289," "," ","0",294," "," ","0",300," "," ","0",300," "," ","0",322," "," ","0",328," "," ","0",311," "," ","0",272," "," ","0",261," "," ","0",272," "," ","0",272," "," ","0",311," "," ","0",311," "," ","0",294," "," ","0",256," "," ","0",267," "," ","0",272," "," ","0",NA," "," "," "
"1594","USC00359461",1991,9,"WDMV",16," "," ","0",24," "," ","0",13," "," ","0",3," "," ","0",3," "," ","0",8," "," ","0",5," "," ","0",8," "," ","0",11," "," ","0",11," "," ","0",3," "," ","0",3," "," ","0",5," "," ","0",5," "," ","0",11," "," ","0",5," "," ","0",6," "," ","0",5," "," ","0",6," "," ","0",10," "," ","0",18," "," ","0",13," "," ","0",6," "," ","0",10," "," ","0",0," "," ","0",3," "," ","0",3," "," ","0",16," "," ","0",6," "," ","0",8," "," ","0",NA," "," "," "
"1595","USC00359461",1991,10,"TMAX",350," "," ","0",306," "," ","0",261," "," ","0",250," "," ","0",267," "," ","0",300," "," ","0",183," "," ","0",222," "," ","0",256," "," ","0",278," "," ","0",328," "," ","0",328," "," ","0",256," "," ","0",244," "," ","0",311," "," ","0",328," "," ","0",211," "," ","0",167," "," ","0",172," "," ","0",217," "," ","0",233," "," ","0",172," "," ","0",111," "," ","0",122," "," ","0",133," "," ","0",133," "," ","0",122," "," ","0",117," "," ","0",100," "," ","0",72," "," ","0",89," "," ","0"
"1596","USC00359461",1991,10,"TMIN",83," "," ","0",89," "," ","0",56," "," ","0",44," "," ","0",39," "," ","0",61," "," ","0",83," "," ","0",56," "," ","0",56," "," ","0",56," "," ","0",50," "," ","0",61," "," ","0",56," "," ","0",56," "," ","0",50," "," ","0",56," "," ","0",44," "," ","0",28," "," ","0",17," "," ","0",17," "," ","0",61," "," ","0",6," "," ","0",6," "," ","0",39," "," ","0",61," "," ","0",72," "," ","0",33," "," ","0",28," "," ","0",39," "," ","0",0," "," ","0",-11," "," ","0"
"1597","USC00359461",1991,10,"TOBS",94," "," ","0",89," "," ","0",72," "," ","0",56," "," ","0",61," "," ","0",122," "," ","0",122," "," ","0",72," "," ","0",56," "," ","0",61," "," ","0",67," "," ","0",67," "," ","0",56," "," ","0",56," "," ","0",61," "," ","0",128," "," ","0",44," "," ","0",33," "," ","0",17," "," ","0",67," "," ","0",67," "," ","0",11," "," ","0",56," "," ","0",61," "," ","0",78," "," ","0",72," "," ","0",39," "," ","0",39," "," ","0",50," "," ","0",6," "," ","0",6," "," ","0"
"1598","USC00359461",1991,10,"PRCP",0," "," ","0",0," "," ","0",0," "," ","0",0," "," ","0",0," "," ","0",0," "," ","0",0," "," ","0",0," "," ","0",0," "," ","0",0," "," ","0",0," "," ","0",0," "," ","0",0," "," ","0",0," "," ","0",0," "," ","0",0," "," ","0",0," "," ","0",0," "," ","0",0," "," ","0",0," "," ","0",0," "," ","0",0,"T"," ","0",163," "," ","0",38," "," ","0",91," "," ","0",234," "," ","0",18," "," ","0",3," "," ","0",74," "," ","0",0," "," ","0",0," "," ","0"
"1599","USC00359461",1991,10,"SNOW",0,"P"," ","0",0,"P"," ","0",0,"P"," ","0",0,"P"," ","0",0,"P"," ","0",0,"P"," ","0",0,"P"," ","0",0,"P"," ","0",0,"P"," ","0",0,"P"," ","0",0,"P"," ","0",0,"P"," ","0",0,"P"," ","0",0,"P"," ","0",0,"P"," ","0",0,"P"," ","0",0,"P"," ","0",0,"P"," ","0",0,"P"," ","0",0,"P"," ","0",0,"P"," ","0",0,"P"," ","0",0,"P"," ","0",0,"P"," ","0",0,"P"," ","0",0,"P"," ","0",0,"P"," ","0",0,"P"," ","0",0,"P"," ","0",0,"P"," ","0",0,"P"," ","0"
"1600","USC00359461",1991,10,"SNWD",0," "," ","0",0,"P"," ","0",0,"P"," ","0",0,"P"," ","0",0,"P"," ","0",0,"P"," ","0",0,"P"," ","0",0,"P"," ","0",0,"P"," ","0",0,"P"," ","0",0,"P"," ","0",0,"P"," ","0",0,"P"," ","0",0,"P"," ","0",0,"P"," ","0",0,"P"," ","0",0,"P"," ","0",0,"P"," ","0",0,"P"," ","0",0,"P"," ","0",0,"P"," ","0",0,"P"," ","0",0,"P"," ","0",0,"P"," ","0",0,"P"," ","0",0,"P"," ","0",0,"P"," ","0",0,"P"," ","0",0,"P"," ","0",0,"P"," ","0",0,"P"," ","0"
"1601","USC00359461",1991,11,"TMAX",128," "," ","0",150," "," ","0",117," "," ","0",150," "," ","0",144," "," ","0",183," "," ","0",161," "," ","0",211," "," ","0",167," "," ","0",133," "," ","0",167," "," ","0",189," "," ","0",156," "," ","0",106," "," ","0",100," "," ","0",128," "," ","0",156," "," ","0",139," "," ","0",128," "," ","0",167," "," ","0",144," "," ","0",106," "," ","0",61," "," ","0",111," "," ","0",117," "," ","0",144," "," ","0",122," "," ","0",106," "," ","0",83," "," ","0",83," "," ","0",NA," "," "," "
"1602","USC00359461",1991,11,"TMIN",-17," "," ","0",17," "," ","0",39," "," ","0",44," "," ","0",72," "," ","0",100," "," ","0",122," "," ","0",122," "," ","0",78," "," ","0",67," "," ","0",72," "," ","0",67," "," ","0",72," "," ","0",44," "," ","0",6," "," ","0",22," "," ","0",39," "," ","0",50," "," ","0",50," "," ","0",61," "," ","0",33," "," ","0",28," "," ","0",6," "," ","0",11," "," ","0",94," ","I","0",61," "," ","0",17," "," ","0",22," "," ","0",-6," "," ","0",-22," "," ","0",NA," "," "," "
"1603","USC00359461",1991,11,"TOBS",33," "," ","0",72," "," ","0",61," "," ","0",94," "," ","0",128," "," ","0",150," "," ","0",122," "," ","0",133," "," ","0",83," "," ","0",78," "," ","0",72," "," ","0",117," "," ","0",72," "," ","0",44," "," ","0",22," "," ","0",44," "," ","0",67," "," ","0",50," "," ","0",61," "," ","0",83," "," ","0",33," "," ","0",33," "," ","0",11," "," ","0",67," ","I","0",94," "," ","0",72," "," ","0",33," "," ","0",50," "," ","0",11," "," ","0",0," "," ","0",NA," "," "," "
"1604","USC00359461",1991,11,"PRCP",0," "," ","0",0," "," ","0",0," "," ","0",0," "," ","0",5," "," ","0",15," "," ","0",74," "," ","0",0," "," ","0",41," "," ","0",0," "," ","0",3," "," ","0",41," "," ","0",112," "," ","0",99," "," ","0",0," "," ","0",0," "," ","0",259," "," ","0",206," "," ","0",18," "," ","0",198," "," ","0",61," "," ","0",18," "," ","0",0," "," ","0",86," "," ","0",18," "," ","0",41," "," ","0",224," "," ","0",5," "," ","0",23," "," ","0",0," "," ","0",NA," "," "," "
"1605","USC00359461",1991,11,"SNOW",0,"P"," ","0",0,"P"," ","0",0,"P"," ","0",0,"P"," ","0",0,"P"," ","0",0,"P"," ","0",0,"P"," ","0",0,"P"," ","0",0,"P"," ","0",0,"P"," ","0",0,"P"," ","0",0,"P"," ","0",0,"P"," ","0",0,"P"," ","0",0,"P"," ","0",0,"P"," ","0",0,"P"," ","0",0,"P"," ","0",0,"P"," ","0",0,"P"," ","0",0,"P"," ","0",0,"P"," ","0",0,"P"," ","0",0,"P"," ","0",0,"P"," ","0",0,"P"," ","0",0,"P"," ","0",0,"P"," ","0",0,"P"," ","0",0,"P"," ","0",NA," "," "," "
"1606","USC00359461",1991,11,"SNWD",0," "," ","0",0,"P"," ","0",0,"P"," ","0",0,"P"," ","0",0,"P"," ","0",0,"P"," ","0",0,"P"," ","0",0,"P"," ","0",0,"P"," ","0",0,"P"," ","0",0,"P"," ","0",0,"P"," ","0",0,"P"," ","0",0,"P"," ","0",0,"P"," ","0",0,"P"," ","0",0,"P"," ","0",0,"P"," ","0",0,"P"," ","0",0,"P"," ","0",0,"P"," ","0",0,"P"," ","0",0,"P"," ","0",0,"P"," ","0",0,"P"," ","0",0,"P"," ","0",0,"P"," ","0",0,"P"," ","0",0,"P"," ","0",0,"P"," ","0",NA," "," "," "
"1607","USC00359461",1991,12,"TMAX",61," "," ","0",78," "," ","0",111," "," ","0",94," "," ","0",111," "," ","0",94," "," ","0",111," "," ","0",100," "," ","0",111," "," ","0",72," "," ","0",78," "," ","0",78," "," ","0",106," "," ","0",44," "," ","0",50," "," ","0",89," "," ","0",44," "," ","0",61," "," ","0",83," "," ","0",39," "," ","0",94," "," ","0",89," "," ","0",89," "," ","0",106," "," ","0",89," "," ","0",111," "," ","0",72," "," ","0",172," "," ","0",117," "," ","0",89," "," ","0",100," "," ","0"
"1608","USC00359461",1991,12,"TMIN",-17," "," ","0",-17," "," ","0",39," "," ","0",17," "," ","0",22," "," ","0",44," "," ","0",39," "," ","0",22," "," ","0",17," "," ","0",17," "," ","0",0," "," ","0",17," "," ","0",17," "," ","0",11," "," ","0",11," "," ","0",0," "," ","0",0," "," ","0",6," "," ","0",0," "," ","0",-6," "," ","0",-6," "," ","0",11," "," ","0",11," "," ","0",6," "," ","0",0," "," ","0",28," "," ","0",33," "," ","0",39," "," ","0",33," "," ","0",28," "," ","0",6," "," ","0"
"1609","USC00359461",1991,12,"TOBS",6," "," ","0",72," "," ","0",56," "," ","0",44," "," ","0",50," "," ","0",72," "," ","0",39," "," ","0",33," "," ","0",17," "," ","0",44," "," ","0",17," "," ","0",56," "," ","0",17," "," ","0",17," "," ","0",17," "," ","0",0," "," ","0",6," "," ","0",44," "," ","0",0," "," ","0",-6," "," ","0",33," "," ","0",11," "," ","0",22," "," ","0",6," "," ","0",28," "," ","0",33," "," ","0",61," "," ","0",78," "," ","0",50," "," ","0",44," "," ","0",22," "," ","0"
"1610","USC00359461",1991,12,"PRCP",0," "," ","0",28," "," ","0",0,"T"," ","0",0," "," ","0",0," "," ","0",241," "," ","0",226," "," ","0",20," "," ","0",0," "," ","0",3," "," ","0",0," "," ","0",3," "," ","0",20," "," ","0",0," "," ","0",0," "," ","0",0,"T"," ","0",0,"T"," ","0",99," "," ","0",89," "," ","0",0,"T"," ","0",28," "," ","0",15," "," ","0",0,"T"," ","0",0," "," ","0",5," "," ","0",0," "," ","0",0,"T"," ","0",18," "," ","0",15," "," ","0",3," "," ","0",0,"T"," ","0"
"1611","USC00359461",1991,12,"SNOW",0,"P"," ","0",0,"P"," ","0",0,"P"," ","0",0,"P"," ","0",0,"P"," ","0",0,"P"," ","0",0,"P"," ","0",0,"P"," ","0",0,"P"," ","0",0,"P"," ","0",0,"P"," ","0",0,"P"," ","0",0,"P"," ","0",0,"P"," ","0",0,"P"," ","0",0,"P"," ","0",0,"P"," ","0",0,"P"," ","0",0,"P"," ","0",0,"P"," ","0",0,"P"," ","0",0,"P"," ","0",0,"P"," ","0",0,"P"," ","0",0,"P"," ","0",0,"P"," ","0",0,"P"," ","0",0,"P"," ","0",0,"P"," ","0",0,"P"," ","0",0,"P"," ","0"
"1612","USC00359461",1991,12,"SNWD",0," "," ","0",0,"P"," ","0",0,"P"," ","0",0,"P"," ","0",0,"P"," ","0",0,"P"," ","0",0,"P"," ","0",0,"P"," ","0",0,"P"," ","0",0,"P"," ","0",0,"P"," ","0",0,"P"," ","0",0,"P"," ","0",0,"P"," ","0",0,"P"," ","0",0,"P"," ","0",0,"P"," ","0",0,"P"," ","0",0,"P"," ","0",0,"P"," ","0",0,"P"," ","0",0,"P"," ","0",0,"P"," ","0",0,"P"," ","0",0,"P"," ","0",0,"P"," ","0",0,"P"," ","0",0,"P"," ","0",0,"P"," ","0",0,"P"," ","0",0,"P"," ","0"
"1613","USC00359461",1992,1,"TMAX",44," "," ","0",61," "," ","0",128," "," ","0",100," "," ","0",78," "," ","0",67," "," ","0",83," "," ","0",56," "," ","0",100," "," ","0",100," "," ","0",128," "," ","0",83," "," ","0",67," "," ","0",89," "," ","0",122," "," ","0",106," "," ","0",83," "," ","0",89," "," ","0",106," "," ","0",106," "," ","0",94," "," ","0",100," "," ","0",122," "," ","0",133," "," ","0",139," "," ","0",150," "," ","0",117," "," ","0",150," "," ","0",161," "," ","0",172," "," ","0",183," "," ","0"
"1614","USC00359461",1992,1,"TMIN",-6," "," ","0",-11," "," ","0",28," "," ","0",33," "," ","0",22," "," ","0",33," "," ","0",17," "," ","0",-6," "," ","0",-6," "," ","0",-6," "," ","0",22," "," ","0",-6," "," ","0",-6," "," ","0",11," "," ","0",17," "," ","0",28," "," ","0",39," "," ","0",22," "," ","0",-28," "," ","0",-33," "," ","0",-39," "," ","0",-6," "," ","0",11," "," ","0",44," "," ","0",22," "," ","0",6," "," ","0",56," "," ","0",72," "," ","0",56," "," ","0",50," "," ","0",56," "," ","0"
"1615","USC00359461",1992,1,"TOBS",11," "," ","0",44," "," ","0",33," "," ","0",33," "," ","0",39," "," ","0",44," "," ","0",22," "," ","0",6," "," ","0",0," "," ","0",28," "," ","0",28," "," ","0",0," "," ","0",17," "," ","0",22," "," ","0",28," "," ","0",44," "," ","0",39," "," ","0",22," "," ","0",-28," "," ","0",-33," "," ","0",0," "," ","0",11," "," ","0",67," "," ","0",61," "," ","0",78," "," ","0",50," "," ","0",117," "," ","0",72," "," ","0",56," "," ","0",61," "," ","0",122," "," ","0"
"1616","USC00359461",1992,1,"PRCP",0," "," ","0",13," "," ","0",0," "," ","0",84," "," ","0",53," "," ","0",28," "," ","0",43," "," ","0",0," "," ","0",0,"T"," ","0",3," "," ","0",81," "," ","0",15," "," ","0",0," "," ","0",0,"T"," ","0",0," "," ","0",0,"P"," ","0",124," "," ","0",0," "," ","0",0," "," ","0",0," "," ","0",5," "," ","0",0," "," ","0",0," "," ","0",0," "," ","0",61," "," ","0",13," "," ","0",15," "," ","0",132," "," ","0",0,"T"," ","0",0," "," ","0",0," "," ","0"
"1617","USC00359461",1992,1,"SNOW",0,"P"," ","0",0,"P"," ","0",0,"P"," ","0",0,"P"," ","0",0,"P"," ","0",0,"P"," ","0",0,"P"," ","0",0,"P"," ","0",0,"P"," ","0",0,"P"," ","0",0,"P"," ","0",0,"P"," ","0",0,"P"," ","0",0,"P"," ","0",0,"P"," ","0",0,"P"," ","0",0,"P"," ","0",0,"P"," ","0",0,"P"," ","0",0,"P"," ","0",0,"P"," ","0",0,"P"," ","0",0,"P"," ","0",0,"P"," ","0",0,"P"," ","0",0,"P"," ","0",0,"P"," ","0",0,"P"," ","0",0,"P"," ","0",0,"P"," ","0",0,"P"," ","0"
"1618","USC00359461",1992,1,"SNWD",0," "," ","0",0,"P"," ","0",0,"P"," ","0",0,"P"," ","0",0,"P"," ","0",0,"P"," ","0",0,"P"," ","0",0,"P"," ","0",0,"P"," ","0",0,"P"," ","0",0,"P"," ","0",0,"P"," ","0",0,"P"," ","0",0,"P"," ","0",0,"P"," ","0",0,"P"," ","0",0,"P"," ","0",0,"P"," ","0",0,"P"," ","0",0,"P"," ","0",0,"P"," ","0",0,"P"," ","0",0,"P"," ","0",0,"P"," ","0",0,"P"," ","0",0,"P"," ","0",0,"P"," ","0",0,"P"," ","0",0,"P"," ","0",0,"P"," ","0",0,"P"," ","0"
"1619","USC00359461",1992,2,"TMAX",139," "," ","0",122," "," ","0",178," "," ","0",144," "," ","0",100," "," ","0",128," "," ","0",156," "," ","0",133," "," ","0",128," "," ","0",94," "," ","0",133," "," ","0",156," "," ","0",178," "," ","0",156," "," ","0",94," "," ","0",139," "," ","0",111," "," ","0",128," "," ","0",150," "," ","0",156," "," ","0",139," "," ","0",156," "," ","0",178," "," ","0",178," "," ","0",200," "," ","0",206," "," ","0",217," "," ","0",172," "," ","0",167," "," ","0",NA," "," "," ",NA," "," "," "
"1620","USC00359461",1992,2,"TMIN",44," "," ","0",6," "," ","0",-6," "," ","0",-6," "," ","0",-17," "," ","0",-11," "," ","0",6," "," ","0",-17," "," ","0",0," "," ","0",33," "," ","0",28," "," ","0",44," "," ","0",44," "," ","0",22," "," ","0",-22," "," ","0",-22," "," ","0",22," "," ","0",28," "," ","0",50," "," ","0",78," "," ","0",72," "," ","0",78," "," ","0",28," "," ","0",33," "," ","0",39," "," ","0",56," "," ","0",50," "," ","0",56," "," ","0",50," "," ","0",NA," "," "," ",NA," "," "," "
"1621","USC00359461",1992,2,"TOBS",50," "," ","0",6," "," ","0",-6," "," ","0",0," "," ","0",-6," "," ","0",11," "," ","0",11," "," ","0",0," "," ","0",56," "," ","0",33," "," ","0",56," "," ","0",44," "," ","0",44," "," ","0",44," "," ","0",-6," "," ","0",56," "," ","0",44," "," ","0",72," "," ","0",106," "," ","0",78," "," ","0",94," "," ","0",78," "," ","0",72," "," ","0",39," "," ","0",67," "," ","0",56," "," ","0",50," "," ","0",50," "," ","0",56," ","I","0",NA," "," "," ",NA," "," "," "
"1622","USC00359461",1992,2,"PRCP",97," "," ","0",25," "," ","0",0," "," ","0",0," "," ","0",0," "," ","0",0," "," ","0",0," "," ","0",0," "," ","0",41," "," ","0",0," "," ","0",0," "," ","0",5," "," ","0",18," "," ","0",8," "," ","0",20," "," ","0",46," "," ","0",20," "," ","0",18," "," ","0",69," "," ","0",33," "," ","0",74," "," ","0",28," "," ","0",3," "," ","0",0," "," ","0",0," "," ","0",0," "," ","0",0," "," ","0",0," "," ","0",0," "," ","0",NA," "," "," ",NA," "," "," "
"1623","USC00359461",1992,2,"SNOW",0,"P"," ","0",0,"P"," ","0",0,"P"," ","0",0,"P"," ","0",0,"P"," ","0",0,"P"," ","0",0,"P"," ","0",0,"P"," ","0",0,"P"," ","0",0,"P"," ","0",0,"P"," ","0",0,"P"," ","0",0,"P"," ","0",0,"P"," ","0",0,"P"," ","0",0,"P"," ","0",0,"P"," ","0",0,"P"," ","0",0,"P"," ","0",0,"P"," ","0",0,"P"," ","0",0,"P"," ","0",0,"P"," ","0",0,"P"," ","0",0,"P"," ","0",0,"P"," ","0",0,"P"," ","0",0,"P"," ","0",0,"P"," ","0",NA," "," "," ",NA," "," "," "
"1624","USC00359461",1992,2,"SNWD",0," "," ","0",0,"P"," ","0",0,"P"," ","0",0,"P"," ","0",0,"P"," ","0",0,"P"," ","0",0,"P"," ","0",0,"P"," ","0",0,"P"," ","0",0,"P"," ","0",0,"P"," ","0",0,"P"," ","0",0,"P"," ","0",0,"P"," ","0",0,"P"," ","0",0,"P"," ","0",0,"P"," ","0",0,"P"," ","0",0,"P"," ","0",0,"P"," ","0",0,"P"," ","0",0,"P"," ","0",0,"P"," ","0",0,"P"," ","0",0,"P"," ","0",0,"P"," ","0",0,"P"," ","0",0,"P"," ","0",0,"P"," ","0",NA," "," "," ",NA," "," "," "
"1625","USC00359461",1992,3,"TMAX",178," "," ","0",172," "," ","0",156," "," ","0",189," "," ","0",139," "," ","0",167," "," ","0",150," "," ","0",144," "," ","0",139," "," ","0",172," "," ","0",189," "," ","0",183," "," ","0",156," "," ","0",217," "," ","0",139," "," ","0",139," "," ","0",139," "," ","0",150," "," ","0",161," "," ","0",200," "," ","0",211," "," ","0",217," "," ","0",194," "," ","0",206," "," ","0",211," "," ","0",211," "," ","0",150," "," ","0",144," "," ","0",194," "," ","0",211," "," ","0",144," "," ","0"
"1626","USC00359461",1992,3,"TMIN",83," ","I","0",56," "," ","0",61," "," ","0",56," "," ","0",61," "," ","0",56," "," ","0",39," "," ","0",17," "," ","0",17," "," ","0",6," "," ","0",6," "," ","0",11," "," ","0",17," "," ","0",17," "," ","0",33," "," ","0",50," "," ","0",56," "," ","0",11," "," ","0",11," "," ","0",11," "," ","0",17," "," ","0",17," "," ","0",56," "," ","0",33," "," ","0",50," "," ","0",50," "," ","0",39," "," ","0",17," "," ","0",17," "," ","0",39," "," ","0",83," "," ","0"
"1627","USC00359461",1992,3,"TOBS",89," "," ","0",67," "," ","0",67," "," ","0",67," "," ","0",67," "," ","0",67," "," ","0",78," "," ","0",17," "," ","0",22," "," ","0",6," "," ","0",33," "," ","0",22," "," ","0",67," "," ","0",67," "," ","0",72," "," ","0",72," "," ","0",78," "," ","0",33," "," ","0",22," "," ","0",22," "," ","0",17," "," ","0",67," "," ","0",61," "," ","0",50," "," ","0",61," "," ","0",67," "," ","0",56," "," ","0",17," "," ","0",39," "," ","0",89," "," ","0",106," "," ","0"
"1628","USC00359461",1992,3,"PRCP",8," "," ","0",8," "," ","0",3," "," ","0",3," "," ","0",94," "," ","0",5," "," ","0",3," "," ","0",0," "," ","0",0," "," ","0",0," "," ","0",0," "," ","0",0," "," ","0",0," "," ","0",0," "," ","0",69," "," ","0",13," "," ","0",74," "," ","0",0," "," ","0",0," "," ","0",0," "," ","0",0," "," ","0",0," "," ","0",0," "," ","0",0," "," ","0",0," "," ","0",0," "," ","0",0," "," ","0",0," "," ","0",0," "," ","0",160," "," ","0",23," "," ","0"
"1629","USC00359461",1992,3,"SNOW",0,"P"," ","0",0,"P"," ","0",0,"P"," ","0",0,"P"," ","0",0,"P"," ","0",0,"P"," ","0",0,"P"," ","0",0,"P"," ","0",0,"P"," ","0",0,"P"," ","0",0,"P"," ","0",0,"P"," ","0",0,"P"," ","0",0,"P"," ","0",0,"P"," ","0",0,"P"," ","0",0,"P"," ","0",0,"P"," ","0",0,"P"," ","0",0,"P"," ","0",0,"P"," ","0",0,"P"," ","0",0,"P"," ","0",0,"P"," ","0",0,"P"," ","0",0,"P"," ","0",0,"P"," ","0",0,"P"," ","0",0,"P"," ","0",0,"P"," ","0",0,"P"," ","0"
"1630","USC00359461",1992,3,"SNWD",0," "," ","0",0,"P"," ","0",0,"P"," ","0",0,"P"," ","0",0,"P"," ","0",0,"P"," ","0",0,"P"," ","0",0,"P"," ","0",0,"P"," ","0",0,"P"," ","0",0,"P"," ","0",0,"P"," ","0",0,"P"," ","0",0,"P"," ","0",0,"P"," ","0",0,"P"," ","0",0,"P"," ","0",0,"P"," ","0",0,"P"," ","0",0,"P"," ","0",0,"P"," ","0",0,"P"," ","0",0,"P"," ","0",0,"P"," ","0",0,"P"," ","0",0,"P"," ","0",0,"P"," ","0",0,"P"," ","0",0,"P"," ","0",0,"P"," ","0",0,"P"," ","0"
"1631","USC00359461",1992,4,"TMAX",211," "," ","0",250," "," ","0",239," "," ","0",156," "," ","0",128," "," ","0",111," "," ","0",128," "," ","0",139," "," ","0",128," "," ","0",144," "," ","0",194," "," ","0",150," "," ","0",183," "," ","0",178," "," ","0",217," "," ","0",217," "," ","0",194," "," ","0",144," "," ","0",183," "," ","0",233," "," ","0",156," "," ","0",156," "," ","0",139," "," ","0",211," "," ","0",233," "," ","0",267," "," ","0",267," "," ","0",250," "," ","0",289," "," ","0",233," "," ","0",NA," "," "," "
"1632","USC00359461",1992,4,"TMIN",56," "," ","0",61," "," ","0",67," "," ","0",33," "," ","0",22," "," ","0",17," "," ","0",0," "," ","0",6," "," ","0",67," "," ","0",72," "," ","0",72," "," ","0",100," "," ","0",83," "," ","0",67," "," ","0",72," "," ","0",89," "," ","0",94," "," ","0",78," "," ","0",44," "," ","0",44," "," ","0",39," "," ","0",22," "," ","0",0," "," ","0",6," "," ","0",67," "," ","0",72," "," ","0",122," ","I","0",111," "," ","0",128," ","I","0",94," "," ","0",NA," "," "," "
"1633","USC00359461",1992,4,"TOBS",67," "," ","0",67," "," ","0",89," "," ","0",50," "," ","0",22," "," ","0",28," "," ","0",6," "," ","0",67," "," ","0",117," "," ","0",89," "," ","0",117," "," ","0",117," "," ","0",100," "," ","0",89," "," ","0",100," "," ","0",117," "," ","0",94," "," ","0",78," "," ","0",44," "," ","0",89," "," ","0",56," "," ","0",28," "," ","0",6," "," ","0",83," "," ","0",72," "," ","0",78," ","I","0",122," "," ","0",117," ","I","0",128," "," ","0",94," "," ","0",NA," "," "," "
"1634","USC00359461",1992,4,"PRCP",0," "," ","0",0," "," ","0",0," "," ","0",3," "," ","0",53," "," ","0",20," "," ","0",0,"T"," ","0",3," "," ","0",165," "," ","0",300," "," ","0",20," "," ","0",107," "," ","0",56," "," ","0",8," "," ","0",5," "," ","0",13," "," ","0",109," "," ","0",89," "," ","0",0,"T"," ","0",0," "," ","0",0," "," ","0",15," "," ","0",3," "," ","0",0," "," ","0",0," "," ","0",0," "," ","0",25," "," ","0",0," "," ","0",20," "," ","0",81," "," ","0",NA," "," "," "
"1635","USC00359461",1992,4,"SNOW",0,"P"," ","0",0,"P"," ","0",0,"P"," ","0",0,"P"," ","0",0,"P"," ","0",0,"P"," ","0",0,"P"," ","0",0,"P"," ","0",0,"P"," ","0",0,"P"," ","0",0,"P"," ","0",0,"P"," ","0",0,"P"," ","0",0,"P"," ","0",0,"P"," ","0",0,"P"," ","0",0,"P"," ","0",0,"P"," ","0",0,"P"," ","0",0,"P"," ","0",0,"P"," ","0",0,"P"," ","0",0,"P"," ","0",0,"P"," ","0",0,"P"," ","0",0,"P"," ","0",0,"P"," ","0",0,"P"," ","0",0,"P"," ","0",0,"P"," ","0",NA," "," "," "
"1636","USC00359461",1992,4,"SNWD",0," "," ","0",0,"P"," ","0",0,"P"," ","0",0,"P"," ","0",0,"P"," ","0",0,"P"," ","0",0,"P"," ","0",0,"P"," ","0",0,"P"," ","0",0,"P"," ","0",0,"P"," ","0",0,"P"," ","0",0,"P"," ","0",0,"P"," ","0",0,"P"," ","0",0,"P"," ","0",0,"P"," ","0",0,"P"," ","0",0,"P"," ","0",0,"P"," ","0",0,"P"," ","0",0,"P"," ","0",0,"P"," ","0",0,"P"," ","0",0,"P"," ","0",0,"P"," ","0",0,"P"," ","0",0,"P"," ","0",0,"P"," ","0",0,"P"," ","0",NA," "," "," "
"1637","USC00359461",1992,4,"EVAP",18," "," ","0",25," "," ","0",38," "," ","0",15," "," ","0",28," "," ","0",13," "," ","0",20," "," ","0",13," "," ","0",5," "," ","0",NA," "," "," ",41," "," ","0",8," "," ","0",5," "," ","0",23," "," ","0",28," "," ","0",13," "," ","0",13," "," ","0",5," "," ","0",28," "," ","0",38," "," ","0",18," "," ","0",15," "," ","0",28," "," ","0",30," "," ","0",23," "," ","0",33," "," ","0",18," "," ","0",33," "," ","0",28," "," ","0",25," "," ","0",NA," "," "," "
"1638","USC00359461",1992,4,"MNPN",100," "," ","0",100," "," ","0",117," "," ","0",78," "," ","0",56," "," ","0",50," "," ","0",61," "," ","0",50," "," ","0",94," "," ","0",111," "," ","0",106," "," ","0",111," "," ","0",117," "," ","0",106," "," ","0",106," "," ","0",122," "," ","0",122," "," ","0",106," "," ","0",89," "," ","0",94," "," ","0",78," "," ","0",61," "," ","0",56," "," ","0",56," "," ","0",111," "," ","0",128," "," ","0",128," "," ","0",156," "," ","0",161," "," ","0",139," "," ","0",NA," "," "," "
"1639","USC00359461",1992,4,"MXPN",228," "," ","0",267," "," ","0",278," "," ","0",194," "," ","0",161," "," ","0",139," "," ","0",200," "," ","0",161," "," ","0",139," "," ","0",144," "," ","0",244," "," ","0",178," "," ","0",189," "," ","0",194," "," ","0",278," "," ","0",239," "," ","0",183," "," ","0",167," "," ","0",267," "," ","0",256," "," ","0",183," "," ","0",194," "," ","0",211," "," ","0",256," "," ","0",250," "," ","0",283," "," ","0",244," "," ","0",311," "," ","0",300," "," ","0",244," "," ","0",NA," "," "," "
"1640","USC00359461",1992,4,"WDMV",37," "," ","0",11," "," ","0",40," "," ","0",37," "," ","0",31," "," ","0",32," "," ","0",32," "," ","0",23," "," ","0",6," "," ","0",8," "," ","0",19," "," ","0",10," "," ","0",14," "," ","0",23," "," ","0",26," "," ","0",11," "," ","0",23," "," ","0",23," "," ","0",27," "," ","0",24," "," ","0",31," "," ","0",31," "," ","0",29," "," ","0",26," "," ","0",10," "," ","0",14," "," ","0",8," "," ","0",21," "," ","0",16," "," ","0",19," "," ","0",NA," "," "," "
"1641","USC00359461",1992,6,"TMAX",328," "," ","0",278," "," ","0",256," "," ","0",294," "," ","0",267," "," ","0",256," "," ","0",289," "," ","0",267," "," ","0",283," "," ","0",261," "," ","0",239," "," ","0",183," "," ","0",183," "," ","0",161," "," ","0",178," "," ","0",200," "," ","0",206," "," ","0",239," "," ","0",278," "," ","0",283," "," ","0",294," "," ","0",344," "," ","0",389," "," ","0",344," "," ","0",317," "," ","0",311," "," ","0",283," "," ","0",294," "," ","0",233," "," ","0",194," "," ","0",NA," "," "," "
"1642","USC00359461",1992,6,"TMIN",111," "," ","0",111," "," ","0",83," "," ","0",83," "," ","0",94," "," ","0",94," "," ","0",89," "," ","0",83," "," ","0",89," "," ","0",122," "," ","0",122," "," ","0",94," "," ","0",94," "," ","0",94," "," ","0",94," "," ","0",94," "," ","0",111," "," ","0",100," "," ","0",106," "," ","0",100," "," ","0",111," "," ","0",172," "," ","0",161," "," ","0",161," "," ","0",161," "," ","0",133," "," ","0",139," "," ","0",144," "," ","0",111," "," ","0",111," "," ","0",NA," "," "," "
"1643","USC00359461",1992,6,"TOBS",122," "," ","0",111," "," ","0",83," "," ","0",111," "," ","0",128," "," ","0",122," "," ","0",106," "," ","0",106," "," ","0",133," "," ","0",144," "," ","0",122," "," ","0",100," "," ","0",94," "," ","0",100," "," ","0",94," "," ","0",117," "," ","0",117," "," ","0",106," "," ","0",111," "," ","0",111," "," ","0",172," "," ","0",172," "," ","0",167," "," ","0",167," "," ","0",172," "," ","0",139," "," ","0",156," "," ","0",150," "," ","0",111," "," ","0",128," "," ","0",NA," "," "," "
"1644","USC00359461",1992,6,"PRCP",0," "," ","0",0," "," ","0",0," "," ","0",0," "," ","0",0," "," ","0",0," "," ","0",0," "," ","0",0," "," ","0",0," "," ","0",0," "," ","0",0," "," ","0",51," "," ","0",188," "," ","0",168," "," ","0",18," "," ","0",0," "," ","0",0," "," ","0",0," "," ","0",0," "," ","0",0," "," ","0",0," "," ","0",0," "," ","0",0," "," ","0",0," "," ","0",0," "," ","0",0," "," ","0",0," "," ","0",0," "," ","0",330," "," ","0",150," "," ","0",NA," "," "," "
"1645","USC00359461",1992,6,"SNOW",0,"P"," ","0",0,"P"," ","0",0,"P"," ","0",0,"P"," ","0",0,"P"," ","0",0,"P"," ","0",0,"P"," ","0",0,"P"," ","0",0,"P"," ","0",0,"P"," ","0",0,"P"," ","0",0,"P"," ","0",0,"P"," ","0",0,"P"," ","0",0,"P"," ","0",0,"P"," ","0",0,"P"," ","0",0,"P"," ","0",0,"P"," ","0",0,"P"," ","0",0,"P"," ","0",0,"P"," ","0",0,"P"," ","0",0,"P"," ","0",0,"P"," ","0",0,"P"," ","0",0,"P"," ","0",0,"P"," ","0",0,"P"," ","0",0,"P"," ","0",NA," "," "," "
"1646","USC00359461",1992,6,"SNWD",0," "," ","0",0,"P"," ","0",0,"P"," ","0",0,"P"," ","0",0,"P"," ","0",0,"P"," ","0",0,"P"," ","0",0,"P"," ","0",0,"P"," ","0",0,"P"," ","0",0,"P"," ","0",0,"P"," ","0",0,"P"," ","0",0,"P"," ","0",0,"P"," ","0",0,"P"," ","0",0,"P"," ","0",0,"P"," ","0",0,"P"," ","0",0,"P"," ","0",0,"P"," ","0",0,"P"," ","0",0,"P"," ","0",0,"P"," ","0",0,"P"," ","0",0,"P"," ","0",0,"P"," ","0",0,"P"," ","0",0,"P"," ","0",0,"P"," ","0",NA," "," "," "
"1647","USC00359461",1992,6,"EVAP",61," "," ","0",38," "," ","0",56," "," ","0",48," "," ","0",69," "," ","0",53," "," ","0",51," "," ","0",51," "," ","0",38," "," ","0",38," "," ","0",28," "," ","0",13," "," ","0",25," "," ","0",76," "," ","0",5," "," ","0",23," "," ","0",28," "," ","0",43," "," ","0",41," "," ","0",48," "," ","0",61," "," ","0",69," "," ","0",71," "," ","0",61," "," ","0",51," "," ","0",56," "," ","0",38," "," ","0",53," "," ","0",66," "," ","0",15," "," ","0",NA," "," "," "
"1648","USC00359461",1992,6,"MNPN",167," "," ","0",156," "," ","0",139," "," ","0",133," "," ","0",133," "," ","0",144," "," ","0",139," "," ","0",139," "," ","0",133," "," ","0",150," "," ","0",150," "," ","0",128," "," ","0",122," "," ","0",139," "," ","0",128," "," ","0",133," "," ","0",144," "," ","0",144," "," ","0",144," "," ","0",161," "," ","0",161," "," ","0",194," "," ","0",206," "," ","0",200," "," ","0",211," "," ","0",178," "," ","0",178," "," ","0",178," "," ","0",150," "," ","0",144," "," ","0",NA," "," "," "
"1649","USC00359461",1992,6,"MXPN",356," "," ","0",311," "," ","0",322," "," ","0",328," "," ","0",317," "," ","0",306," "," ","0",328," "," ","0",311," "," ","0",328," "," ","0",306," "," ","0",283," "," ","0",211," "," ","0",228," "," ","0",200," "," ","0",217," "," ","0",244," "," ","0",228," "," ","0",300," "," ","0",328," "," ","0",328," "," ","0",333," "," ","0",367," "," ","0",389," "," ","0",372," "," ","0",339," "," ","0",339," "," ","0",306," "," ","0",333," "," ","0",272," "," ","0",233," "," ","0",NA," "," "," "
"1650","USC00359461",1992,6,"WDMV",NA," "," "," ",5," "," ","0",6," "," ","0",3," "," ","0",5," "," ","0",11," "," ","0",37," "," ","0",29," "," ","0",24," "," ","0",31," "," ","0",29," "," ","0",13," "," ","0",21," "," ","0",16," "," ","0",16," "," ","0",19," "," ","0",26," "," ","0",42," "," ","0",31," "," ","0",31," "," ","0",56," "," ","0",40," "," ","0",35," "," ","0",23," "," ","0",23," "," ","0",39," "," ","0",47," "," ","0",42," "," ","0",27," "," ","0",19," "," ","0",NA," "," "," "
"1651","USC00359461",1992,7,"TMAX",222," "," ","0",256," "," ","0",250," "," ","0",272," "," ","0",239," "," ","0",217," "," ","0",244," "," ","0",272," "," ","0",239," "," ","0",267," "," ","0",289," "," ","0",272," "," ","0",311," "," ","0",278," "," ","0",283," "," ","0",311," "," ","0",361," "," ","0",350," "," ","0",333," "," ","0",306," "," ","0",267," "," ","0",244," "," ","0",183," "," ","0",228," "," ","0",278," "," ","0",322," "," ","0",328," "," ","0",333," "," ","0",328," "," ","0",344," "," ","0",367," "," ","0"
"1652","USC00359461",1992,7,"TMIN",100," "," ","0",117," "," ","0",117," "," ","0",122," "," ","0",117," "," ","0",122," "," ","0",106," "," ","0",111," "," ","0",111," "," ","0",111," "," ","0",122," "," ","0",122," "," ","0",128," "," ","0",117," "," ","0",117," "," ","0",117," "," ","0",122," "," ","0",167," "," ","0",139," "," ","0",139," "," ","0",144," "," ","0",139," "," ","0",117," "," ","0",117," "," ","0",106," "," ","0",106," "," ","0",128," "," ","0",122," "," ","0",122," "," ","0",122," "," ","0",133," "," ","0"
"1653","USC00359461",1992,7,"TOBS",117," "," ","0",161," "," ","0",122," "," ","0",156," "," ","0",139," "," ","0",150," "," ","0",128," "," ","0",150," "," ","0",117," "," ","0",122," "," ","0",150," "," ","0",128," "," ","0",133," "," ","0",122," "," ","0",122," "," ","0",122," "," ","0",167," "," ","0",194," "," ","0",144," "," ","0",144," "," ","0",161," "," ","0",139," "," ","0",122," "," ","0",117," "," ","0",106," "," ","0",133," "," ","0",128," "," ","0",128," "," ","0",128," "," ","0",156," "," ","0",156," "," ","0"
"1654","USC00359461",1992,7,"PRCP",0," "," ","0",0," "," ","0",0," "," ","0",38," "," ","0",53," "," ","0",23," "," ","0",0," "," ","0",0," "," ","0",0," "," ","0",0," "," ","0",0," "," ","0",0," "," ","0",0," "," ","0",0," "," ","0",0," "," ","0",0," "," ","0",0," "," ","0",5," "," ","0",0," "," ","0",0," "," ","0",0," "," ","0",3," "," ","0",18," "," ","0",0," "," ","0",0," "," ","0",0," "," ","0",0," "," ","0",0," "," ","0",0," "," ","0",0," "," ","0",0," "," ","0"
"1655","USC00359461",1992,7,"SNOW",0,"P"," ","0",0,"P"," ","0",0,"P"," ","0",0,"P"," ","0",0,"P"," ","0",0,"P"," ","0",0,"P"," ","0",0,"P"," ","0",0,"P"," ","0",0,"P"," ","0",0,"P"," ","0",0,"P"," ","0",0,"P"," ","0",0,"P"," ","0",0,"P"," ","0",0,"P"," ","0",0,"P"," ","0",0,"P"," ","0",0,"P"," ","0",0,"P"," ","0",0,"P"," ","0",0,"P"," ","0",0,"P"," ","0",0,"P"," ","0",0,"P"," ","0",0,"P"," ","0",0,"P"," ","0",0,"P"," ","0",0,"P"," ","0",0,"P"," ","0",0,"P"," ","0"
"1656","USC00359461",1992,7,"SNWD",0," "," ","0",0,"P"," ","0",0,"P"," ","0",0,"P"," ","0",0,"P"," ","0",0,"P"," ","0",0,"P"," ","0",0,"P"," ","0",0,"P"," ","0",0,"P"," ","0",0,"P"," ","0",0,"P"," ","0",0,"P"," ","0",0,"P"," ","0",0,"P"," ","0",0,"P"," ","0",0,"P"," ","0",0,"P"," ","0",0,"P"," ","0",0,"P"," ","0",0,"P"," ","0",0,"P"," ","0",0,"P"," ","0",0,"P"," ","0",0,"P"," ","0",0,"P"," ","0",0,"P"," ","0",0,"P"," ","0",0,"P"," ","0",0,"P"," ","0",0,"P"," ","0"
"1657","USC00359461",1992,7,"DAWM",NA," "," "," ",NA," "," "," ",NA," "," "," ",4," "," ","0",NA," "," "," ",NA," "," "," ",NA," "," "," ",NA," "," "," ",NA," "," "," ",NA," "," "," ",NA," "," "," ",NA," "," "," ",NA," "," "," ",NA," "," "," ",NA," "," "," ",NA," "," "," ",NA," "," "," ",NA," "," "," ",NA," "," "," ",NA," "," "," ",NA," "," "," ",NA," "," "," ",NA," "," "," ",NA," "," "," ",NA," "," "," ",NA," "," "," ",NA," "," "," ",NA," "," "," ",NA," "," "," ",NA," "," "," ",NA," "," "," "
"1658","USC00359461",1992,7,"EVAP",30," "," ","0",38," "," ","0",38," "," ","0",25," "," ","0",28," "," ","0",23," "," ","0",48," "," ","0",38," "," ","0",69," "," ","0",46," "," ","0",48," "," ","0",71," "," ","0",48," "," ","0",58," "," ","0",56," "," ","0",74," "," ","0",69," "," ","0",30," "," ","0",58," "," ","0",43," "," ","0",28," "," ","0",38," "," ","0",10," "," ","0",36," "," ","0",46," "," ","0",51," "," ","0",61," "," ","0",61," "," ","0",69," "," ","0",66," "," ","0",61," "," ","0"
"1659","USC00359461",1992,7,"MDWM",NA," "," "," ",NA," "," "," ",NA," "," "," ",111," "," ","0",NA," "," "," ",NA," "," "," ",NA," "," "," ",NA," "," "," ",NA," "," "," ",NA," "," "," ",NA," "," "," ",NA," "," "," ",NA," "," "," ",NA," "," "," ",NA," "," "," ",NA," "," "," ",NA," "," "," ",NA," "," "," ",NA," "," "," ",NA," "," "," ",NA," "," "," ",NA," "," "," ",NA," "," "," ",NA," "," "," ",NA," "," "," ",NA," "," "," ",NA," "," "," ",NA," "," "," ",NA," "," "," ",NA," "," "," ",NA," "," "," "
"1660","USC00359461",1992,7,"MNPN",150," "," ","0",150," "," ","0",156," "," ","0",156," "," ","0",167," "," ","0",156," "," ","0",144," "," ","0",144," "," ","0",144," "," ","0",139," "," ","0",172," "," ","0",161," "," ","0",161," "," ","0",161," "," ","0",156," "," ","0",156," "," ","0",161," "," ","0",200," "," ","0",189," "," ","0",183," "," ","0",178," "," ","0",178," "," ","0",150," "," ","0",150," "," ","0",144," "," ","0",144," "," ","0",183," "," ","0",172," "," ","0",167," "," ","0",111," "," ","0",167," "," ","0"
"1661","USC00359461",1992,7,"MXPN",278," "," ","0",322," "," ","0",283," "," ","0",317," "," ","0",278," "," ","0",272," "," ","0",306," "," ","0",328," "," ","0",311," "," ","0",328," "," ","0",333," "," ","0",344," "," ","0",361," "," ","0",339," "," ","0",339," "," ","0",344," "," ","0",367," "," ","0",306," "," ","0",378," "," ","0",350," "," ","0",272," "," ","0",283," "," ","0",217," "," ","0",267," "," ","0",311," "," ","0",344," "," ","0",350," "," ","0",350," "," ","0",350," "," ","0",356," "," ","0",367," "," ","0"
"1662","USC00359461",1992,7,"WDMV",NA," "," "," ",NA," "," "," ",NA," "," "," ",NA," "," "," ",16," "," ","0",21," "," ","0",45," "," ","0",43," "," ","0",55," "," ","0",47," "," ","0",45," "," ","0",50," "," ","0",31," "," ","0",39," "," ","0",42," "," ","0",32," "," ","0",14," "," ","0",5," "," ","0",10," "," ","0",21," "," ","0",16," "," ","0",18," "," ","0",10," "," ","0",29," "," ","0",39," "," ","0",21," "," ","0",31," "," ","0",32," "," ","0",39," "," ","0",34," "," ","0",39," "," ","0"
"1663","USC00359461",1992,8,"TMAX",317," "," ","0",272," "," ","0",311," "," ","0",283," "," ","0",261," "," ","0",294," "," ","0",283," "," ","0",250," "," ","0",272," "," ","0",306," "," ","0",361," "," ","0",NA," "," "," ",NA," "," "," ",NA," "," "," ",NA," "," "," ",NA," "," "," ",NA," "," "," ",NA," "," "," ",NA," "," "," ",344," "," ","0",317," "," ","0",239," "," ","0",222," "," ","0",256," "," ","0",333," "," ","0",344," "," ","0",350," "," ","0",344," "," ","0",328," "," ","0",317," "," ","0",311," "," ","0"
"1664","USC00359461",1992,8,"TMIN",128," "," ","0",106," "," ","0",106," "," ","0",117," "," ","0",100," "," ","0",94," "," ","0",122," "," ","0",78," "," ","0",78," "," ","0",78," "," ","0",106," "," ","0",144," "," ","0",156," "," ","0",150," "," ","0",156," "," ","0",122," "," ","0",117," "," ","0",128," "," ","0",122," "," ","0",100," "," ","0",89," "," ","0",89," "," ","0",100," "," ","0",78," "," ","0",67," "," ","0",72," "," ","0",78," "," ","0",89," "," ","0",89," "," ","0",83," "," ","0",100," "," ","0"
"1665","USC00359461",1992,8,"TOBS",156," "," ","0",117," "," ","0",133," "," ","0",150," "," ","0",117," "," ","0",122," "," ","0",156," "," ","0",83," "," ","0",83," "," ","0",106," "," ","0",144," "," ","0",172," "," ","0",156," "," ","0",156," "," ","0",156," "," ","0",122," "," ","0",139," "," ","0",128," "," ","0",144," "," ","0",106," "," ","0",111," "," ","0",111," "," ","0",111," "," ","0",78," "," ","0",83," "," ","0",83," "," ","0",94," "," ","0",111," "," ","0",89," "," ","0",100," "," ","0",128," "," ","0"
"1666","USC00359461",1992,8,"PRCP",0," "," ","0",0," "," ","0",0," "," ","0",0," "," ","0",0," "," ","0",0," "," ","0",0," "," ","0",0," "," ","0",0," "," ","0",0," "," ","0",0," "," ","0",0," "," ","0",0," "," ","0",0," "," ","0",0," "," ","0",0," "," ","0",0," "," ","0",0," "," ","0",0," "," ","0",0," "," ","0",0," "," ","0",0," "," ","0",0," "," ","0",0," "," ","0",0," "," ","0",0," "," ","0",0," "," ","0",0," "," ","0",0," "," ","0",0," "," ","0",0," "," ","0"
"1667","USC00359461",1992,8,"SNOW",0,"P"," ","0",0,"P"," ","0",0,"P"," ","0",0,"P"," ","0",0,"P"," ","0",0,"P"," ","0",0,"P"," ","0",0,"P"," ","0",0,"P"," ","0",0,"P"," ","0",0,"P"," ","0",0,"P"," ","0",0,"P"," ","0",0,"P"," ","0",0,"P"," ","0",0,"P"," ","0",0,"P"," ","0",0,"P"," ","0",0,"P"," ","0",0,"P"," ","0",0,"P"," ","0",0,"P"," ","0",0,"P"," ","0",0,"P"," ","0",0,"P"," ","0",0,"P"," ","0",0,"P"," ","0",0,"P"," ","0",0,"P"," ","0",0,"P"," ","0",0,"P"," ","0"
"1668","USC00359461",1992,8,"SNWD",0," "," ","0",0,"P"," ","0",0,"P"," ","0",0,"P"," ","0",0,"P"," ","0",0,"P"," ","0",0,"P"," ","0",0,"P"," ","0",0,"P"," ","0",0,"P"," ","0",0,"P"," ","0",0,"P"," ","0",0,"P"," ","0",0,"P"," ","0",0,"P"," ","0",0,"P"," ","0",0,"P"," ","0",0,"P"," ","0",0,"P"," ","0",0,"P"," ","0",0,"P"," ","0",0,"P"," ","0",0,"P"," ","0",0,"P"," ","0",0,"P"," ","0",0,"P"," ","0",0,"P"," ","0",0,"P"," ","0",0,"P"," ","0",0,"P"," ","0",0,"P"," ","0"
"1669","USC00359461",1992,8,"EVAP",64," "," ","0",38," "," ","0",56," "," ","0",46," "," ","0",38," "," ","0",41," "," ","0",28," "," ","0",56," "," ","0",64," "," ","0",64," "," ","0",58," "," ","0",46," "," ","0",33," "," ","0",74," "," ","0",74," "," ","0",69," "," ","0",66," "," ","0",69," "," ","0",64," "," ","0",53," "," ","0",84," "," ","0",33," "," ","0",20," "," ","0",56," "," ","0",64," "," ","0",66," "," ","0",53," "," ","0",53," "," ","0",69," "," ","0",53," "," ","0",51," "," ","0"
"1670","USC00359461",1992,8,"MNPN",167," "," ","0",156," "," ","0",156," "," ","0",139," "," ","0",139," "," ","0",144," "," ","0",144," "," ","0",122," "," ","0",122," "," ","0",144," "," ","0",144," "," ","0",183," "," ","0",206," "," ","0",233," "," ","0",233," "," ","0",172," "," ","0",161," "," ","0",167," "," ","0",161," "," ","0",156," "," ","0",133," "," ","0",183," "," ","0",122," "," ","0",122," "," ","0",111," "," ","0",122," "," ","0",128," "," ","0",128," "," ","0",128," "," ","0",122," "," ","0",128," "," ","0"
"1671","USC00359461",1992,8,"MXPN",350," "," ","0",267," "," ","0",333," "," ","0",311," "," ","0",267," "," ","0",300," "," ","0",294," "," ","0",278," "," ","0",306," "," ","0",317," "," ","0",350," "," ","0",350," "," ","0",306," "," ","0",372," "," ","0",344," "," ","0",333," "," ","0",328," "," ","0",350," "," ","0",339," "," ","0",339," "," ","0",311," "," ","0",239," "," ","0",206," "," ","0",289," "," ","0",294," "," ","0",306," "," ","0",317," "," ","0",317," "," ","0",306," "," ","0",300," "," ","0",306," "," ","0"
"1672","USC00359461",1992,8,"WDMV",121," "," ","0",76," "," ","0",92," "," ","0",138," "," ","0",72," "," ","0",48," "," ","0",45," "," ","0",68," "," ","0",37," "," ","0",29," "," ","0",21," "," ","0",10," "," ","0",5," "," ","0",40," "," ","0",50," "," ","0",63," "," ","0",45," "," ","0",63," "," ","0",56," "," ","0",66," "," ","0",95," "," ","0",40," "," ","0",26," "," ","0",79," "," ","0",66," "," ","0",35," "," ","0",27," "," ","0",42," "," ","0",53," "," ","0",45," "," ","0",61," "," ","0"
"1673","USC00359461",1992,9,"TMAX",250," "," ","0",311," "," ","0",339," "," ","0",261," "," ","0",228," "," ","0",228," "," ","0",222," "," ","0",250," "," ","0",261," "," ","0",289," "," ","0",322," "," ","0",267," "," ","0",200," "," ","0",211," "," ","0",228," "," ","0",200," "," ","0",244," "," ","0",200," "," ","0",289," "," ","0",267," "," ","0",300," "," ","0",306," "," ","0",294," "," ","0",272," "," ","0",211," "," ","0",239," "," ","0",267," "," ","0",250," "," ","0",322," "," ","0",306," "," ","0",NA," "," "," "
"1674","USC00359461",1992,9,"TMIN",122," "," ","0",106," "," ","0",106," "," ","0",117," "," ","0",111," "," ","0",44," "," ","0",44," "," ","0",44," "," ","0",89," "," ","0",106," "," ","0",106," "," ","0",61," "," ","0",39," "," ","0",28," "," ","0",28," "," ","0",28," "," ","0",22," "," ","0",56," "," ","0",56," "," ","0",56," "," ","0",78," "," ","0",117," "," ","0",111," "," ","0",100," "," ","0",89," "," ","0",89," "," ","0",83," "," ","0",67," "," ","0",67," "," ","0",89," "," ","0",NA," "," "," "
"1675","USC00359461",1992,9,"TOBS",156," "," ","0",106," "," ","0",117," "," ","0",144," "," ","0",111," "," ","0",44," "," ","0",44," "," ","0",89," "," ","0",139," "," ","0",106," "," ","0",117," "," ","0",61," "," ","0",39," "," ","0",28," "," ","0",83," "," ","0",78," "," ","0",83," "," ","0",61," "," ","0",83," "," ","0",83," "," ","0",122," "," ","0",117," "," ","0",111," "," ","0",139," "," ","0",111," "," ","0",111," "," ","0",144," "," ","0",83," "," ","0",106," "," ","0",122," "," ","0",NA," "," "," "
"1676","USC00359461",1992,9,"PRCP",0," "," ","0",0," "," ","0",0," "," ","0",0,"T"," ","0",20," "," ","0",0," "," ","0",0," "," ","0",0," "," ","0",0," "," ","0",0," "," ","0",0," "," ","0",0," "," ","0",0," "," ","0",0," "," ","0",0," "," ","0",0," "," ","0",0," "," ","0",0," "," ","0",0," "," ","0",0," "," ","0",0," "," ","0",0," "," ","0",0," "," ","0",51," "," ","0",3," "," ","0",0," "," ","0",0," "," ","0",0," "," ","0",0," "," ","0",0," "," ","0",NA," "," "," "
"1677","USC00359461",1992,9,"SNOW",0,"P"," ","0",0,"P"," ","0",0,"P"," ","0",0,"P"," ","0",0,"P"," ","0",0,"P"," ","0",0,"P"," ","0",0,"P"," ","0",0,"P"," ","0",0,"P"," ","0",0,"P"," ","0",0,"P"," ","0",0,"P"," ","0",0,"P"," ","0",0,"P"," ","0",0,"P"," ","0",0,"P"," ","0",0,"P"," ","0",0,"P"," ","0",0,"P"," ","0",0,"P"," ","0",0,"P"," ","0",0,"P"," ","0",0,"P"," ","0",0,"P"," ","0",0,"P"," ","0",0,"P"," ","0",0,"P"," ","0",0,"P"," ","0",0,"P"," ","0",NA," "," "," "
"1678","USC00359461",1992,9,"SNWD",0," "," ","0",0,"P"," ","0",0,"P"," ","0",0,"P"," ","0",0,"P"," ","0",0,"P"," ","0",0,"P"," ","0",0,"P"," ","0",0,"P"," ","0",0,"P"," ","0",0,"P"," ","0",0,"P"," ","0",0,"P"," ","0",0,"P"," ","0",0,"P"," ","0",0,"P"," ","0",0,"P"," ","0",0,"P"," ","0",0,"P"," ","0",0,"P"," ","0",0,"P"," ","0",0,"P"," ","0",0,"P"," ","0",0,"P"," ","0",0,"P"," ","0",0,"P"," ","0",0,"P"," ","0",0,"P"," ","0",0,"P"," ","0",0,"P"," ","0",NA," "," "," "
"1679","USC00359461",1992,9,"EVAP",38," "," ","0",38," "," ","0",64," "," ","0",43," "," ","0",25," "," ","0",38," "," ","0",48," "," ","0",43," "," ","0",23," "," ","0",58," "," ","0",36," "," ","0",38," "," ","0",48," "," ","0",41," "," ","0",30," "," ","0",23," "," ","0",38," "," ","0",41," "," ","0",46," "," ","0",36," "," ","0",56," "," ","0",30," "," ","0",51," "," ","0",25," "," ","0",36," "," ","0",23," "," ","0",38," "," ","0",38," "," ","0",28," "," ","0",20," "," ","0",NA," "," "," "
"1680","USC00359461",1992,9,"MNPN",150," "," ","0",156," "," ","0",150," "," ","0",167," "," ","0",150," "," ","0",89," "," ","0",89," "," ","0",94," "," ","0",117," "," ","0",150," "," ","0",150," "," ","0",106," "," ","0",83," "," ","0",78," "," ","0",78," "," ","0",106," "," ","0",106," "," ","0",111," "," ","0",106," "," ","0",100," "," ","0",128," "," ","0",150," "," ","0",150," "," ","0",144," "," ","0",122," "," ","0",117," "," ","0",122," "," ","0",117," "," ","0",111," "," ","0",128," "," ","0",NA," "," "," "
"1681","USC00359461",1992,9,"MXPN",256," "," ","0",306," "," ","0",311," "," ","0",300," "," ","0",267," "," ","0",256," "," ","0",256," "," ","0",267," "," ","0",256," "," ","0",300," "," ","0",272," "," ","0",294," "," ","0",239," "," ","0",239," "," ","0",222," "," ","0",178," "," ","0",267," "," ","0",278," "," ","0",283," "," ","0",278," "," ","0",294," "," ","0",306," "," ","0",306," "," ","0",256," "," ","0",228," "," ","0",261," "," ","0",278," "," ","0",278," "," ","0",283," "," ","0",244," "," ","0",NA," "," "," "
"1682","USC00359461",1992,9,"WDMV",51," "," ","0",32," "," ","0",24," "," ","0",85," "," ","0",45," "," ","0",79," "," ","0",55," "," ","0",45," "," ","0",35," "," ","0",45," "," ","0",34," "," ","0",82," "," ","0",84," "," ","0",63," "," ","0",23," "," ","0",27," "," ","0",31," "," ","0",51," "," ","0",24," "," ","0",39," "," ","0",56," "," ","0",37," "," ","0",40," "," ","0",45," "," ","0",26," "," ","0",16," "," ","0",58," "," ","0",37," "," ","0",3," "," ","0",0," "," ","0",NA," "," "," "
"1683","USC00359461",1992,10,"TMAX",278," "," ","0",156," "," ","0",128," "," ","0",194," "," ","0",183," "," ","0",178," "," ","0",194," "," ","0",256," "," ","0",217," "," ","0",222," "," ","0",250," "," ","0",278," "," ","0",267," "," ","0",183," "," ","0",156," "," ","0",139," "," ","0",211," "," ","0",244," "," ","0",228," "," ","0",256," "," ","0",183," "," ","0",200," "," ","0",239," "," ","0",267," "," ","0",228," "," ","0",178," "," ","0",172," "," ","0",183," "," ","0",156," "," ","0",150," "," ","0",133," "," ","0"
"1684","USC00359461",1992,10,"TMIN",94," "," ","0",89," "," ","0",83," "," ","0",100," "," ","0",56," "," ","0",39," "," ","0",33," "," ","0",28," "," ","0",50," "," ","0",44," "," ","0",44," "," ","0",50," "," ","0",44," "," ","0",78," "," ","0",6," "," ","0",-17," "," ","0",11," "," ","0",44," "," ","0",67," "," ","0",61," "," ","0",100," "," ","0",72," "," ","0",67," "," ","0",61," "," ","0",61," "," ","0",100," "," ","0",78," "," ","0",78," "," ","0",78," "," ","0",78," "," ","0",78," "," ","0"
"1685","USC00359461",1992,10,"TOBS",139," "," ","0",89," "," ","0",106," "," ","0",106," "," ","0",89," "," ","0",50," "," ","0",33," "," ","0",50," "," ","0",106," "," ","0",50," "," ","0",56," "," ","0",50," "," ","0",94," "," ","0",78," "," ","0",11," "," ","0",17," "," ","0",56," "," ","0",94," "," ","0",67," "," ","0",100," "," ","0",111," "," ","0",106," "," ","0",67," "," ","0",72," "," ","0",111," "," ","0",117," "," ","0",89," "," ","0",89," "," ","0",100," "," ","0",83," "," ","0",83," "," ","0"
"1686","USC00359461",1992,10,"PRCP",86," "," ","0",97," "," ","0",28," "," ","0",0,"T"," ","0",0," "," ","0",0," "," ","0",0," "," ","0",0," "," ","0",0," "," ","0",0," "," ","0",0," "," ","0",0," "," ","0",3," "," ","0",13," "," ","0",0," "," ","0",0," "," ","0",0," "," ","0",0," "," ","0",0," "," ","0",0," "," ","0",163," "," ","0",0," "," ","0",0," "," ","0",0," "," ","0",0," "," ","0",0," "," ","0",0," "," ","0",3," "," ","0",30," "," ","0",269," "," ","0",94," "," ","0"
"1687","USC00359461",1992,10,"SNOW",0,"P"," ","0",0,"P"," ","0",0,"P"," ","0",0,"P"," ","0",0,"P"," ","0",0,"P"," ","0",0,"P"," ","0",0,"P"," ","0",0,"P"," ","0",0,"P"," ","0",0,"P"," ","0",0,"P"," ","0",0,"P"," ","0",0,"P"," ","0",0,"P"," ","0",0,"P"," ","0",0,"P"," ","0",0,"P"," ","0",0,"P"," ","0",0,"P"," ","0",0,"P"," ","0",0,"P"," ","0",0,"P"," ","0",0,"P"," ","0",0,"P"," ","0",0,"P"," ","0",0,"P"," ","0",0,"P"," ","0",0,"P"," ","0",0,"P"," ","0",0,"P"," ","0"
"1688","USC00359461",1992,10,"SNWD",0," "," ","0",0,"P"," ","0",0,"P"," ","0",0,"P"," ","0",0,"P"," ","0",0,"P"," ","0",0,"P"," ","0",0,"P"," ","0",0,"P"," ","0",0,"P"," ","0",0,"P"," ","0",0,"P"," ","0",0,"P"," ","0",0,"P"," ","0",0,"P"," ","0",0,"P"," ","0",0,"P"," ","0",0,"P"," ","0",0,"P"," ","0",0,"P"," ","0",0,"P"," ","0",0,"P"," ","0",0,"P"," ","0",0,"P"," ","0",0,"P"," ","0",0,"P"," ","0",0,"P"," ","0",0,"P"," ","0",0,"P"," ","0",0,"P"," ","0",0,"P"," ","0"
"1689","USC00359461",1992,10,"EVAP",15," "," ","0",3," "," ","0",NA," "," "," ",28," "," ","0",30," "," ","0",33," "," ","0",20," "," ","0",13," "," ","0",8," "," ","0",20," "," ","0",23," "," ","0",33," "," ","0",8," "," ","0",13," "," ","0",38," "," ","0",3," "," ","0",8," "," ","0",15," "," ","0",20," "," ","0",NA," "," "," ",NA," "," "," ",NA," "," "," ",NA," "," "," ",NA," "," "," ",NA," "," "," ",NA," "," "," ",NA," "," "," ",NA," "," "," ",NA," "," "," ",NA," "," "," ",NA," "," "," "
"1690","USC00359461",1992,10,"MNPN",139," "," ","0",106," "," ","0",100," "," ","0",111," "," ","0",100," "," ","0",72," "," ","0",72," "," ","0",72," "," ","0",89," "," ","0",83," "," ","0",83," "," ","0",89," "," ","0",72," "," ","0",67," "," ","0",33," "," ","0",33," "," ","0",44," "," ","0",28," "," ","0",106," "," ","0",94," "," ","0",111," "," ","0",106," "," ","0",NA," "," "," ",NA," "," "," ",NA," "," "," ",NA," "," "," ",NA," "," "," ",NA," "," "," ",NA," "," "," ",NA," "," "," ",NA," "," "," "
"1691","USC00359461",1992,10,"MXPN",244," "," ","0",172," "," ","0",128," "," ","0",200," "," ","0",211," "," ","0",172," "," ","0",183," "," ","0",206," "," ","0",222," "," ","0",233," "," ","0",222," "," ","0",250," "," ","0",261," "," ","0",189," "," ","0",167," "," ","0",122," "," ","0",161," "," ","0",211," "," ","0",211," "," ","0",239," "," ","0",156," "," ","0",194," "," ","0",NA," "," "," ",NA," "," "," ",NA," "," "," ",NA," "," "," ",NA," "," "," ",NA," "," "," ",NA," "," "," ",NA," "," "," ",NA," "," "," "
"1692","USC00359461",1992,10,"WDMV",63," "," ","0",3," "," ","0",2," "," ","0",21," "," ","0",95," "," ","0",18," "," ","0",5," "," ","0",0," "," ","0",55," "," ","0",43," "," ","0",18," "," ","0",3," "," ","0",6," "," ","0",47," "," ","0",55," "," ","0",2," "," ","0",5," "," ","0",2," "," ","0",3," "," ","0",18," "," ","0",2," "," ","0",8," "," ","0",NA," "," "," ",NA," "," "," ",NA," "," "," ",NA," "," "," ",NA," "," "," ",NA," "," "," ",NA," "," "," ",NA," "," "," ",NA," "," "," "
"1693","USC00359461",1992,11,"TMAX",156," "," ","0",150," "," ","0",161," "," ","0",133," "," ","0",122," "," ","0",167," "," ","0",200," "," ","0",150," "," ","0",122," "," ","0",122," "," ","0",111," "," ","0",100," "," ","0",161," "," ","0",156," "," ","0",111," "," ","0",111," "," ","0",122," "," ","0",139," "," ","0",106," "," ","0",83," "," ","0",100," "," ","0",128," "," ","0",106," "," ","0",94," "," ","0",67," "," ","0",128," "," ","0",106," "," ","0",133," "," ","0",89," "," ","0",100," "," ","0",NA," "," "," "
"1694","USC00359461",1992,11,"TMIN",83," "," ","0",100," "," ","0",44," "," ","0",67," ","I","0",78," "," ","0",78," "," ","0",78," "," ","0",50," "," ","0",44," "," ","0",0," "," ","0",-17," "," ","0",-17," "," ","0",39," "," ","0",28," "," ","0",28," "," ","0",28," "," ","0",44," "," ","0",56," "," ","0",56," "," ","0",0," "," ","0",11," "," ","0",50," "," ","0",22," "," ","0",0," "," ","0",0," "," ","0",11," "," ","0",17," "," ","0",44," "," ","0",0," "," ","0",17," "," ","0",NA," "," "," "
"1695","USC00359461",1992,11,"TOBS",106," "," ","0",100," "," ","0",50," ","I","0",89," "," ","0",83," "," ","0",89," "," ","0",94," "," ","0",67," "," ","0",44," "," ","0",0," "," ","0",-17," "," ","0",67," "," ","0",50," "," ","0",33," "," ","0",33," "," ","0",50," "," ","0",67," "," ","0",61," "," ","0",61," "," ","0",17," "," ","0",89," "," ","0",72," "," ","0",39," "," ","0",17," "," ","0",61," "," ","0",17," "," ","0",89," "," ","0",44," "," ","0",11," "," ","0",50," "," ","0",NA," "," "," "
"1696","USC00359461",1992,11,"PRCP",191," "," ","0",99," "," ","0",0," "," ","0",25," "," ","0",43," "," ","0",0," "," ","0",13," "," ","0",23," "," ","0",36," "," ","0",3," "," ","0",0," "," ","0",0," "," ","0",0," "," ","0",0," "," ","0",0," "," ","0",10," "," ","0",5," "," ","0",10," "," ","0",64," "," ","0",155," "," ","0",74," "," ","0",155," "," ","0",23," "," ","0",0," "," ","0",5," "," ","0",0," "," ","0",13," "," ","0",3," "," ","0",0," "," ","0",23," "," ","0",NA," "," "," "
"1697","USC00359461",1992,11,"SNOW",0,"P"," ","0",0,"P"," ","0",0,"P"," ","0",0,"P"," ","0",0,"P"," ","0",0,"P"," ","0",0,"P"," ","0",0,"P"," ","0",0,"P"," ","0",0,"P"," ","0",0,"P"," ","0",0,"P"," ","0",0,"P"," ","0",0,"P"," ","0",0,"P"," ","0",0,"P"," ","0",0,"P"," ","0",0,"P"," ","0",0,"P"," ","0",0,"P"," ","0",0,"P"," ","0",0,"P"," ","0",0,"P"," ","0",0,"P"," ","0",0,"P"," ","0",0,"P"," ","0",0,"P"," ","0",0,"P"," ","0",0,"P"," ","0",0,"P"," ","0",NA," "," "," "
"1698","USC00359461",1992,11,"SNWD",0," "," ","0",0,"P"," ","0",0,"P"," ","0",0,"P"," ","0",0,"P"," ","0",0,"P"," ","0",0,"P"," ","0",0,"P"," ","0",0,"P"," ","0",0,"P"," ","0",0,"P"," ","0",0,"P"," ","0",0,"P"," ","0",0,"P"," ","0",0,"P"," ","0",0,"P"," ","0",0,"P"," ","0",0,"P"," ","0",0,"P"," ","0",0,"P"," ","0",0,"P"," ","0",0,"P"," ","0",0,"P"," ","0",0,"P"," ","0",0,"P"," ","0",0,"P"," ","0",0,"P"," ","0",0,"P"," ","0",0,"P"," ","0",0,"P"," ","0",NA," "," "," "
"1699","USC00359461",1992,12,"TMAX",83," "," ","0",94," "," ","0",83," "," ","0",50," "," ","0",44," "," ","0",39," "," ","0",128," "," ","0",89," "," ","0",100," "," ","0",144," "," ","0",94," "," ","0",83," "," ","0",89," "," ","0",94," "," ","0",72," "," ","0",67," "," ","0",56," "," ","0",56," "," ","0",61," "," ","0",83," "," ","0",83," "," ","0",100," "," ","0",94," "," ","0",67," "," ","0",56," "," ","0",39," "," ","0",61," "," ","0",61," "," ","0",67," "," ","0",50," "," ","0",56," "," ","0"
"1700","USC00359461",1992,12,"TMIN",50," "," ","0",56," "," ","0",0," "," ","0",-11," "," ","0",-28," "," ","0",-33," "," ","0",17," "," ","0",11," "," ","0",11," "," ","0",17," "," ","0",-11," "," ","0",11," "," ","0",-11," "," ","0",-17," "," ","0",6," "," ","0",-17," "," ","0",-11," "," ","0",0," "," ","0",11," "," ","0",61," ","I","0",50," "," ","0",28," "," ","0",0," "," ","0",17," "," ","0",17," "," ","0",11," "," ","0",22," "," ","0",22," "," ","0",0," "," ","0",-11," "," ","0",0," "," ","0"
"1701","USC00359461",1992,12,"TOBS",61," "," ","0",67," "," ","0",0," "," ","0",0," "," ","0",-28," "," ","0",22," "," ","0",28," "," ","0",61," "," ","0",17," "," ","0",78," "," ","0",11," "," ","0",22," "," ","0",-11," "," ","0",39," "," ","0",11," "," ","0",-6," "," ","0",6," "," ","0",11," "," ","0",11," ","I","0",61," "," ","0",50," "," ","0",28," "," ","0",17," "," ","0",28," "," ","0",17," "," ","0",28," "," ","0",33," "," ","0",22," "," ","0",6," "," ","0",11," "," ","0",11," "," ","0"
"1702","USC00359461",1992,12,"PRCP",89," "," ","0",76," "," ","0",109," "," ","0",0," "," ","0",0," "," ","0",20," "," ","0",145," "," ","0",33," "," ","0",241," "," ","0",173," "," ","0",23," "," ","0",114," "," ","0",3," "," ","0",0," "," ","0",28," "," ","0",0," "," ","0",216," "," ","0",76," "," ","0",0," "," ","0",23," "," ","0",43," "," ","0",36," "," ","0",0," "," ","0",0," "," ","0",0," "," ","0",0,"T"," ","0",130," "," ","0",274," "," ","0",173," "," ","0",71," "," ","0",208," "," ","0"
"1703","USC00359461",1992,12,"SNOW",0,"P"," ","0",0,"P"," ","0",0,"P"," ","0",0,"P"," ","0",0,"P"," ","0",0,"P"," ","0",0,"P"," ","0",0,"P"," ","0",0,"P"," ","0",0,"P"," ","0",0,"P"," ","0",0,"P"," ","0",0,"P"," ","0",0,"P"," ","0",0,"P"," ","0",0,"P"," ","0",0,"P"," ","0",0,"P"," ","0",0,"P"," ","0",0,"P"," ","0",0,"P"," ","0",0,"P"," ","0",0,"P"," ","0",0,"P"," ","0",0,"P"," ","0",0,"P"," ","0",0,"P"," ","0",0,"P"," ","0",0,"P"," ","0",0,"P"," ","0",0,"P"," ","0"
"1704","USC00359461",1992,12,"SNWD",0," "," ","0",0,"P"," ","0",0,"P"," ","0",0,"P"," ","0",0,"P"," ","0",0,"P"," ","0",0,"P"," ","0",0,"P"," ","0",0,"P"," ","0",0,"P"," ","0",0,"P"," ","0",0,"P"," ","0",0,"P"," ","0",0,"P"," ","0",0,"P"," ","0",0,"P"," ","0",0,"P"," ","0",0,"P"," ","0",0,"P"," ","0",0,"P"," ","0",0,"P"," ","0",0,"P"," ","0",0,"P"," ","0",0,"P"," ","0",0,"P"," ","0",0,"P"," ","0",0,"P"," ","0",0,"P"," ","0",0,"P"," ","0",0,"P"," ","0",0,"P"," ","0"
"1705","USC00359461",1993,1,"TMAX",72," "," ","0",44," "," ","0",44," "," ","0",72," "," ","0",39," "," ","0",39," "," ","0",17," "," ","0",17," "," ","0",39," "," ","0",11," "," ","0",22," "," ","0",56," "," ","0",22," "," ","0",22," "," ","0",50," "," ","0",33," "," ","0",100," "," ","0",39," "," ","0",72," "," ","0",117," "," ","0",111," "," ","0",67," "," ","0",78," "," ","0",67," "," ","0",111," "," ","0",128," "," ","0",117," "," ","0",117," "," ","0",139," "," ","0",122," "," ","0",117," "," ","0"
"1706","USC00359461",1993,1,"TMIN",0," "," ","0",-6," "," ","0",-28," "," ","0",-6," "," ","0",-11," "," ","0",-33," "," ","0",-44," "," ","0",-39," "," ","0",-17," "," ","0",-50," "," ","0",-6," "," ","0",-11," "," ","0",-6," "," ","0",-44," "," ","0",-33," "," ","0",-33," "," ","0",-33," "," ","0",-28," "," ","0",-33," "," ","0",28," "," ","0",28," "," ","0",28," "," ","0",-11," "," ","0",-11," "," ","0",44," ","I","0",17," "," ","0",-11," "," ","0",-11," "," ","0",-28," "," ","0",-39," "," ","0",-56," "," ","0"
"1707","USC00359461",1993,1,"TOBS",6," "," ","0",0," "," ","0",-6," "," ","0",6," "," ","0",0," "," ","0",-28," "," ","0",0," "," ","0",-11," "," ","0",0," "," ","0",0," "," ","0",0," "," ","0",0," "," ","0",-11," "," ","0",17," "," ","0",11," "," ","0",28," "," ","0",22," "," ","0",11," "," ","0",72," "," ","0",111," "," ","0",28," "," ","0",44," "," ","0",-11," "," ","0",44," "," ","0",22," ","I","0",28," "," ","0",-11," "," ","0",17," "," ","0",-11," "," ","0",-28," "," ","0",-56," "," ","0"
"1708","USC00359461",1993,1,"PRCP",28," "," ","0",0," "," ","0",3," "," ","0",137," "," ","0",191," "," ","0",3," "," ","0",0," "," ","0",94," "," ","0",69," "," ","0",0," "," ","0",5," "," ","0",8," "," ","0",0," "," ","0",71," "," ","0",5," "," ","0",8," "," ","0",3," "," ","0",0," "," ","0",5," "," ","0",396," "," ","0",94," "," ","0",185," "," ","0",0," "," ","0",13," "," ","0",3," "," ","0",0," "," ","0",0," "," ","0",5," "," ","0",3," "," ","0",0," "," ","0",0," "," ","0"
"1709","USC00359461",1993,2,"TMAX",122," "," ","0",106," "," ","0",156," "," ","0",111," "," ","0",117," "," ","0",111," "," ","0",128," "," ","0",78," "," ","0",100," "," ","0",128," "," ","0",72," "," ","0",106," "," ","0",100," "," ","0",94," "," ","0",94," "," ","0",89," "," ","0",61," "," ","0",61," "," ","0",39," "," ","0",17," "," ","0",39," "," ","0",56," "," ","0",89," "," ","0",56," "," ","0",67," "," ","0",83," "," ","0",106," "," ","0",122," "," ","0",NA," "," "," ",NA," "," "," ",NA," "," "," "
"1710","USC00359461",1993,2,"TMIN",-67," "," ","0",-67," "," ","0",-28," "," ","0",-39," "," ","0",-50," "," ","0",-44," "," ","0",-44," "," ","0",-44," "," ","0",0," "," ","0",-33," "," ","0",-39," "," ","0",-33," "," ","0",-61," "," ","0",39," ","I","0",28," "," ","0",-39," "," ","0",0," ","I","0",0," "," ","0",0," "," ","0",-6," "," ","0",6," "," ","0",-6," "," ","0",22," "," ","0",0," "," ","0",-33," "," ","0",-39," "," ","0",-50," "," ","0",-50," "," ","0",NA," "," "," ",NA," "," "," ",NA," "," "," "
"1711","USC00359461",1993,2,"TOBS",-67," "," ","0",-28," "," ","0",0," "," ","0",-39," "," ","0",6," "," ","0",0," "," ","0",-22," "," ","0",-6," "," ","0",67," "," ","0",39," "," ","0",44," "," ","0",56," "," ","0",22," ","I","0",56," "," ","0",39," "," ","0",-33," ","I","0",0," "," ","0",0," "," ","0",11," "," ","0",0," "," ","0",11," "," ","0",22," "," ","0",22," "," ","0",0," "," ","0",-28," "," ","0",-39," "," ","0",-50," "," ","0",-39," ","I","0",NA," "," "," ",NA," "," "," ",NA," "," "," "
"1712","USC00359461",1993,2,"PRCP",0," "," ","0",0," "," ","0",13," "," ","0",3," "," ","0",5," "," ","0",10," "," ","0",0,"T"," ","0",5," "," ","0",13," "," ","0",3," "," ","0",38," "," ","0",84," "," ","0",5," "," ","0",0," "," ","0",0," "," ","0",0," "," ","0",0," "," ","0",3," "," ","0",155," "," ","0",224," "," ","0",180," "," ","0",112," "," ","0",23," "," ","0",5," "," ","0",0," "," ","0",0," "," ","0",0," "," ","0",0," "," ","0",NA," "," "," ",NA," "," "," ",NA," "," "," "
"1713","USC00359461",1993,3,"TMAX",167," "," ","0",89," "," ","0",144," "," ","0",144," "," ","0",139," "," ","0",189," "," ","0",189," "," ","0",200," "," ","0",150," "," ","0",128," "," ","0",150," "," ","0",172," "," ","0",172," "," ","0",156," "," ","0",150," "," ","0",161," "," ","0",128," "," ","0",150," "," ","0",156," "," ","0",167," "," ","0",161," "," ","0",183," "," ","0",139," "," ","0",133," "," ","0",139," "," ","0",139," "," ","0",139," "," ","0",161," "," ","0",144," "," ","0",156," "," ","0",172," "," ","0"
"1714","USC00359461",1993,3,"TMIN",6," ","I","0",44," ","I","0",67," ","I","0",83," ","I","0",61," "," ","0",72," ","I","0",67," "," ","0",83," ","I","0",72," "," ","0",94," ","I","0",33," "," ","0",33," "," ","0",22," "," ","0",28," "," ","0",61," "," ","0",94," ","I","0",94," "," ","0",106," "," ","0",83," "," ","0",89," "," ","0",39," "," ","0",44," "," ","0",83," "," ","0",61," "," ","0",28," "," ","0",39," "," ","0",39," "," ","0",28," "," ","0",28," "," ","0",61," "," ","0",83," "," ","0"
"1715","USC00359461",1993,3,"TOBS",28," ","I","0",50," ","I","0",67," "," ","0",61," "," ","0",61," ","I","0",78," "," ","0",61," ","I","0",89," "," ","0",78," ","I","0",94," "," ","0",67," "," ","0",78," "," ","0",61," "," ","0",100," "," ","0",83," ","I","0",100," "," ","0",106," "," ","0",106," "," ","0",89," "," ","0",89," "," ","0",50," "," ","0",89," "," ","0",100," "," ","0",67," "," ","0",44," "," ","0",50," "," ","0",56," "," ","0",28," "," ","0",61," "," ","0",83," "," ","0",89," "," ","0"
"1716","USC00359461",1993,3,"PRCP",0," "," ","0",46," "," ","0",33," "," ","0",23," "," ","0",3," "," ","0",0," "," ","0",0,"T"," ","0",0," "," ","0",0," "," ","0",41," "," ","0",66," "," ","0",0," "," ","0",0," "," ","0",3," "," ","0",89," "," ","0",107," "," ","0",168," "," ","0",66," "," ","0",0,"T"," ","0",46," "," ","0",0," "," ","0",0," "," ","0",130," "," ","0",18," "," ","0",0,"T"," ","0",0," "," ","0",0," "," ","0",0," "," ","0",0," "," ","0",23," "," ","0",8," "," ","0"
"1717","USC00359461",1993,3,"SNOW",0,"P"," ","0",0,"P"," ","0",0,"P"," ","0",0,"P"," ","0",0,"P"," ","0",0,"P"," ","0",0,"P"," ","0",0,"P"," ","0",0,"P"," ","0",0,"P"," ","0",0,"P"," ","0",0,"P"," ","0",0,"P"," ","0",0,"P"," ","0",0,"P"," ","0",0,"P"," ","0",0,"P"," ","0",0,"P"," ","0",0,"P"," ","0",0,"P"," ","0",0,"P"," ","0",0,"P"," ","0",0,"P"," ","0",0,"P"," ","0",0,"P"," ","0",0,"P"," ","0",0,"P"," ","0",0,"P"," ","0",0,"P"," ","0",0,"P"," ","0",0,"P"," ","0"
"1718","USC00359461",1993,3,"SNWD",0," "," ","0",0,"P"," ","0",0,"P"," ","0",0,"P"," ","0",0,"P"," ","0",0,"P"," ","0",0,"P"," ","0",0,"P"," ","0",0,"P"," ","0",0,"P"," ","0",0,"P"," ","0",0,"P"," ","0",0,"P"," ","0",0,"P"," ","0",0,"P"," ","0",0,"P"," ","0",0,"P"," ","0",0,"P"," ","0",0,"P"," ","0",0,"P"," ","0",0,"P"," ","0",0,"P"," ","0",0,"P"," ","0",0,"P"," ","0",0,"P"," ","0",0,"P"," ","0",0,"P"," ","0",0,"P"," ","0",0,"P"," ","0",0,"P"," ","0",0,"P"," ","0"
"1719","USC00359461",1993,4,"TMAX",161," "," ","0",117," "," ","0",161," "," ","0",133," "," ","0",100," "," ","0",150," "," ","0",144," "," ","0",228," "," ","0",156," "," ","0",144," "," ","0",111," "," ","0",117," "," ","0",156," "," ","0",128," "," ","0",178," "," ","0",144," "," ","0",156," "," ","0",128," "," ","0",122," "," ","0",194," "," ","0",178," "," ","0",178," "," ","0",122," "," ","0",139," "," ","0",167," "," ","0",133," "," ","0",150," "," ","0",172," "," ","0",183," "," ","0",194," "," ","0",NA," "," "," "
"1720","USC00359461",1993,4,"TMIN",67," "," ","0",83," "," ","0",83," "," ","0",61," "," ","0",44," "," ","0",44," "," ","0",83," "," ","0",83," "," ","0",72," "," ","0",67," "," ","0",50," "," ","0",33," "," ","0",50," "," ","0",50," "," ","0",56," "," ","0",61," "," ","0",72," "," ","0",56," "," ","0",33," "," ","0",33," "," ","0",67," "," ","0",72," "," ","0",72," "," ","0",78," "," ","0",83," "," ","0",50," "," ","0",44," "," ","0",44," "," ","0",56," "," ","0",94," "," ","0",NA," "," "," "
"1721","USC00359461",1993,4,"TOBS",94," "," ","0",83," "," ","0",106," "," ","0",67," "," ","0",50," "," ","0",89," "," ","0",89," "," ","0",100," "," ","0",72," "," ","0",67," "," ","0",50," "," ","0",44," "," ","0",72," "," ","0",56," "," ","0",56," "," ","0",72," "," ","0",83," "," ","0",61," "," ","0",33," "," ","0",61," "," ","0",67," "," ","0",78," "," ","0",78," "," ","0",89," "," ","0",111," "," ","0",72," "," ","0",50," "," ","0",56," "," ","0",117," "," ","0",94," "," ","0",NA," "," "," "
"1722","USC00359461",1993,4,"PRCP",99," "," ","0",86," "," ","0",183," "," ","0",241," "," ","0",91," "," ","0",0," "," ","0",0," "," ","0",36," "," ","0",119," "," ","0",79," "," ","0",109," "," ","0",10," "," ","0",13," "," ","0",38," "," ","0",38," "," ","0",13," "," ","0",30," "," ","0",178," "," ","0",51," "," ","0",0," "," ","0",8," "," ","0",5," "," ","0",38," "," ","0",41," "," ","0",18," "," ","0",64," "," ","0",46," "," ","0",3," "," ","0",15," "," ","0",3," "," ","0",NA," "," "," "
"1723","USC00359461",1993,4,"SNOW",0,"P"," ","0",0,"P"," ","0",0,"P"," ","0",0,"P"," ","0",0,"P"," ","0",0,"P"," ","0",0,"P"," ","0",0,"P"," ","0",0,"P"," ","0",0,"P"," ","0",0,"P"," ","0",0,"P"," ","0",0,"P"," ","0",0,"P"," ","0",0,"P"," ","0",0,"P"," ","0",0,"P"," ","0",0,"P"," ","0",0,"P"," ","0",0,"P"," ","0",0,"P"," ","0",0,"P"," ","0",0,"P"," ","0",0,"P"," ","0",0,"P"," ","0",0,"P"," ","0",0,"P"," ","0",0,"P"," ","0",0,"P"," ","0",0,"P"," ","0",NA," "," "," "
"1724","USC00359461",1993,4,"SNWD",0," "," ","0",0,"P"," ","0",0,"P"," ","0",0,"P"," ","0",0,"P"," ","0",0,"P"," ","0",0,"P"," ","0",0,"P"," ","0",0,"P"," ","0",0,"P"," ","0",0,"P"," ","0",0,"P"," ","0",0,"P"," ","0",0,"P"," ","0",0,"P"," ","0",0,"P"," ","0",0,"P"," ","0",0,"P"," ","0",0,"P"," ","0",0,"P"," ","0",0,"P"," ","0",0,"P"," ","0",0,"P"," ","0",0,"P"," ","0",0,"P"," ","0",0,"P"," ","0",0,"P"," ","0",0,"P"," ","0",0,"P"," ","0",0,"P"," ","0",NA," "," "," "
"1725","USC00359461",1993,5,"TMAX",183," "," ","0",189," "," ","0",211," "," ","0",144," "," ","0",172," "," ","0",211," "," ","0",172," "," ","0",144," "," ","0",183," "," ","0",267," "," ","0",261," "," ","0",167," "," ","0",167," "," ","0",206," "," ","0",200," "," ","0",239," "," ","0",250," "," ","0",289," "," ","0",272," "," ","0",244," "," ","0",222," "," ","0",172," "," ","0",222," "," ","0",272," "," ","0",250," "," ","0",183," "," ","0",228," "," ","0",206," "," ","0",178," "," ","0",239," "," ","0",194," "," ","0"
"1726","USC00359461",1993,5,"TMIN",67," "," ","0",72," "," ","0",111," "," ","0",72," "," ","0",67," "," ","0",78," "," ","0",56," "," ","0",67," "," ","0",56," "," ","0",56," "," ","0",72," "," ","0",72," "," ","0",78," "," ","0",72," "," ","0",94," "," ","0",78," "," ","0",78," "," ","0",106," "," ","0",106," "," ","0",117," "," ","0",117," "," ","0",72," "," ","0",78," "," ","0",83," "," ","0",111," "," ","0",100," "," ","0",106," "," ","0",122," "," ","0",111," "," ","0",111," "," ","0",128," "," ","0"
"1727","USC00359461",1993,5,"TOBS",72," "," ","0",117," "," ","0",117," "," ","0",83," "," ","0",78," "," ","0",106," "," ","0",67," "," ","0",83," "," ","0",56," "," ","0",100," "," ","0",72," "," ","0",111," "," ","0",83," "," ","0",100," "," ","0",133," "," ","0",83," "," ","0",106," "," ","0",111," "," ","0",144," "," ","0",122," "," ","0",128," "," ","0",83," "," ","0",89," "," ","0",111," "," ","0",139," "," ","0",106," "," ","0",128," "," ","0",122," "," ","0",117," "," ","0",150," "," ","0",128," "," ","0"
"1728","USC00359461",1993,5,"PRCP",0," "," ","0",3," "," ","0",97," "," ","0",165," "," ","0",0," "," ","0",46," "," ","0",13," "," ","0",38," "," ","0",10," "," ","0",0," "," ","0",0," "," ","0",0," "," ","0",38," "," ","0",0," "," ","0",0," "," ","0",0," "," ","0",0," "," ","0",0," "," ","0",0," "," ","0",64," "," ","0",0," "," ","0",13," "," ","0",0," "," ","0",0," "," ","0",43," "," ","0",13," "," ","0",38," "," ","0",84," "," ","0",74," "," ","0",46," "," ","0",328," "," ","0"
"1729","USC00359461",1993,5,"SNOW",0,"P"," ","0",0,"P"," ","0",0,"P"," ","0",0,"P"," ","0",0,"P"," ","0",0,"P"," ","0",0,"P"," ","0",0,"P"," ","0",0,"P"," ","0",0,"P"," ","0",0,"P"," ","0",0,"P"," ","0",0,"P"," ","0",0,"P"," ","0",0,"P"," ","0",0,"P"," ","0",0,"P"," ","0",0,"P"," ","0",0,"P"," ","0",0,"P"," ","0",0,"P"," ","0",0,"P"," ","0",0,"P"," ","0",0,"P"," ","0",0,"P"," ","0",0,"P"," ","0",0,"P"," ","0",0,"P"," ","0",0,"P"," ","0",0,"P"," ","0",0,"P"," ","0"
"1730","USC00359461",1993,5,"SNWD",0," "," ","0",0,"P"," ","0",0,"P"," ","0",0,"P"," ","0",0,"P"," ","0",0,"P"," ","0",0,"P"," ","0",0,"P"," ","0",0,"P"," ","0",0,"P"," ","0",0,"P"," ","0",0,"P"," ","0",0,"P"," ","0",0,"P"," ","0",0,"P"," ","0",0,"P"," ","0",0,"P"," ","0",0,"P"," ","0",0,"P"," ","0",0,"P"," ","0",0,"P"," ","0",0,"P"," ","0",0,"P"," ","0",0,"P"," ","0",0,"P"," ","0",0,"P"," ","0",0,"P"," ","0",0,"P"," ","0",0,"P"," ","0",0,"P"," ","0",0,"P"," ","0"
"1731","USC00359461",1993,6,"TMAX",194," "," ","0",183," "," ","0",183," "," ","0",206," "," ","0",200," "," ","0",178," "," ","0",161," "," ","0",194," "," ","0",239," "," ","0",211," "," ","0",189," "," ","0",167," "," ","0",222," "," ","0",256," "," ","0",261," "," ","0",194," "," ","0",233," "," ","0",272," "," ","0",300," "," ","0",228," "," ","0",261," "," ","0",161," "," ","0",189," "," ","0",233," "," ","0",278," "," ","0",306," "," ","0",261," "," ","0",194," "," ","0",217," "," ","0",239," "," ","0",NA," "," "," "
"1732","USC00359461",1993,6,"TMIN",117," "," ","0",106," "," ","0",83," "," ","0",78," "," ","0",111," "," ","0",111," "," ","0",111," "," ","0",100," "," ","0",100," "," ","0",106," "," ","0",100," "," ","0",56," "," ","0",56," "," ","0",94," "," ","0",128," "," ","0",122," "," ","0",117," "," ","0",117," "," ","0",139," "," ","0",122," "," ","0",133," "," ","0",89," "," ","0",61," "," ","0",61," "," ","0",83," "," ","0",144," "," ","0",133," "," ","0",100," "," ","0",94," "," ","0",111," "," ","0",NA," "," "," "
"1733","USC00359461",1993,6,"TOBS",122," "," ","0",117," "," ","0",83," "," ","0",117," "," ","0",111," "," ","0",122," "," ","0",117," "," ","0",100," "," ","0",111," "," ","0",111," "," ","0",111," "," ","0",56," "," ","0",100," "," ","0",133," "," ","0",139," "," ","0",133," "," ","0",117," "," ","0",139," "," ","0",150," "," ","0",139," "," ","0",144," "," ","0",100," "," ","0",61," "," ","0",89," "," ","0",156," "," ","0",150," "," ","0",133," "," ","0",117," "," ","0",117," "," ","0",128," "," ","0",NA," "," "," "
"1734","USC00359461",1993,6,"PRCP",155," "," ","0",48," "," ","0",99," "," ","0",51," "," ","0",91," "," ","0",51," "," ","0",3," "," ","0",13," "," ","0",0," "," ","0",10," "," ","0",13," "," ","0",58," "," ","0",0," "," ","0",0," "," ","0",0," "," ","0",0," "," ","0",0," "," ","0",0," "," ","0",0," "," ","0",0," "," ","0",0," "," ","0",23," "," ","0",20," "," ","0",0," "," ","0",0," "," ","0",0," "," ","0",0," "," ","0",0," "," ","0",0," "," ","0",0," "," ","0",NA," "," "," "
"1735","USC00359461",1993,6,"SNOW",0,"P"," ","0",0,"P"," ","0",0,"P"," ","0",0,"P"," ","0",0,"P"," ","0",0,"P"," ","0",0,"P"," ","0",0,"P"," ","0",0,"P"," ","0",0,"P"," ","0",0,"P"," ","0",0,"P"," ","0",0,"P"," ","0",0,"P"," ","0",0,"P"," ","0",0,"P"," ","0",0,"P"," ","0",0,"P"," ","0",0,"P"," ","0",0,"P"," ","0",0,"P"," ","0",0,"P"," ","0",0,"P"," ","0",0,"P"," ","0",0,"P"," ","0",0,"P"," ","0",0,"P"," ","0",0,"P"," ","0",0,"P"," ","0",0,"P"," ","0",NA," "," "," "
"1736","USC00359461",1993,6,"SNWD",0," "," ","0",0,"P"," ","0",0,"P"," ","0",0,"P"," ","0",0,"P"," ","0",0,"P"," ","0",0,"P"," ","0",0,"P"," ","0",0,"P"," ","0",0,"P"," ","0",0,"P"," ","0",0,"P"," ","0",0,"P"," ","0",0,"P"," ","0",0,"P"," ","0",0,"P"," ","0",0,"P"," ","0",0,"P"," ","0",0,"P"," ","0",0,"P"," ","0",0,"P"," ","0",0,"P"," ","0",0,"P"," ","0",0,"P"," ","0",0,"P"," ","0",0,"P"," ","0",0,"P"," ","0",0,"P"," ","0",0,"P"," ","0",0,"P"," ","0",NA," "," "," "
"1737","USC00359461",1993,6,"EVAP",NA," "," "," ",NA," "," "," ",NA," "," "," ",NA," "," "," ",NA," "," "," ",NA," "," "," ",10," "," ","0",20," "," ","0",38," "," ","0",15," "," ","0",20," "," ","0",53," "," ","0",25," "," ","0",38," "," ","0",53," "," ","0",38," "," ","0",51," "," ","0",56," "," ","0",58," "," ","0",25," "," ","0",36," "," ","0",NA," "," "," ",NA," "," "," ",36," "," ","0",51," "," ","0",53," "," ","0",61," "," ","0",25," "," ","0",46," "," ","0",36," "," ","0",NA," "," "," "
"1738","USC00359461",1993,7,"TMAX",267," "," ","0",228," "," ","0",222," "," ","0",244," "," ","0",250," "," ","0",256," "," ","0",250," "," ","0",239," "," ","0",278," "," ","0",250," "," ","0",261," "," ","0",217," "," ","0",222," "," ","0",222," "," ","0",211," "," ","0",239," "," ","0",233," "," ","0",233," "," ","0",256," "," ","0",211," "," ","0",222," "," ","0",233," "," ","0",194," "," ","0",217," "," ","0",222," "," ","0",217," "," ","0",256," "," ","0",294," "," ","0",211," "," ","0",244," "," ","0",272," "," ","0"
"1739","USC00359461",1993,7,"TMIN",122," "," ","0",144," "," ","0",122," "," ","0",106," "," ","0",117," "," ","0",122," "," ","0",111," "," ","0",117," "," ","0",111," "," ","0",106," "," ","0",117," "," ","0",94," "," ","0",106," "," ","0",133," "," ","0",133," "," ","0",133," "," ","0",144," "," ","0",106," "," ","0",111," "," ","0",144," "," ","0",122," "," ","0",117," "," ","0",144," "," ","0",111," "," ","0",122," "," ","0",117," "," ","0",117," "," ","0",122," "," ","0",94," "," ","0",94," "," ","0",94," "," ","0"
"1740","USC00359461",1993,7,"TOBS",139," "," ","0",144," "," ","0",128," "," ","0",122," "," ","0",133," "," ","0",122," "," ","0",122," "," ","0",117," "," ","0",117," "," ","0",117," "," ","0",150," "," ","0",100," "," ","0",133," "," ","0",144," "," ","0",139," "," ","0",144," "," ","0",150," "," ","0",111," "," ","0",144," "," ","0",144," "," ","0",128," "," ","0",161," "," ","0",144," "," ","0",117," "," ","0",139," "," ","0",122," "," ","0",128," "," ","0",150," "," ","0",100," "," ","0",94," "," ","0",111," "," ","0"
"1741","USC00359461",1993,7,"PRCP",0," "," ","0",0," "," ","0",8," "," ","0",0," "," ","0",0," "," ","0",0," "," ","0",0," "," ","0",0," "," ","0",0," "," ","0",0," "," ","0",0," "," ","0",0," "," ","0",0," "," ","0",0," "," ","0",0," "," ","0",0," "," ","0",0," "," ","0",0," "," ","0",0," "," ","0",3," "," ","0",3," "," ","0",127," "," ","0",165," "," ","0",0," "," ","0",0," "," ","0",0," "," ","0",0," "," ","0",0," "," ","0",0,"T"," ","0",0,"P"," ","0",0," "," ","0"
"1742","USC00359461",1993,7,"SNOW",0,"P"," ","0",0,"P"," ","0",0,"P"," ","0",0,"P"," ","0",0,"P"," ","0",0,"P"," ","0",0,"P"," ","0",0,"P"," ","0",0,"P"," ","0",0,"P"," ","0",0,"P"," ","0",0,"P"," ","0",0,"P"," ","0",0,"P"," ","0",0,"P"," ","0",0,"P"," ","0",0,"P"," ","0",0,"P"," ","0",0,"P"," ","0",0,"P"," ","0",0,"P"," ","0",0,"P"," ","0",0,"P"," ","0",0,"P"," ","0",0,"P"," ","0",0,"P"," ","0",0,"P"," ","0",0,"P"," ","0",0,"P"," ","0",0,"P"," ","0",0,"P"," ","0"
"1743","USC00359461",1993,7,"SNWD",0," "," ","0",0,"P"," ","0",0,"P"," ","0",0,"P"," ","0",0,"P"," ","0",0,"P"," ","0",0,"P"," ","0",0,"P"," ","0",0,"P"," ","0",0,"P"," ","0",0,"P"," ","0",0,"P"," ","0",0,"P"," ","0",0,"P"," ","0",0,"P"," ","0",0,"P"," ","0",0,"P"," ","0",0,"P"," ","0",0,"P"," ","0",0,"P"," ","0",0,"P"," ","0",0,"P"," ","0",0,"P"," ","0",0,"P"," ","0",0,"P"," ","0",0,"P"," ","0",0,"P"," ","0",0,"P"," ","0",0,"P"," ","0",0,"P"," ","0",0,"P"," ","0"
"1744","USC00359461",1993,7,"EVAP",48," "," ","0",38," "," ","0",18," "," ","0",38," "," ","0",69," "," ","0",51," "," ","0",53," "," ","0",46," "," ","0",51," "," ","0",53," "," ","0",46," "," ","0",46," "," ","0",43," "," ","0",38," "," ","0",38," "," ","0",41," "," ","0",41," "," ","0",43," "," ","0",48," "," ","0",36," "," ","0",20," "," ","0",28," "," ","0",3," "," ","0",23," "," ","0",66," "," ","0",15," "," ","0",69," "," ","0",51," "," ","0",38," "," ","0",25," "," ","0",61," "," ","0"
"1745","USC00359461",1993,7,"WDMV",NA," "," "," ",NA," "," "," ",NA," "," "," ",NA," "," "," ",NA," "," "," ",NA," "," "," ",NA," "," "," ",NA," "," "," ",NA," "," "," ",NA," "," "," ",NA," "," "," ",NA," "," "," ",NA," "," "," ",NA," "," "," ",NA," "," "," ",NA," "," "," ",NA," "," "," ",NA," "," "," ",NA," "," "," ",NA," "," "," ",NA," "," "," ",NA," "," "," ",NA," "," "," ",NA," "," "," ",NA," "," "," ",NA," "," "," ",NA," "," "," ",NA," "," "," ",NA," "," "," ",0," "," ","0",NA," "," "," "
"1746","USC00359461",1993,8,"TMAX",306," "," ","0",328," "," ","0",344," "," ","0",361," "," ","0",339," "," ","0",306," "," ","0",267," "," ","0",222," "," ","0",261," "," ","0",267," "," ","0",250," "," ","0",261," "," ","0",250," "," ","0",211," "," ","0",211," "," ","0",211," "," ","0",228," "," ","0",261," "," ","0",283," "," ","0",222," "," ","0",189," "," ","0",256," "," ","0",311," "," ","0",228," "," ","0",206," "," ","0",217," "," ","0",261," "," ","0",278," "," ","0",233," "," ","0",278," "," ","0",322," "," ","0"
"1747","USC00359461",1993,8,"TMIN",111," "," ","0",150," "," ","0",167," "," ","0",161," "," ","0",150," "," ","0",144," "," ","0",150," "," ","0",144," "," ","0",133," "," ","0",128," "," ","0",144," "," ","0",117," "," ","0",122," "," ","0",122," "," ","0",128," "," ","0",133," "," ","0",117," "," ","0",122," "," ","0",122," "," ","0",161," "," ","0",144," "," ","0",117," "," ","0",111," "," ","0",94," "," ","0",94," "," ","0",78," "," ","0",78," "," ","0",100," "," ","0",100," "," ","0",94," "," ","0",100," "," ","0"
"1748","USC00359461",1993,8,"TOBS",150," "," ","0",167," "," ","0",172," "," ","0",156," "," ","0",150," "," ","0",150," "," ","0",150," "," ","0",156," "," ","0",156," "," ","0",150," "," ","0",150," "," ","0",122," "," ","0",150," "," ","0",128," "," ","0",150," "," ","0",144," "," ","0",122," "," ","0",122," "," ","0",161," "," ","0",161," "," ","0",150," "," ","0",117," "," ","0",167," "," ","0",100," "," ","0",100," "," ","0",78," "," ","0",100," "," ","0",128," "," ","0",100," "," ","0",100," "," ","0",117," "," ","0"
"1749","USC00359461",1993,8,"PRCP",0," "," ","0",0," "," ","0",0," "," ","0",0," "," ","0",0," "," ","0",0," "," ","0",0,"T"," ","0",0," "," ","0",0," "," ","0",0," "," ","0",0," "," ","0",0," "," ","0",0," "," ","0",0," "," ","0",36," "," ","0",18," "," ","0",0," "," ","0",0," "," ","0",170," "," ","0",41," "," ","0",20," "," ","0",0," "," ","0",0,"T"," ","0",3," "," ","0",0," "," ","0",0," "," ","0",0," "," ","0",0," "," ","0",0," "," ","0",0," "," ","0",0," "," ","0"
"1750","USC00359461",1993,8,"SNOW",0,"P"," ","0",0,"P"," ","0",0,"P"," ","0",0,"P"," ","0",0,"P"," ","0",0,"P"," ","0",0,"P"," ","0",0,"P"," ","0",0,"P"," ","0",0,"P"," ","0",0,"P"," ","0",0,"P"," ","0",0,"P"," ","0",0,"P"," ","0",0,"P"," ","0",0,"P"," ","0",0,"P"," ","0",0,"P"," ","0",0,"P"," ","0",0,"P"," ","0",0,"P"," ","0",0,"P"," ","0",0,"P"," ","0",0,"P"," ","0",0,"P"," ","0",0,"P"," ","0",0,"P"," ","0",0,"P"," ","0",0,"P"," ","0",0,"P"," ","0",0,"P"," ","0"
"1751","USC00359461",1993,8,"SNWD",0," "," ","0",0,"P"," ","0",0,"P"," ","0",0,"P"," ","0",0,"P"," ","0",0,"P"," ","0",0,"P"," ","0",0,"P"," ","0",0,"P"," ","0",0,"P"," ","0",0,"P"," ","0",0,"P"," ","0",0,"P"," ","0",0,"P"," ","0",0,"P"," ","0",0,"P"," ","0",0,"P"," ","0",0,"P"," ","0",0,"P"," ","0",0,"P"," ","0",0,"P"," ","0",0,"P"," ","0",0,"P"," ","0",0,"P"," ","0",0,"P"," ","0",0,"P"," ","0",0,"P"," ","0",0,"P"," ","0",0,"P"," ","0",0,"P"," ","0",0,"P"," ","0"
"1752","USC00359461",1993,8,"EVAP",38," "," ","0",71," "," ","0",76," "," ","0",58," "," ","0",48," "," ","0",51," "," ","0",8," "," ","0",38," "," ","0",51," "," ","0",38," "," ","0",48," "," ","0",58," "," ","0",43," "," ","0",25," "," ","0",5," "," ","0",23," "," ","0",23," "," ","0",30," "," ","0",53," "," ","0",5," "," ","0",10," "," ","0",23," "," ","0",46," "," ","0",30," "," ","0",46," "," ","0",46," "," ","0",76," "," ","0",53," "," ","0",38," "," ","0",56," "," ","0",38," "," ","0"
"1753","USC00359461",1993,9,"TMAX",328," "," ","0",294," "," ","0",322," "," ","0",317," "," ","0",283," "," ","0",228," "," ","0",267," "," ","0",306," "," ","0",333," "," ","0",344," "," ","0",311," "," ","0",222," "," ","0",222," "," ","0",261," "," ","0",261," "," ","0",233," "," ","0",233," "," ","0",233," "," ","0",194," "," ","0",178," "," ","0",183," "," ","0",250," "," ","0",239," "," ","0",261," "," ","0",278," "," ","0",267," "," ","0",322," "," ","0",300," "," ","0",272," "," ","0",294," "," ","0",NA," "," "," "
"1754","USC00359461",1993,9,"TMIN",117," "," ","0",100," "," ","0",111," "," ","0",122," "," ","0",122," "," ","0",144," "," ","0",150," "," ","0",150," "," ","0",150," "," ","0",144," "," ","0",139," "," ","0",117," "," ","0",78," "," ","0",72," "," ","0",89," "," ","0",89," "," ","0",89," "," ","0",100," "," ","0",94," "," ","0",44," "," ","0",39," "," ","0",39," "," ","0",39," "," ","0",44," "," ","0",44," "," ","0",61," "," ","0",78," "," ","0",94," "," ","0",94," "," ","0",94," "," ","0",NA," "," "," "
"1755","USC00359461",1993,9,"TOBS",111," "," ","0",111," "," ","0",122," "," ","0",128," "," ","0",144," "," ","0",156," "," ","0",156," "," ","0",150," "," ","0",150," "," ","0",156," "," ","0",144," "," ","0",117," "," ","0",78," "," ","0",89," "," ","0",133," "," ","0",94," "," ","0",100," "," ","0",122," "," ","0",106," "," ","0",50," "," ","0",44," "," ","0",39," "," ","0",50," "," ","0",44," "," ","0",61," "," ","0",78," "," ","0",94," "," ","0",94," "," ","0",100," "," ","0",94," "," ","0",NA," "," "," "
"1756","USC00359461",1993,9,"PRCP",0," "," ","0",0," "," ","0",0," "," ","0",0," "," ","0",0," "," ","0",0," "," ","0",0," "," ","0",0," "," ","0",0," "," ","0",0," "," ","0",0," "," ","0",0," "," ","0",0," "," ","0",0," "," ","0",0," "," ","0",0," "," ","0",0," "," ","0",0," "," ","0",0," "," ","0",0," "," ","0",0," "," ","0",0," "," ","0",0," "," ","0",0," "," ","0",0," "," ","0",0," "," ","0",0," "," ","0",0," "," ","0",0," "," ","0",0," "," ","0",NA," "," "," "
"1757","USC00359461",1993,9,"SNOW",0,"P"," ","0",0,"P"," ","0",0,"P"," ","0",0,"P"," ","0",0,"P"," ","0",0,"P"," ","0",0,"P"," ","0",0,"P"," ","0",0,"P"," ","0",0,"P"," ","0",0,"P"," ","0",0,"P"," ","0",0,"P"," ","0",0,"P"," ","0",0,"P"," ","0",0,"P"," ","0",0,"P"," ","0",0,"P"," ","0",0,"P"," ","0",0,"P"," ","0",0,"P"," ","0",0,"P"," ","0",0,"P"," ","0",0,"P"," ","0",0,"P"," ","0",0,"P"," ","0",0,"P"," ","0",0,"P"," ","0",0,"P"," ","0",0,"P"," ","0",NA," "," "," "
"1758","USC00359461",1993,9,"SNWD",0," "," ","0",0,"P"," ","0",0,"P"," ","0",0,"P"," ","0",0,"P"," ","0",0,"P"," ","0",0,"P"," ","0",0,"P"," ","0",0,"P"," ","0",0,"P"," ","0",0,"P"," ","0",0,"P"," ","0",0,"P"," ","0",0,"P"," ","0",0,"P"," ","0",0,"P"," ","0",0,"P"," ","0",0,"P"," ","0",0,"P"," ","0",0,"P"," ","0",0,"P"," ","0",0,"P"," ","0",0,"P"," ","0",0,"P"," ","0",0,"P"," ","0",0,"P"," ","0",0,"P"," ","0",0,"P"," ","0",0,"P"," ","0",0,"P"," ","0",NA," "," "," "
"1759","USC00359461",1993,9,"EVAP",46," "," ","0",36," "," ","0",38," "," ","0",46," "," ","0",36," "," ","0",23," "," ","0",28," "," ","0",43," "," ","0",58," "," ","0",51," "," ","0",46," "," ","0",41," "," ","0",53," "," ","0",43," "," ","0",33," "," ","0",15," "," ","0",38," "," ","0",41," "," ","0",36," "," ","0",15," "," ","0",38," "," ","0",25," "," ","0",38," "," ","0",61," "," ","0",38," "," ","0",38," "," ","0",30," "," ","0",38," "," ","0",38," "," ","0",23," "," ","0",NA," "," "," "
"1760","USC00359461",1993,10,"TMAX",300," "," ","0",294," "," ","0",294," "," ","0",289," "," ","0",211," "," ","0",222," "," ","0",144," "," ","0",189," "," ","0",206," "," ","0",222," "," ","0",239," "," ","0",183," "," ","0",206," "," ","0",217," "," ","0",183," "," ","0",172," "," ","0",150," "," ","0",161," "," ","0",144," "," ","0",172," "," ","0",167," "," ","0",200," "," ","0",206," "," ","0",194," "," ","0",167," "," ","0",161," "," ","0",172," "," ","0",194," "," ","0",206," "," ","0",206," "," ","0",217," "," ","0"
"1761","USC00359461",1993,10,"TMIN",94," "," ","0",83," "," ","0",83," "," ","0",89," "," ","0",117," "," ","0",94," "," ","0",100," "," ","0",44," "," ","0",44," "," ","0",44," "," ","0",128," "," ","0",139," "," ","0",122," "," ","0",117," "," ","0",133," "," ","0",94," "," ","0",94," "," ","0",50," "," ","0",50," "," ","0",56," "," ","0",61," "," ","0",61," "," ","0",50," "," ","0",50," "," ","0",72," "," ","0",50," "," ","0",44," "," ","0",44," "," ","0",44," "," ","0",50," "," ","0",89," ","I","0"
"1762","USC00359461",1993,10,"TOBS",100," "," ","0",83," "," ","0",89," "," ","0",117," "," ","0",117," "," ","0",100," "," ","0",111," "," ","0",44," "," ","0",50," "," ","0",128," "," ","0",139," "," ","0",144," "," ","0",122," "," ","0",133," "," ","0",133," "," ","0",106," "," ","0",94," "," ","0",50," "," ","0",56," "," ","0",67," "," ","0",94," "," ","0",72," "," ","0",50," "," ","0",122," "," ","0",83," "," ","0",61," "," ","0",44," "," ","0",56," "," ","0",50," "," ","0",56," ","I","0",100," "," ","0"
"1763","USC00359461",1993,10,"PRCP",0," "," ","0",0," "," ","0",0," "," ","0",0," "," ","0",0," "," ","0",0," "," ","0",13," "," ","0",0," "," ","0",0," "," ","0",5," "," ","0",5," "," ","0",41," "," ","0",0,"T"," ","0",38," "," ","0",48," "," ","0",23," "," ","0",5," "," ","0",0,"T"," ","0",0," "," ","0",0," "," ","0",0," "," ","0",0," "," ","0",0," "," ","0",5," "," ","0",0," "," ","0",0," "," ","0",0," "," ","0",0," "," ","0",0," "," ","0",0," "," ","0",3," "," ","0"
"1764","USC00359461",1993,10,"SNOW",0,"P"," ","0",0,"P"," ","0",0,"P"," ","0",0,"P"," ","0",0,"P"," ","0",0,"P"," ","0",0,"P"," ","0",0,"P"," ","0",0,"P"," ","0",0,"P"," ","0",0,"P"," ","0",0,"P"," ","0",0,"P"," ","0",0,"P"," ","0",0,"P"," ","0",0,"P"," ","0",0,"P"," ","0",0,"P"," ","0",0,"P"," ","0",0,"P"," ","0",0,"P"," ","0",0,"P"," ","0",0,"P"," ","0",0,"P"," ","0",0,"P"," ","0",0,"P"," ","0",0,"P"," ","0",0,"P"," ","0",0,"P"," ","0",0,"P"," ","0",0,"P"," ","0"
"1765","USC00359461",1993,10,"SNWD",0," "," ","0",0,"P"," ","0",0,"P"," ","0",0,"P"," ","0",0,"P"," ","0",0,"P"," ","0",0,"P"," ","0",0,"P"," ","0",0,"P"," ","0",0,"P"," ","0",0,"P"," ","0",0,"P"," ","0",0,"P"," ","0",0,"P"," ","0",0,"P"," ","0",0,"P"," ","0",0,"P"," ","0",0,"P"," ","0",0,"P"," ","0",0,"P"," ","0",0,"P"," ","0",0,"P"," ","0",0,"P"," ","0",0,"P"," ","0",0,"P"," ","0",0,"P"," ","0",0,"P"," ","0",0,"P"," ","0",0,"P"," ","0",0,"P"," ","0",0,"P"," ","0"
"1766","USC00359461",1993,11,"TMAX",161," "," ","0",139," "," ","0",161," "," ","0",106," "," ","0",128," "," ","0",133," "," ","0",117," "," ","0",78," "," ","0",44," "," ","0",83," "," ","0",122," "," ","0",78," "," ","0",117," "," ","0",106," "," ","0",72," "," ","0",100," "," ","0",111," "," ","0",89," "," ","0",94," "," ","0",72," "," ","0",89," "," ","0",56," "," ","0",44," "," ","0",56," "," ","0",6," "," ","0",6," "," ","0",44," "," ","0",78," "," ","0",83," "," ","0",106," "," ","0",NA," "," "," "
"1767","USC00359461",1993,11,"TMIN",33," "," ","0",6," "," ","0",11," "," ","0",44," "," ","0",6," "," ","0",0," "," ","0",-6," "," ","0",-6," "," ","0",6," "," ","0",17," "," ","0",6," "," ","0",17," "," ","0",11," "," ","0",-22," "," ","0",-28," "," ","0",-22," "," ","0",50," "," ","0",50," "," ","0",28," "," ","0",17," "," ","0",-11," "," ","0",-22," "," ","0",6," ","I","0",-33," "," ","0",-39," "," ","0",-28," "," ","0",-22," "," ","0",28," "," ","0",50," "," ","0",33," "," ","0",NA," "," "," "
"1768","USC00359461",1993,11,"TOBS",33," "," ","0",17," "," ","0",50," "," ","0",78," "," ","0",6," "," ","0",6," "," ","0",11," "," ","0",6," "," ","0",22," "," ","0",17," "," ","0",22," "," ","0",72," "," ","0",28," "," ","0",-22," "," ","0",-22," "," ","0",50," "," ","0",61," "," ","0",50," "," ","0",28," "," ","0",17," "," ","0",-11," "," ","0",-6," ","I","0",6," "," ","0",-33," "," ","0",-22," "," ","0",-22," "," ","0",33," "," ","0",50," "," ","0",72," "," ","0",33," "," ","0",NA," "," "," "
"1769","USC00359461",1993,11,"PRCP",5," "," ","0",0," "," ","0",0," "," ","0",15," "," ","0",0," "," ","0",0," "," ","0",0," "," ","0",0," "," ","0",0," "," ","0",0," "," ","0",0," "," ","0",25," "," ","0",0,"T"," ","0",0," "," ","0",0," "," ","0",0,"T"," ","0",10," "," ","0",38," "," ","0",0," "," ","0",0," "," ","0",0," "," ","0",58," "," ","0",119," "," ","0",0,"T"," ","0",0," "," ","0",0," "," ","0",30," "," ","0",13," "," ","0",56," "," ","0",38," "," ","0",NA," "," "," "
"1770","USC00359461",1993,11,"SNOW",0,"P"," ","0",0,"P"," ","0",0,"P"," ","0",0,"P"," ","0",0,"P"," ","0",0,"P"," ","0",0,"P"," ","0",0,"P"," ","0",0,"P"," ","0",0,"P"," ","0",0,"P"," ","0",0,"P"," ","0",0,"P"," ","0",0,"P"," ","0",0,"P"," ","0",0,"P"," ","0",0,"P"," ","0",0,"P"," ","0",0,"P"," ","0",0,"P"," ","0",0,"P"," ","0",0,"P"," ","0",0,"P"," ","0",0,"P"," ","0",0,"P"," ","0",0,"P"," ","0",0,"P"," ","0",0,"P"," ","0",0,"P"," ","0",0,"P"," ","0",NA," "," "," "
"1771","USC00359461",1993,11,"SNWD",0," "," ","0",0,"P"," ","0",0,"P"," ","0",0,"P"," ","0",0,"P"," ","0",0,"P"," ","0",0,"P"," ","0",0,"P"," ","0",0,"P"," ","0",0,"P"," ","0",0,"P"," ","0",0,"P"," ","0",0,"P"," ","0",0,"P"," ","0",0,"P"," ","0",0,"P"," ","0",0,"P"," ","0",0,"P"," ","0",0,"P"," ","0",0,"P"," ","0",0,"P"," ","0",0,"P"," ","0",0,"P"," ","0",0,"P"," ","0",0,"P"," ","0",0,"P"," ","0",0,"P"," ","0",0,"P"," ","0",0,"P"," ","0",0,"P"," ","0",NA," "," "," "
"1772","USC00359461",1993,12,"TMAX",111," "," ","0",133," "," ","0",100," "," ","0",106," "," ","0",61," "," ","0",56," "," ","0",117," "," ","0",94," "," ","0",117," "," ","0",189," "," ","0",139," "," ","0",78," "," ","0",72," "," ","0",139," "," ","0",100," "," ","0",72," "," ","0",28," "," ","0",22," "," ","0",22," "," ","0",22," "," ","0",22," "," ","0",11," "," ","0",17," "," ","0",28," "," ","0",22," "," ","0",11," "," ","0",50," "," ","0",94," "," ","0",94," "," ","0",78," "," ","0",100," "," ","0"
"1773","USC00359461",1993,12,"TMIN",28," "," ","0",44," "," ","0",44," "," ","0",39," "," ","0",22," "," ","0",17," "," ","0",28," "," ","0",72," "," ","0",56," "," ","0",106," "," ","0",72," "," ","0",17," "," ","0",17," "," ","0",22," "," ","0",28," "," ","0",6," "," ","0",6," "," ","0",0," "," ","0",0," "," ","0",0," "," ","0",0," "," ","0",0," "," ","0",-6," "," ","0",-22," "," ","0",-22," "," ","0",-22," "," ","0",-6," "," ","0",0," "," ","0",6," "," ","0",11," "," ","0",33," "," ","0"
"1774","USC00359461",1993,12,"TOBS",111," "," ","0",50," "," ","0",44," "," ","0",56," "," ","0",28," "," ","0",28," "," ","0",89," "," ","0",83," "," ","0",111," "," ","0",139," "," ","0",72," "," ","0",22," "," ","0",44," "," ","0",28," "," ","0",56," "," ","0",11," "," ","0",6," "," ","0",6," "," ","0",6," "," ","0",0," "," ","0",0," "," ","0",0," "," ","0",-6," "," ","0",-17," "," ","0",-17," "," ","0",-6," "," ","0",0," "," ","0",17," "," ","0",11," "," ","0",39," "," ","0",39," "," ","0"
"1775","USC00359461",1993,12,"PRCP",5," "," ","0",152," "," ","0",3," "," ","0",107," "," ","0",18," "," ","0",3," "," ","0",30," "," ","0",366," "," ","0",168," "," ","0",20," "," ","0",366," "," ","0",74," "," ","0",0,"T"," ","0",18," "," ","0",23," "," ","0",5," "," ","0",0," "," ","0",0," "," ","0",0," "," ","0",0," "," ","0",0," "," ","0",0," "," ","0",0," "," ","0",0," "," ","0",0," "," ","0",0," "," ","0",0," "," ","0",0," "," ","0",0," "," ","0",0," "," ","0",28," "," ","0"
"1776","USC00359461",1993,12,"SNOW",0,"P"," ","0",0,"P"," ","0",0,"P"," ","0",0,"P"," ","0",0,"P"," ","0",0,"P"," ","0",0,"P"," ","0",0,"P"," ","0",0,"P"," ","0",0,"P"," ","0",0,"P"," ","0",0,"P"," ","0",0,"P"," ","0",0,"P"," ","0",0,"P"," ","0",0,"P"," ","0",0,"P"," ","0",0,"P"," ","0",0,"P"," ","0",0,"P"," ","0",0,"P"," ","0",0,"P"," ","0",0,"P"," ","0",0,"P"," ","0",0,"P"," ","0",0,"P"," ","0",0,"P"," ","0",0,"P"," ","0",0,"P"," ","0",0,"P"," ","0",0,"P"," ","0"
"1777","USC00359461",1993,12,"SNWD",0," "," ","0",0,"P"," ","0",0,"P"," ","0",0,"P"," ","0",0,"P"," ","0",0,"P"," ","0",0,"P"," ","0",0,"P"," ","0",0,"P"," ","0",0,"P"," ","0",0,"P"," ","0",0,"P"," ","0",0,"P"," ","0",0,"P"," ","0",0,"P"," ","0",0,"P"," ","0",0,"P"," ","0",0,"P"," ","0",0,"P"," ","0",0,"P"," ","0",0,"P"," ","0",0,"P"," ","0",0,"P"," ","0",0,"P"," ","0",0,"P"," ","0",0,"P"," ","0",0,"P"," ","0",0,"P"," ","0",0,"P"," ","0",0,"P"," ","0",0,"P"," ","0"
"1778","USC00359461",1994,1,"TMAX",122," "," ","0",139," "," ","0",100," "," ","0",139," "," ","0",128," "," ","0",89," "," ","0",78," "," ","0",106," "," ","0",94," "," ","0",111," "," ","0",100," "," ","0",122," "," ","0",117," "," ","0",78," "," ","0",61," "," ","0",111," "," ","0",50," "," ","0",50," "," ","0",72," "," ","0",67," "," ","0",89," "," ","0",117," "," ","0",111," "," ","0",150," "," ","0",111," "," ","0",122," "," ","0",100," "," ","0",50," "," ","0",106," "," ","0",89," "," ","0",89," "," ","0"
"1779","USC00359461",1994,1,"TMIN",44," "," ","0",44," "," ","0",61," "," ","0",78," "," ","0",61," "," ","0",39," "," ","0",0," "," ","0",6," "," ","0",67," "," ","0",44," "," ","0",33," "," ","0",33," "," ","0",22," "," ","0",17," "," ","0",28," "," ","0",33," "," ","0",6," "," ","0",6," "," ","0",0," "," ","0",0," "," ","0",0," "," ","0",44," "," ","0",72," "," ","0",67," "," ","0",50," "," ","0",11," "," ","0",11," "," ","0",28," "," ","0",-17," "," ","0",-17," "," ","0",-22," "," ","0"
"1780","USC00359461",1994,1,"TOBS",89," "," ","0",67," "," ","0",83," "," ","0",100," "," ","0",67," "," ","0",44," "," ","0",6," "," ","0",83," "," ","0",72," "," ","0",44," "," ","0",72," "," ","0",33," "," ","0",22," "," ","0",28," "," ","0",61," "," ","0",50," "," ","0",11," "," ","0",11," "," ","0",6," "," ","0",0," "," ","0",44," "," ","0",78," "," ","0",89," "," ","0",67," "," ","0",50," "," ","0",11," "," ","0",28," "," ","0",33," "," ","0",22," "," ","0",-11," "," ","0",-11," "," ","0"
"1781","USC00359461",1994,1,"PRCP",20," "," ","0",56," "," ","0",66," "," ","0",20," "," ","0",147," "," ","0",81," "," ","0",8," "," ","0",3," "," ","0",155," "," ","0",33," "," ","0",28," "," ","0",3," "," ","0",0," "," ","0",0," "," ","0",3," "," ","0",0," "," ","0",155," "," ","0",0," "," ","0",0," "," ","0",0," "," ","0",0," "," ","0",43," "," ","0",124," "," ","0",53," "," ","0",10," "," ","0",0," "," ","0",0," "," ","0",0," "," ","0",0," "," ","0",0," "," ","0",0," "," ","0"
"1782","USC00359461",1994,1,"SNOW",0,"P"," ","0",0,"P"," ","0",0,"P"," ","0",0,"P"," ","0",0,"P"," ","0",0,"P"," ","0",0,"P"," ","0",0,"P"," ","0",0,"P"," ","0",0,"P"," ","0",0,"P"," ","0",0,"P"," ","0",0,"P"," ","0",0,"P"," ","0",0,"P"," ","0",0,"P"," ","0",0,"P"," ","0",0,"P"," ","0",0,"P"," ","0",0,"P"," ","0",0,"P"," ","0",0,"P"," ","0",0,"P"," ","0",0,"P"," ","0",0,"P"," ","0",0,"P"," ","0",0,"P"," ","0",0,"P"," ","0",0,"P"," ","0",0,"P"," ","0",0,"P"," ","0"
"1783","USC00359461",1994,1,"SNWD",0," "," ","0",0,"P"," ","0",0,"P"," ","0",0,"P"," ","0",0,"P"," ","0",0,"P"," ","0",0,"P"," ","0",0,"P"," ","0",0,"P"," ","0",0,"P"," ","0",0,"P"," ","0",0,"P"," ","0",0,"P"," ","0",0,"P"," ","0",0,"P"," ","0",0,"P"," ","0",0,"P"," ","0",0,"P"," ","0",0,"P"," ","0",0,"P"," ","0",0,"P"," ","0",0,"P"," ","0",0,"P"," ","0",0,"P"," ","0",0,"P"," ","0",0,"P"," ","0",0,"P"," ","0",0,"P"," ","0",0,"P"," ","0",0,"P"," ","0",0,"P"," ","0"
"1784","USC00359461",1994,2,"TMAX",78," "," ","0",111," "," ","0",106," "," ","0",117," "," ","0",100," "," ","0",72," "," ","0",33," "," ","0",72," "," ","0",67," "," ","0",89," "," ","0",67," "," ","0",89," "," ","0",94," "," ","0",89," "," ","0",117," "," ","0",139," "," ","0",150," "," ","0",72," "," ","0",94," "," ","0",106," "," ","0",106," "," ","0",78," "," ","0",89," "," ","0",100," "," ","0",144," "," ","0",111," "," ","0",144," "," ","0",117," "," ","0",NA," "," "," ",NA," "," "," ",NA," "," "," "
"1785","USC00359461",1994,2,"TMIN",-33," "," ","0",-39," "," ","0",-44," "," ","0",-39," "," ","0",-39," "," ","0",-28," "," ","0",22," ","I","0",-28," "," ","0",-28," "," ","0",39," "," ","0",33," "," ","0",-6," "," ","0",83," ","I","0",33," "," ","0",28," "," ","0",33," "," ","0",61," ","I","0",28," "," ","0",11," "," ","0",11," "," ","0",22," "," ","0",22," "," ","0",33," "," ","0",67," "," ","0",67," "," ","0",72," "," ","0",78," "," ","0",72," "," ","0",NA," "," "," ",NA," "," "," ",NA," "," "," "
"1786","USC00359461",1994,2,"TOBS",-33," "," ","0",-28," "," ","0",-39," "," ","0",-33," "," ","0",-28," "," ","0",-17," ","I","0",33," "," ","0",-28," "," ","0",44," "," ","0",33," "," ","0",28," "," ","0",0," "," ","0",6," ","I","0",33," "," ","0",33," "," ","0",39," ","I","0",61," "," ","0",33," "," ","0",11," "," ","0",39," "," ","0",28," "," ","0",28," "," ","0",72," "," ","0",83," "," ","0",72," "," ","0",83," "," ","0",78," "," ","0",78," "," ","0",NA," "," "," ",NA," "," "," ",NA," "," "," "
"1787","USC00359461",1994,2,"PRCP",0," "," ","0",0," "," ","0",0," "," ","0",0," "," ","0",0," "," ","0",0," "," ","0",69," "," ","0",43," "," ","0",3," "," ","0",137," "," ","0",23," "," ","0",0,"T"," ","0",0," "," ","0",66," "," ","0",5," "," ","0",0," "," ","0",74," "," ","0",102," "," ","0",18," "," ","0",8," "," ","0",173," "," ","0",64," "," ","0",8," "," ","0",56," "," ","0",20," "," ","0",53," "," ","0",13," "," ","0",5," "," ","0",NA," "," "," ",NA," "," "," ",NA," "," "," "
"1788","USC00359461",1994,2,"SNOW",0,"P"," ","0",0,"P"," ","0",0,"P"," ","0",0,"P"," ","0",0,"P"," ","0",0,"P"," ","0",0,"P"," ","0",0,"P"," ","0",0,"P"," ","0",0,"P"," ","0",0,"P"," ","0",0,"P"," ","0",0,"P"," ","0",0,"P"," ","0",0,"P"," ","0",0,"P"," ","0",0,"P"," ","0",0,"P"," ","0",0,"P"," ","0",0,"P"," ","0",0,"P"," ","0",0,"P"," ","0",0,"P"," ","0",0,"P"," ","0",0,"P"," ","0",0,"P"," ","0",0,"P"," ","0",0,"P"," ","0",NA," "," "," ",NA," "," "," ",NA," "," "," "
"1789","USC00359461",1994,2,"SNWD",0," "," ","0",0,"P"," ","0",0,"P"," ","0",0,"P"," ","0",0,"P"," ","0",0,"P"," ","0",0,"P"," ","0",0,"P"," ","0",0,"P"," ","0",0,"P"," ","0",0,"P"," ","0",0,"P"," ","0",0,"P"," ","0",0,"P"," ","0",0,"P"," ","0",0,"P"," ","0",0,"P"," ","0",0,"P"," ","0",0,"P"," ","0",0,"P"," ","0",0,"P"," ","0",0,"P"," ","0",0,"P"," ","0",0,"P"," ","0",0,"P"," ","0",0,"P"," ","0",0,"P"," ","0",0,"P"," ","0",NA," "," "," ",NA," "," "," ",NA," "," "," "
"1790","USC00359461",1994,3,"TMAX",206," "," ","0",156," "," ","0",144," "," ","0",172," "," ","0",139," "," ","0",117," "," ","0",122," "," ","0",156," "," ","0",161," "," ","0",194," "," ","0",128," "," ","0",150," "," ","0",211," "," ","0",200," "," ","0",206," "," ","0",178," "," ","0",111," "," ","0",156," "," ","0",83," "," ","0",117," "," ","0",150," "," ","0",139," "," ","0",72," "," ","0",122," "," ","0",172," "," ","0",194," "," ","0",222," "," ","0",222," "," ","0",222," "," ","0",194," "," ","0",122," "," ","0"
"1791","USC00359461",1994,3,"TMIN",78," "," ","0",89," "," ","0",94," "," ","0",89," "," ","0",44," "," ","0",-6," "," ","0",-6," "," ","0",-6," "," ","0",17," "," ","0",50," "," ","0",33," "," ","0",6," "," ","0",33," ","I","0",33," "," ","0",28," "," ","0",28," "," ","0",44," "," ","0",50," "," ","0",22," "," ","0",17," "," ","0",28," "," ","0",-11," "," ","0",0," "," ","0",11," "," ","0",11," "," ","0",11," "," ","0",11," "," ","0",11," "," ","0",56," ","I","0",56," "," ","0",83," "," ","0"
"1792","USC00359461",1994,3,"TOBS",94," "," ","0",100," "," ","0",106," "," ","0",89," "," ","0",44," "," ","0",11," "," ","0",0," "," ","0",17," "," ","0",50," "," ","0",89," "," ","0",33," "," ","0",0," ","I","0",33," "," ","0",33," "," ","0",28," "," ","0",56," "," ","0",50," "," ","0",83," "," ","0",28," "," ","0",33," "," ","0",50," "," ","0",0," "," ","0",11," "," ","0",39," "," ","0",11," "," ","0",17," "," ","0",33," "," ","0",33," ","I","0",83," "," ","0",111," "," ","0",83," "," ","0"
"1793","USC00359461",1994,3,"PRCP",3," "," ","0",0," "," ","0",150," "," ","0",38," "," ","0",5," "," ","0",0," "," ","0",0," "," ","0",0," "," ","0",0," "," ","0",43," "," ","0",0," "," ","0",0," "," ","0",0," "," ","0",0," "," ","0",0," "," ","0",43," "," ","0",33," "," ","0",3," "," ","0",48," "," ","0",0," "," ","0",28," "," ","0",13," "," ","0",53," "," ","0",3," "," ","0",0," "," ","0",0," "," ","0",0," "," ","0",0," "," ","0",3," "," ","0",109," "," ","0",218," "," ","0"
"1794","USC00359461",1994,3,"SNOW",0,"P"," ","0",0,"P"," ","0",0,"P"," ","0",0,"P"," ","0",0,"P"," ","0",0,"P"," ","0",0,"P"," ","0",0,"P"," ","0",0,"P"," ","0",0,"P"," ","0",0,"P"," ","0",0,"P"," ","0",0,"P"," ","0",0,"P"," ","0",0,"P"," ","0",0,"P"," ","0",0,"P"," ","0",0,"P"," ","0",0,"P"," ","0",0,"P"," ","0",0,"P"," ","0",0,"P"," ","0",0,"P"," ","0",0,"P"," ","0",0,"P"," ","0",0,"P"," ","0",0,"P"," ","0",0,"P"," ","0",0,"P"," ","0",0,"P"," ","0",0,"P"," ","0"
"1795","USC00359461",1994,3,"SNWD",0," "," ","0",0,"P"," ","0",0,"P"," ","0",0,"P"," ","0",0,"P"," ","0",0,"P"," ","0",0,"P"," ","0",0,"P"," ","0",0,"P"," ","0",0,"P"," ","0",0,"P"," ","0",0,"P"," ","0",0,"P"," ","0",0,"P"," ","0",0,"P"," ","0",0,"P"," ","0",0,"P"," ","0",0,"P"," ","0",0,"P"," ","0",0,"P"," ","0",0,"P"," ","0",0,"P"," ","0",0,"P"," ","0",0,"P"," ","0",0,"P"," ","0",0,"P"," ","0",0,"P"," ","0",0,"P"," ","0",0,"P"," ","0",0,"P"," ","0",0,"P"," ","0"
"1796","USC00359461",1994,4,"TMAX",144," "," ","0",178," "," ","0",167," "," ","0",156," "," ","0",150," "," ","0",100," "," ","0",117," "," ","0",133," "," ","0",139," "," ","0",139," "," ","0",161," "," ","0",194," "," ","0",167," "," ","0",161," "," ","0",183," "," ","0",250," "," ","0",244," "," ","0",217," "," ","0",217," "," ","0",189," "," ","0",211," "," ","0",183," "," ","0",183," "," ","0",117," "," ","0",172," "," ","0",156," "," ","0",139," "," ","0",167," "," ","0",206," "," ","0",156," "," ","0",NA," "," "," "
"1797","USC00359461",1994,4,"TMIN",72," "," ","0",61," "," ","0",78," "," ","0",28," "," ","0",22," "," ","0",22," "," ","0",67," "," ","0",67," "," ","0",67," "," ","0",72," "," ","0",39," "," ","0",72," ","I","0",50," "," ","0",56," "," ","0",33," "," ","0",44," "," ","0",89," "," ","0",100," "," ","0",106," "," ","0",67," "," ","0",67," "," ","0",67," "," ","0",72," "," ","0",72," "," ","0",61," "," ","0",67," "," ","0",83," "," ","0",67," "," ","0",67," "," ","0",56," "," ","0",NA," "," "," "
"1798","USC00359461",1994,4,"TOBS",89," "," ","0",78," "," ","0",78," "," ","0",39," "," ","0",22," "," ","0",83," "," ","0",67," "," ","0",111," "," ","0",72," "," ","0",78," "," ","0",33," ","I","0",94," "," ","0",50," "," ","0",67," "," ","0",44," "," ","0",89," "," ","0",111," "," ","0",106," "," ","0",117," "," ","0",67," "," ","0",100," "," ","0",72," "," ","0",78," "," ","0",72," "," ","0",72," "," ","0",94," "," ","0",89," "," ","0",83," "," ","0",78," "," ","0",61," "," ","0",NA," "," "," "
"1799","USC00359461",1994,4,"PRCP",8," "," ","0",0," "," ","0",0," "," ","0",0," "," ","0",0," "," ","0",114," "," ","0",69," "," ","0",8," "," ","0",28," "," ","0",10," "," ","0",0,"T"," ","0",0,"T"," ","0",5," "," ","0",0," "," ","0",0," "," ","0",0," "," ","0",0," "," ","0",0," "," ","0",0," "," ","0",0," "," ","0",8," "," ","0",3," "," ","0",0," "," ","0",30," "," ","0",33," "," ","0",36," "," ","0",36," "," ","0",0," "," ","0",0," "," ","0",61," "," ","0",NA," "," "," "
"1800","USC00359461",1994,4,"SNOW",0,"P"," ","0",0,"P"," ","0",0,"P"," ","0",0,"P"," ","0",0,"P"," ","0",0,"P"," ","0",0,"P"," ","0",0,"P"," ","0",0,"P"," ","0",0,"P"," ","0",0,"P"," ","0",0,"P"," ","0",0,"P"," ","0",0,"P"," ","0",0,"P"," ","0",0,"P"," ","0",0,"P"," ","0",0,"P"," ","0",0,"P"," ","0",0,"P"," ","0",0,"P"," ","0",0,"P"," ","0",0,"P"," ","0",0,"P"," ","0",0,"P"," ","0",0,"P"," ","0",0,"P"," ","0",0,"P"," ","0",0,"P"," ","0",0,"P"," ","0",NA," "," "," "
"1801","USC00359461",1994,4,"SNWD",0," "," ","0",0,"P"," ","0",0,"P"," ","0",0,"P"," ","0",0,"P"," ","0",0,"P"," ","0",0,"P"," ","0",0,"P"," ","0",0,"P"," ","0",0,"P"," ","0",0,"P"," ","0",0,"P"," ","0",0,"P"," ","0",0,"P"," ","0",0,"P"," ","0",0,"P"," ","0",0,"P"," ","0",0,"P"," ","0",0,"P"," ","0",0,"P"," ","0",0,"P"," ","0",0,"P"," ","0",0,"P"," ","0",0,"P"," ","0",0,"P"," ","0",0,"P"," ","0",0,"P"," ","0",0,"P"," ","0",0,"P"," ","0",0,"P"," ","0",NA," "," "," "
"1802","USC00359461",1994,5,"TMAX",161," "," ","0",167," "," ","0",167," "," ","0",178," "," ","0",194," "," ","0",233," "," ","0",283," "," ","0",233," "," ","0",261," "," ","0",267," "," ","0",300," "," ","0",222," "," ","0",206," "," ","0",217," "," ","0",194," "," ","0",150," "," ","0",156," "," ","0",161," "," ","0",183," "," ","0",161," "," ","0",156," "," ","0",194," "," ","0",244," "," ","0",261," "," ","0",272," "," ","0",239," "," ","0",183," "," ","0",200," "," ","0",183," "," ","0",183," "," ","0",250," "," ","0"
"1803","USC00359461",1994,5,"TMIN",28," "," ","0",83," ","I","0",78," "," ","0",94," "," ","0",122," "," ","0",111," "," ","0",111," "," ","0",128," "," ","0",94," "," ","0",94," "," ","0",100," "," ","0",128," "," ","0",50," "," ","0",61," "," ","0",83," "," ","0",78," "," ","0",78," "," ","0",72," "," ","0",83," "," ","0",117," "," ","0",100," "," ","0",89," "," ","0",94," "," ","0",94," "," ","0",100," "," ","0",122," "," ","0",72," "," ","0",94," "," ","0",94," "," ","0",67," "," ","0",67," "," ","0"
"1804","USC00359461",1994,5,"TOBS",33," ","I","0",83," "," ","0",100," "," ","0",122," "," ","0",122," "," ","0",111," "," ","0",122," "," ","0",133," "," ","0",89," "," ","0",100," "," ","0",133," "," ","0",133," "," ","0",61," "," ","0",83," "," ","0",83," "," ","0",83," "," ","0",100," "," ","0",78," "," ","0",111," "," ","0",122," "," ","0",106," "," ","0",106," "," ","0",100," "," ","0",106," "," ","0",122," "," ","0",122," "," ","0",89," "," ","0",111," "," ","0",122," "," ","0",72," "," ","0",128," "," ","0"
"1805","USC00359461",1994,5,"PRCP",0," "," ","0",3," "," ","0",0,"T"," ","0",38," "," ","0",13," "," ","0",0," "," ","0",0," "," ","0",0," "," ","0",0," "," ","0",0," "," ","0",0," "," ","0",0," "," ","0",0," "," ","0",0," "," ","0",46," "," ","0",91," "," ","0",5," "," ","0",0," "," ","0",0," "," ","0",0," "," ","0",0," "," ","0",15," "," ","0",0," "," ","0",0," "," ","0",0," "," ","0",0," "," ","0",0," "," ","0",0," "," ","0",36," "," ","0",3," "," ","0",0," "," ","0"
"1806","USC00359461",1994,5,"SNOW",0,"P"," ","0",0,"P"," ","0",0,"P"," ","0",0,"P"," ","0",0,"P"," ","0",0,"P"," ","0",0,"P"," ","0",0,"P"," ","0",0,"P"," ","0",0,"P"," ","0",0,"P"," ","0",0,"P"," ","0",0,"P"," ","0",0,"P"," ","0",0,"P"," ","0",0,"P"," ","0",0,"P"," ","0",0,"P"," ","0",0,"P"," ","0",0,"P"," ","0",0,"P"," ","0",0,"P"," ","0",0,"P"," ","0",0,"P"," ","0",0,"P"," ","0",0,"P"," ","0",0,"P"," ","0",0,"P"," ","0",0,"P"," ","0",0,"P"," ","0",0,"P"," ","0"
"1807","USC00359461",1994,5,"SNWD",0," "," ","0",0,"P"," ","0",0,"P"," ","0",0,"P"," ","0",0,"P"," ","0",0,"P"," ","0",0,"P"," ","0",0,"P"," ","0",0,"P"," ","0",0,"P"," ","0",0,"P"," ","0",0,"P"," ","0",0,"P"," ","0",0,"P"," ","0",0,"P"," ","0",0,"P"," ","0",0,"P"," ","0",0,"P"," ","0",0,"P"," ","0",0,"P"," ","0",0,"P"," ","0",0,"P"," ","0",0,"P"," ","0",0,"P"," ","0",0,"P"," ","0",0,"P"," ","0",0,"P"," ","0",0,"P"," ","0",0,"P"," ","0",0,"P"," ","0",0,"P"," ","0"
"1808","USC00359461",1994,5,"EVAP",28," "," ","0",25," "," ","0",18," "," ","0",38," "," ","0",36," "," ","0",23," "," ","0",58," "," ","0",48," "," ","0",56," "," ","0",48," "," ","0",64," "," ","0",46," "," ","0",38," "," ","0",48," "," ","0",33," "," ","0",10," "," ","0",25," "," ","0",28," "," ","0",30," "," ","0",13," "," ","0",20," "," ","0",33," "," ","0",43," "," ","0",58," "," ","0",56," "," ","0",30," "," ","0",56," "," ","0",38," "," ","0",36," "," ","0",46," "," ","0",41," "," ","0"
"1809","USC00359461",1994,6,"TMAX",200," "," ","0",211," "," ","0",217," "," ","0",206," "," ","0",200," "," ","0",194," "," ","0",167," "," ","0",200," "," ","0",250," "," ","0",267," "," ","0",294," "," ","0",256," "," ","0",250," "," ","0",172," "," ","0",167," "," ","0",172," "," ","0",211," "," ","0",172," "," ","0",206," "," ","0",256," "," ","0",250," "," ","0",183," "," ","0",189," "," ","0",211," "," ","0",239," "," ","0",206," "," ","0",239," "," ","0",294," "," ","0",294," "," ","0",278," "," ","0",NA," "," "," "
"1810","USC00359461",1994,6,"TMIN",106," "," ","0",89," "," ","0",78," "," ","0",78," "," ","0",117," "," ","0",94," "," ","0",67," "," ","0",72," "," ","0",83," "," ","0",106," "," ","0",128," "," ","0",122," "," ","0",122," "," ","0",89," "," ","0",94," "," ","0",72," "," ","0",72," "," ","0",72," "," ","0",78," "," ","0",83," "," ","0",100," "," ","0",128," "," ","0",128," "," ","0",78," "," ","0",94," "," ","0",128," "," ","0",100," "," ","0",117," "," ","0",117," "," ","0",122," "," ","0",NA," "," "," "
"1811","USC00359461",1994,6,"TOBS",111," "," ","0",83," "," ","0",72," "," ","0",111," "," ","0",122," "," ","0",100," "," ","0",83," "," ","0",83," "," ","0",106," "," ","0",128," "," ","0",144," "," ","0",122," "," ","0",139," "," ","0",100," "," ","0",94," "," ","0",78," "," ","0",128," "," ","0",78," "," ","0",83," "," ","0",106," "," ","0",139," "," ","0",133," "," ","0",139," "," ","0",100," "," ","0",133," "," ","0",128," "," ","0",133," "," ","0",139," "," ","0",128," "," ","0",128," "," ","0",NA," "," "," "
"1812","USC00359461",1994,6,"PRCP",46," "," ","0",0," "," ","0",0," "," ","0",20," "," ","0",0,"T"," ","0",56," "," ","0",48," "," ","0",0,"T"," ","0",0," "," ","0",0," "," ","0",0," "," ","0",0," "," ","0",3," "," ","0",30," "," ","0",13," "," ","0",0,"T"," ","0",0," "," ","0",8," "," ","0",0," "," ","0",0," "," ","0",0," "," ","0",0," "," ","0",0," "," ","0",0," "," ","0",0," "," ","0",0," "," ","0",0," "," ","0",0," "," ","0",0," "," ","0",0," "," ","0",NA," "," "," "
"1813","USC00359461",1994,6,"SNOW",0,"P"," ","0",0,"P"," ","0",0,"P"," ","0",0,"P"," ","0",0,"P"," ","0",0,"P"," ","0",0,"P"," ","0",0,"P"," ","0",0,"P"," ","0",0,"P"," ","0",0,"P"," ","0",0,"P"," ","0",0,"P"," ","0",0,"P"," ","0",0,"P"," ","0",0,"P"," ","0",0,"P"," ","0",0,"P"," ","0",0,"P"," ","0",0,"P"," ","0",0,"P"," ","0",0,"P"," ","0",0,"P"," ","0",0,"P"," ","0",0,"P"," ","0",0,"P"," ","0",0,"P"," ","0",0,"P"," ","0",0,"P"," ","0",0,"P"," ","0",NA," "," "," "
"1814","USC00359461",1994,6,"SNWD",0," "," ","0",0,"P"," ","0",0,"P"," ","0",0,"P"," ","0",0,"P"," ","0",0,"P"," ","0",0,"P"," ","0",0,"P"," ","0",0,"P"," ","0",0,"P"," ","0",0,"P"," ","0",0,"P"," ","0",0,"P"," ","0",0,"P"," ","0",0,"P"," ","0",0,"P"," ","0",0,"P"," ","0",0,"P"," ","0",0,"P"," ","0",0,"P"," ","0",0,"P"," ","0",0,"P"," ","0",0,"P"," ","0",0,"P"," ","0",0,"P"," ","0",0,"P"," ","0",0,"P"," ","0",0,"P"," ","0",0,"P"," ","0",0,"P"," ","0",NA," "," "," "
"1815","USC00359461",1994,6,"EVAP",56," "," ","0",64," "," ","0",38," "," ","0",20," "," ","0",33," "," ","0",56," "," ","0",48," "," ","0",25," "," ","0",53," "," ","0",46," "," ","0",69," "," ","0",48," "," ","0",56," "," ","0",46," "," ","0",30," "," ","0",33," "," ","0",51," "," ","0",8," "," ","0",53," "," ","0",61," "," ","0",53," "," ","0",8," "," ","0",20," "," ","0",48," "," ","0",51," "," ","0",41," "," ","0",66," "," ","0",66," "," ","0",69," "," ","0",61," "," ","0",NA," "," "," "
"1816","USC00359461",1994,7,"TMAX",244," "," ","0",272," "," ","0",267," "," ","0",256," "," ","0",211," "," ","0",222," "," ","0",272," "," ","0",322," "," ","0",322," "," ","0",306," "," ","0",300," "," ","0",317," "," ","0",306," "," ","0",294," "," ","0",283," "," ","0",283," "," ","0",322," "," ","0",317," "," ","0",306," "," ","0",356," "," ","0",367," "," ","0",361," "," ","0",272," "," ","0",333," "," ","0",217," "," ","0",300," "," ","0",328," "," ","0",333," "," ","0",289," "," ","0",239," "," ","0",278," "," ","0"
"1817","USC00359461",1994,7,"TMIN",106," "," ","0",111," "," ","0",122," "," ","0",122," "," ","0",128," "," ","0",100," "," ","0",111," "," ","0",139," "," ","0",144," "," ","0",122," "," ","0",122," "," ","0",128," "," ","0",122," "," ","0",128," "," ","0",122," "," ","0",139," "," ","0",150," "," ","0",150," "," ","0",150," "," ","0",172," "," ","0",178," "," ","0",222," "," ","0",156," "," ","0",150," "," ","0",111," "," ","0",122," "," ","0",128," "," ","0",133," "," ","0",133," "," ","0",122," "," ","0",122," "," ","0"
"1818","USC00359461",1994,7,"TOBS",106," "," ","0",139," "," ","0",133," "," ","0",128," "," ","0",128," "," ","0",117," "," ","0",139," "," ","0",183," "," ","0",144," "," ","0",122," "," ","0",133," "," ","0",128," "," ","0",139," "," ","0",133," "," ","0",150," "," ","0",161," "," ","0",156," "," ","0",156," "," ","0",172," "," ","0",183," "," ","0",228," "," ","0",222," "," ","0",161," "," ","0",156," "," ","0",128," "," ","0",128," "," ","0",144," "," ","0",133," "," ","0",144," "," ","0",122," "," ","0",122," "," ","0"
"1819","USC00359461",1994,7,"PRCP",0," "," ","0",0," "," ","0",0," "," ","0",0," "," ","0",0," "," ","0",0," "," ","0",0," "," ","0",0," "," ","0",0," "," ","0",0," "," ","0",0," "," ","0",0," "," ","0",0," "," ","0",0," "," ","0",0," "," ","0",0," "," ","0",0," "," ","0",0," "," ","0",0," "," ","0",0," "," ","0",0," "," ","0",3," "," ","0",0,"T"," ","0",0," "," ","0",0," "," ","0",0," "," ","0",0," "," ","0",0," "," ","0",0," "," ","0",0," "," ","0",0," "," ","0"
"1820","USC00359461",1994,7,"SNOW",0,"P"," ","0",0,"P"," ","0",0,"P"," ","0",0,"P"," ","0",0,"P"," ","0",0,"P"," ","0",0,"P"," ","0",0,"P"," ","0",0,"P"," ","0",0,"P"," ","0",0,"P"," ","0",0,"P"," ","0",0,"P"," ","0",0,"P"," ","0",0,"P"," ","0",0,"P"," ","0",0,"P"," ","0",0,"P"," ","0",0,"P"," ","0",0,"P"," ","0",0,"P"," ","0",0,"P"," ","0",0,"P"," ","0",0,"P"," ","0",0,"P"," ","0",0,"P"," ","0",0,"P"," ","0",0,"P"," ","0",0,"P"," ","0",0,"P"," ","0",0,"P"," ","0"
"1821","USC00359461",1994,7,"SNWD",0," "," ","0",0,"P"," ","0",0,"P"," ","0",0,"P"," ","0",0,"P"," ","0",0,"P"," ","0",0,"P"," ","0",0,"P"," ","0",0,"P"," ","0",0,"P"," ","0",0,"P"," ","0",0,"P"," ","0",0,"P"," ","0",0,"P"," ","0",0,"P"," ","0",0,"P"," ","0",0,"P"," ","0",0,"P"," ","0",0,"P"," ","0",0,"P"," ","0",0,"P"," ","0",0,"P"," ","0",0,"P"," ","0",0,"P"," ","0",0,"P"," ","0",0,"P"," ","0",0,"P"," ","0",0,"P"," ","0",0,"P"," ","0",0,"P"," ","0",0,"P"," ","0"
"1822","USC00359461",1994,7,"EVAP",36," "," ","0",53," "," ","0",74," "," ","0",43," "," ","0",51," "," ","0",38," "," ","0",64," "," ","0",76," "," ","0",76," "," ","0",74," "," ","0",86," "," ","0",84," "," ","0",76," "," ","0",102," "," ","0",76," "," ","0",64," "," ","0",74," "," ","0",86," "," ","0",81," "," ","0",74," "," ","0",74," "," ","0",79," "," ","0",48," "," ","0",64," "," ","0",36," "," ","0",66," "," ","0",86," "," ","0",61," "," ","0",76," "," ","0",28," "," ","0",66," "," ","0"
"1823","USC00359461",1994,8,"TMAX",306," "," ","0",306," "," ","0",300," "," ","0",294," "," ","0",261," "," ","0",267," "," ","0",294," "," ","0",222," "," ","0",250," "," ","0",294," "," ","0",261," "," ","0",283," "," ","0",283," "," ","0",294," "," ","0",272," "," ","0",278," "," ","0",272," "," ","0",283," "," ","0",267," "," ","0",267," "," ","0",256," "," ","0",239," "," ","0",267," "," ","0",278," "," ","0",283," "," ","0",300," "," ","0",300," "," ","0",294," "," ","0",239," "," ","0",267," "," ","0",283," "," ","0"
"1824","USC00359461",1994,8,"TMIN",117," "," ","0",111," "," ","0",133," "," ","0",144," "," ","0",122," "," ","0",111," "," ","0",111," "," ","0",100," "," ","0",100," "," ","0",106," "," ","0",117," "," ","0",117," "," ","0",122," "," ","0",128," "," ","0",128," "," ","0",122," "," ","0",122," "," ","0",128," "," ","0",133," "," ","0",133," "," ","0",144," "," ","0",111," "," ","0",106," "," ","0",122," "," ","0",100," "," ","0",100," "," ","0",100," "," ","0",117," "," ","0",100," "," ","0",100," "," ","0",111," "," ","0"
"1825","USC00359461",1994,8,"TOBS",111," "," ","0",133," "," ","0",150," "," ","0",167," "," ","0",122," "," ","0",117," "," ","0",144," "," ","0",100," "," ","0",106," "," ","0",133," "," ","0",122," "," ","0",122," "," ","0",133," "," ","0",128," "," ","0",150," "," ","0",122," "," ","0",128," "," ","0",133," "," ","0",161," "," ","0",144," "," ","0",150," "," ","0",111," "," ","0",128," "," ","0",122," "," ","0",100," "," ","0",100," "," ","0",122," "," ","0",117," "," ","0",100," "," ","0",111," "," ","0",117," "," ","0"
"1826","USC00359461",1994,8,"PRCP",0," "," ","0",0," "," ","0",0," "," ","0",0," "," ","0",0," "," ","0",0," "," ","0",0," "," ","0",0," "," ","0",0," "," ","0",0," "," ","0",0," "," ","0",0," "," ","0",0," "," ","0",0," "," ","0",0," "," ","0",0," "," ","0",0," "," ","0",0," "," ","0",0," "," ","0",0," "," ","0",0," "," ","0",0," "," ","0",0," "," ","0",0," "," ","0",0," "," ","0",0," "," ","0",0," "," ","0",0," "," ","0",0," "," ","0",0," "," ","0",0," "," ","0"
"1827","USC00359461",1994,8,"SNOW",0,"P"," ","0",0,"P"," ","0",0,"P"," ","0",0,"P"," ","0",0,"P"," ","0",0,"P"," ","0",0,"P"," ","0",0,"P"," ","0",0,"P"," ","0",0,"P"," ","0",0,"P"," ","0",0,"P"," ","0",0,"P"," ","0",0,"P"," ","0",0,"P"," ","0",0,"P"," ","0",0,"P"," ","0",0,"P"," ","0",0,"P"," ","0",0,"P"," ","0",0,"P"," ","0",0,"P"," ","0",0,"P"," ","0",0,"P"," ","0",0,"P"," ","0",0,"P"," ","0",0,"P"," ","0",0,"P"," ","0",0,"P"," ","0",0,"P"," ","0",0,"P"," ","0"
"1828","USC00359461",1994,8,"SNWD",0," "," ","0",0,"P"," ","0",0,"P"," ","0",0,"P"," ","0",0,"P"," ","0",0,"P"," ","0",0,"P"," ","0",0,"P"," ","0",0,"P"," ","0",0,"P"," ","0",0,"P"," ","0",0,"P"," ","0",0,"P"," ","0",0,"P"," ","0",0,"P"," ","0",0,"P"," ","0",0,"P"," ","0",0,"P"," ","0",0,"P"," ","0",0,"P"," ","0",0,"P"," ","0",0,"P"," ","0",0,"P"," ","0",0,"P"," ","0",0,"P"," ","0",0,"P"," ","0",0,"P"," ","0",0,"P"," ","0",0,"P"," ","0",0,"P"," ","0",0,"P"," ","0"
"1829","USC00359461",1994,8,"EVAP",76," "," ","0",71," "," ","0",56," "," ","0",56," "," ","0",38," "," ","0",46," "," ","0",74," "," ","0",38," "," ","0",38," "," ","0",58," "," ","0",107," "," ","0",58," "," ","0",58," "," ","0",64," "," ","0",69," "," ","0",66," "," ","0",76," "," ","0",66," "," ","0",53," "," ","0",56," "," ","0",38," "," ","0",41," "," ","0",61," "," ","0",64," "," ","0",64," "," ","0",53," "," ","0",76," "," ","0",64," "," ","0",28," "," ","0",51," "," ","0",51," "," ","0"
"1830","USC00359461",1994,9,"TMAX",256," "," ","0",233," "," ","0",239," "," ","0",228," "," ","0",250," "," ","0",306," "," ","0",300," "," ","0",283," "," ","0",206," "," ","0",194," "," ","0",194," "," ","0",183," "," ","0",228," "," ","0",244," "," ","0",267," "," ","0",278," "," ","0",339," "," ","0",294," "," ","0",272," "," ","0",294," "," ","0",300," "," ","0",350," "," ","0",361," "," ","0",278," "," ","0",289," "," ","0",300," "," ","0",317," "," ","0",306," "," ","0",217," "," ","0",217," "," ","0",NA," "," "," "
"1831","USC00359461",1994,9,"TMIN",122," "," ","0",89," "," ","0",83," "," ","0",100," "," ","0",94," "," ","0",94," "," ","0",89," "," ","0",89," "," ","0",111," "," ","0",106," "," ","0",111," "," ","0",94," "," ","0",83," "," ","0",78," "," ","0",78," "," ","0",111," "," ","0",111," "," ","0",128," "," ","0",128," "," ","0",128," "," ","0",128," "," ","0",117," "," ","0",111," "," ","0",106," "," ","0",106," "," ","0",111," "," ","0",111," "," ","0",111," "," ","0",139," "," ","0",144," "," ","0",NA," "," "," "
"1832","USC00359461",1994,9,"TOBS",156," "," ","0",89," "," ","0",156," "," ","0",111," "," ","0",94," "," ","0",117," "," ","0",89," "," ","0",117," "," ","0",117," "," ","0",111," "," ","0",117," "," ","0",94," "," ","0",83," "," ","0",72," "," ","0",122," "," ","0",111," "," ","0",128," "," ","0",156," "," ","0",128," "," ","0",133," "," ","0",128," "," ","0",117," "," ","0",117," "," ","0",106," "," ","0",117," "," ","0",122," "," ","0",111," "," ","0",156," "," ","0",144," "," ","0",150," "," ","0",NA," "," "," "
"1833","USC00359461",1994,9,"PRCP",0," "," ","0",0," "," ","0",8," "," ","0",0," "," ","0",0," "," ","0",0," "," ","0",0," "," ","0",0," "," ","0",28," "," ","0",23," "," ","0",33," "," ","0",3," "," ","0",0," "," ","0",0," "," ","0",0," "," ","0",0," "," ","0",0," "," ","0",0," "," ","0",0," "," ","0",0," "," ","0",0," "," ","0",0," "," ","0",0," "," ","0",0," "," ","0",0," "," ","0",0," "," ","0",0," "," ","0",0," "," ","0",157," "," ","0",3," "," ","0",NA," "," "," "
"1834","USC00359461",1994,9,"SNOW",0,"P"," ","0",0,"P"," ","0",0,"P"," ","0",0,"P"," ","0",0,"P"," ","0",0,"P"," ","0",0,"P"," ","0",0,"P"," ","0",0,"P"," ","0",0,"P"," ","0",0,"P"," ","0",0,"P"," ","0",0,"P"," ","0",0,"P"," ","0",0,"P"," ","0",0,"P"," ","0",0,"P"," ","0",0,"P"," ","0",0,"P"," ","0",0,"P"," ","0",0,"P"," ","0",0,"P"," ","0",0,"P"," ","0",0,"P"," ","0",0,"P"," ","0",0,"P"," ","0",0,"P"," ","0",0,"P"," ","0",0,"P"," ","0",0,"P"," ","0",NA," "," "," "
"1835","USC00359461",1994,9,"SNWD",0," "," ","0",0,"P"," ","0",0,"P"," ","0",0,"P"," ","0",0,"P"," ","0",0,"P"," ","0",0,"P"," ","0",0,"P"," ","0",0,"P"," ","0",0,"P"," ","0",0,"P"," ","0",0,"P"," ","0",0,"P"," ","0",0,"P"," ","0",0,"P"," ","0",0,"P"," ","0",0,"P"," ","0",0,"P"," ","0",0,"P"," ","0",0,"P"," ","0",0,"P"," ","0",0,"P"," ","0",0,"P"," ","0",0,"P"," ","0",0,"P"," ","0",0,"P"," ","0",0,"P"," ","0",0,"P"," ","0",0,"P"," ","0",0,"P"," ","0",NA," "," "," "
"1836","USC00359461",1994,9,"EVAP",25," "," ","0",33," "," ","0",71," "," ","0",0," "," ","0",36," "," ","0",41," "," ","0",46," "," ","0",91," "," ","0",15," "," ","0",18," "," ","0",18," "," ","0",23," "," ","0",20," "," ","0",76," "," ","0",0," "," ","0",53," "," ","0",69," "," ","0",23," "," ","0",41," "," ","0",53," "," ","0",61," "," ","0",84," "," ","0",76," "," ","0",51," "," ","0",38," "," ","0",48," "," ","0",38," "," ","0",38," "," ","0",10," "," ","0",3," "," ","0",NA," "," "," "
"1837","USC00359461",1994,10,"TMAX",211," "," ","0",239," "," ","0",222," "," ","0",211," "," ","0",222," "," ","0",217," "," ","0",189," "," ","0",228," "," ","0",278," "," ","0",233," "," ","0",161," "," ","0",178," "," ","0",178," "," ","0",161," "," ","0",150," "," ","0",144," "," ","0",139," "," ","0",183," "," ","0",161," "," ","0",183," "," ","0",200," "," ","0",144," "," ","0",144," "," ","0",150," "," ","0",194," "," ","0",178," "," ","0",206," "," ","0",150," "," ","0",194," "," ","0",78," "," ","0",111," "," ","0"
"1838","USC00359461",1994,10,"TMIN",117," "," ","0",128," "," ","0",50," "," ","0",44," "," ","0",50," "," ","0",50," "," ","0",56," "," ","0",56," "," ","0",61," "," ","0",78," "," ","0",50," "," ","0",39," "," ","0",28," "," ","0",28," "," ","0",67," "," ","0",33," "," ","0",39," "," ","0",50," "," ","0",78," "," ","0",56," "," ","0",61," "," ","0",56," "," ","0",50," "," ","0",44," "," ","0",44," "," ","0",44," "," ","0",122," "," ","0",50," "," ","0",50," "," ","0",50," "," ","0",61," "," ","0"
"1839","USC00359461",1994,10,"TOBS",139," "," ","0",150," "," ","0",50," "," ","0",61," "," ","0",56," "," ","0",122," "," ","0",56," "," ","0",72," "," ","0",83," "," ","0",100," "," ","0",50," "," ","0",67," "," ","0",33," "," ","0",111," "," ","0",72," "," ","0",39," "," ","0",56," "," ","0",106," "," ","0",89," "," ","0",61," "," ","0",122," "," ","0",61," "," ","0",61," "," ","0",44," "," ","0",44," "," ","0",117," "," ","0",156," "," ","0",61," "," ","0",56," "," ","0",67," "," ","0",100," "," ","0"
"1840","USC00359461",1994,10,"PRCP",0," "," ","0",0," "," ","0",0," "," ","0",0," "," ","0",0," "," ","0",0," "," ","0",0," "," ","0",0," "," ","0",0," "," ","0",0," "," ","0",0," "," ","0",0," "," ","0",0," "," ","0",130," "," ","0",43," "," ","0",0," "," ","0",0," "," ","0",0," "," ","0",0," "," ","0",0," "," ","0",3," "," ","0",18," "," ","0",0," "," ","0",0," "," ","0",0," "," ","0",23," "," ","0",3," "," ","0",318," "," ","0",33," "," ","0",0," "," ","0",3," "," ","0"
"1841","USC00359461",1994,10,"SNOW",0,"P"," ","0",0,"P"," ","0",0,"P"," ","0",0,"P"," ","0",0,"P"," ","0",0,"P"," ","0",0,"P"," ","0",0,"P"," ","0",0,"P"," ","0",0,"P"," ","0",0,"P"," ","0",0,"P"," ","0",0,"P"," ","0",0,"P"," ","0",0,"P"," ","0",0,"P"," ","0",0,"P"," ","0",0,"P"," ","0",0,"P"," ","0",0,"P"," ","0",0,"P"," ","0",0,"P"," ","0",0,"P"," ","0",0,"P"," ","0",0,"P"," ","0",0,"P"," ","0",0,"P"," ","0",0,"P"," ","0",0,"P"," ","0",0,"P"," ","0",0,"P"," ","0"
"1842","USC00359461",1994,10,"SNWD",0," "," ","0",0,"P"," ","0",0,"P"," ","0",0,"P"," ","0",0,"P"," ","0",0,"P"," ","0",0,"P"," ","0",0,"P"," ","0",0,"P"," ","0",0,"P"," ","0",0,"P"," ","0",0,"P"," ","0",0,"P"," ","0",0,"P"," ","0",0,"P"," ","0",0,"P"," ","0",0,"P"," ","0",0,"P"," ","0",0,"P"," ","0",0,"P"," ","0",0,"P"," ","0",0,"P"," ","0",0,"P"," ","0",0,"P"," ","0",0,"P"," ","0",0,"P"," ","0",0,"P"," ","0",0,"P"," ","0",0,"P"," ","0",0,"P"," ","0",0,"P"," ","0"
"1843","USC00359461",1994,11,"TMAX",200," "," ","0",100," "," ","0",78," "," ","0",83," "," ","0",83," "," ","0",94," "," ","0",111," "," ","0",89," "," ","0",111," "," ","0",111," "," ","0",89," "," ","0",89," "," ","0",111," "," ","0",122," "," ","0",117," "," ","0",78," ","I","0",56," "," ","0",56," "," ","0",56," "," ","0",67," "," ","0",89," "," ","0",33," "," ","0",89," "," ","0",67," "," ","0",89," "," ","0",56," "," ","0",72," "," ","0",78," "," ","0",89," "," ","0",89," "," ","0",NA," "," "," "
"1844","USC00359461",1994,11,"TMIN",72," "," ","0",39," "," ","0",11," "," ","0",11," "," ","0",39," "," ","0",44," "," ","0",39," "," ","0",17," "," ","0",39," "," ","0",11," "," ","0",17," "," ","0",56," "," ","0",28," "," ","0",11," "," ","0",-6," "," ","0",56," "," ","0",33," "," ","0",6," "," ","0",-11," "," ","0",11," "," ","0",-6," "," ","0",-11," "," ","0",-11," "," ","0",44," "," ","0",44," "," ","0",11," "," ","0",11," "," ","0",28," "," ","0",39," "," ","0",56," "," ","0",NA," "," "," "
"1845","USC00359461",1994,11,"TOBS",72," "," ","0",44," "," ","0",17," "," ","0",67," "," ","0",50," "," ","0",56," "," ","0",44," "," ","0",44," "," ","0",72," "," ","0",17," "," ","0",50," "," ","0",56," "," ","0",39," "," ","0",11," "," ","0",100," ","I","0",56," "," ","0",33," "," ","0",11," "," ","0",6," "," ","0",39," "," ","0",0," "," ","0",-11," "," ","0",44," "," ","0",56," "," ","0",44," "," ","0",11," "," ","0",50," "," ","0",39," "," ","0",56," "," ","0",89," "," ","0",NA," "," "," "
"1846","USC00359461",1994,11,"PRCP",262," "," ","0",64," "," ","0",86," "," ","0",53," "," ","0",351," "," ","0",3," "," ","0",3," "," ","0",0,"T"," ","0",165," "," ","0",8," "," ","0",0,"T"," ","0",74," "," ","0",8," "," ","0",0," "," ","0",0," "," ","0",79," "," ","0",241," "," ","0",56," "," ","0",0,"T"," ","0",107," "," ","0",3," "," ","0",0," "," ","0",5," "," ","0",36," "," ","0",114," "," ","0",81," "," ","0",23," "," ","0",69," "," ","0",3," "," ","0",41," "," ","0",NA," "," "," "
"1847","USC00359461",1994,11,"SNOW",0,"P"," ","0",0,"P"," ","0",0,"P"," ","0",0,"P"," ","0",0,"P"," ","0",0,"P"," ","0",0,"P"," ","0",0,"P"," ","0",0,"P"," ","0",0,"P"," ","0",0,"P"," ","0",0,"P"," ","0",0,"P"," ","0",0,"P"," ","0",0,"P"," ","0",0,"P"," ","0",0,"P"," ","0",0,"P"," ","0",0,"P"," ","0",0,"P"," ","0",0,"P"," ","0",0,"P"," ","0",0,"P"," ","0",0,"P"," ","0",0,"P"," ","0",0,"P"," ","0",0,"P"," ","0",0,"P"," ","0",0,"P"," ","0",0,"P"," ","0",NA," "," "," "
"1848","USC00359461",1994,11,"SNWD",0," "," ","0",0,"P"," ","0",0,"P"," ","0",0,"P"," ","0",0,"P"," ","0",0,"P"," ","0",0,"P"," ","0",0,"P"," ","0",0,"P"," ","0",0,"P"," ","0",0,"P"," ","0",0,"P"," ","0",0,"P"," ","0",0,"P"," ","0",0,"P"," ","0",0,"P"," ","0",0,"P"," ","0",0,"P"," ","0",0,"P"," ","0",0,"P"," ","0",0,"P"," ","0",0,"P"," ","0",0,"P"," ","0",0,"P"," ","0",0,"P"," ","0",0,"P"," ","0",0,"P"," ","0",0,"P"," ","0",0,"P"," ","0",0,"P"," ","0",NA," "," "," "
"1849","USC00359461",1994,12,"TMAX",156," "," ","0",111," "," ","0",72," "," ","0",56," "," ","0",44," "," ","0",72," "," ","0",72," "," ","0",72," "," ","0",94," "," ","0",61," "," ","0",78," "," ","0",78," "," ","0",56," "," ","0",83," "," ","0",83," "," ","0",100," "," ","0",156," "," ","0",167," "," ","0",139," "," ","0",167," "," ","0",133," "," ","0",100," "," ","0",111," "," ","0",67," "," ","0",78," "," ","0",106," "," ","0",133," "," ","0",156," "," ","0",78," "," ","0",22," "," ","0",22," "," ","0"
"1850","USC00359461",1994,12,"TMIN",78," "," ","0",44," "," ","0",28," "," ","0",-28," "," ","0",-28," "," ","0",-11," "," ","0",17," "," ","0",6," "," ","0",0," "," ","0",17," "," ","0",28," "," ","0",22," "," ","0",28," "," ","0",6," "," ","0",28," "," ","0",39," "," ","0",67," "," ","0",78," "," ","0",78," "," ","0",89," "," ","0",61," "," ","0",50," "," ","0",28," "," ","0",22," "," ","0",50," "," ","0",44," "," ","0",94," "," ","0",44," "," ","0",0," "," ","0",0," "," ","0",-11," "," ","0"
"1851","USC00359461",1994,12,"TOBS",83," "," ","0",56," "," ","0",28," "," ","0",-28," "," ","0",-11," "," ","0",28," "," ","0",22," "," ","0",11," "," ","0",17," "," ","0",33," "," ","0",33," "," ","0",33," "," ","0",50," "," ","0",28," "," ","0",44," "," ","0",72," "," ","0",117," "," ","0",78," "," ","0",139," "," ","0",94," "," ","0",78," "," ","0",50," "," ","0",33," "," ","0",67," "," ","0",50," "," ","0",106," "," ","0",133," "," ","0",44," "," ","0",6," "," ","0",0," "," ","0",-6," "," ","0"
"1852","USC00359461",1994,12,"PRCP",157," "," ","0",10," "," ","0",71," "," ","0",3," "," ","0",0," "," ","0",56," "," ","0",117," "," ","0",0,"T"," ","0",0," "," ","0",0," "," ","0",28," "," ","0",41," "," ","0",5," "," ","0",30," "," ","0",51," "," ","0",36," "," ","0",10," "," ","0",86," "," ","0",5," "," ","0",0," "," ","0",69," "," ","0",0," "," ","0",0," "," ","0",15," "," ","0",25," "," ","0",15," "," ","0",36," "," ","0",89," "," ","0",5," "," ","0",0," "," ","0",0," "," ","0"
"1853","USC00359461",1994,12,"SNOW",0,"P"," ","0",0,"P"," ","0",0,"P"," ","0",0,"P"," ","0",0,"P"," ","0",0,"P"," ","0",0,"P"," ","0",0,"P"," ","0",0,"P"," ","0",0,"P"," ","0",0,"P"," ","0",0,"P"," ","0",0,"P"," ","0",0,"P"," ","0",0,"P"," ","0",0,"P"," ","0",0,"P"," ","0",0,"P"," ","0",0,"P"," ","0",0,"P"," ","0",0,"P"," ","0",0,"P"," ","0",0,"P"," ","0",0,"P"," ","0",0,"P"," ","0",0,"P"," ","0",0,"P"," ","0",0,"P"," ","0",0,"P"," ","0",0,"P"," ","0",0,"P"," ","0"
"1854","USC00359461",1994,12,"SNWD",0," "," ","0",0,"P"," ","0",0,"P"," ","0",0,"P"," ","0",0,"P"," ","0",0,"P"," ","0",0,"P"," ","0",0,"P"," ","0",0,"P"," ","0",0,"P"," ","0",0,"P"," ","0",0,"P"," ","0",0,"P"," ","0",0,"P"," ","0",0,"P"," ","0",0,"P"," ","0",0,"P"," ","0",0,"P"," ","0",0,"P"," ","0",0,"P"," ","0",0,"P"," ","0",0,"P"," ","0",0,"P"," ","0",0,"P"," ","0",0,"P"," ","0",0,"P"," ","0",0,"P"," ","0",0,"P"," ","0",0,"P"," ","0",0,"P"," ","0",0,"P"," ","0"
"1855","USC00359461",1995,1,"TMAX",33," "," ","0",94," "," ","0",39," "," ","0",33," "," ","0",33," "," ","0",61," "," ","0",83," "," ","0",122," "," ","0",122," "," ","0",128," "," ","0",111," "," ","0",83," "," ","0",133," "," ","0",122," "," ","0",89," "," ","0",78," "," ","0",61," "," ","0",61," "," ","0",122," "," ","0",61," "," ","0",56," "," ","0",56," "," ","0",89," "," ","0",94," "," ","0",61," "," ","0",78," "," ","0",78," "," ","0",89," "," ","0",172," "," ","0",156," "," ","0",172," "," ","0"
"1856","USC00359461",1995,1,"TMIN",-6," "," ","0",-17," "," ","0",-17," "," ","0",-17," "," ","0",-22," "," ","0",11," "," ","0",39," "," ","0",44," "," ","0",72," "," ","0",78," "," ","0",61," "," ","0",61," "," ","0",67," "," ","0",78," "," ","0",72," "," ","0",61," "," ","0",17," "," ","0",28," "," ","0",33," "," ","0",33," "," ","0",22," "," ","0",22," "," ","0",33," "," ","0",22," "," ","0",33," ","I","0",28," "," ","0",33," "," ","0",39," "," ","0",72," "," ","0",106," "," ","0",111," "," ","0"
"1857","USC00359461",1995,1,"TOBS",28," "," ","0",-17," "," ","0",0," "," ","0",-11," "," ","0",17," "," ","0",39," "," ","0",44," "," ","0",83," "," ","0",100," "," ","0",78," "," ","0",61," "," ","0",67," "," ","0",89," "," ","0",78," "," ","0",72," "," ","0",61," "," ","0",0," ","I","0",56," "," ","0",39," "," ","0",39," "," ","0",28," "," ","0",33," "," ","0",39," "," ","0",33," "," ","0",22," ","I","0",33," "," ","0",39," "," ","0",72," "," ","0",156," "," ","0",128," "," ","0",139," "," ","0"
"1858","USC00359461",1995,1,"PRCP",3," "," ","0",25," "," ","0",0," "," ","0",0," "," ","0",28," "," ","0",66," "," ","0",30," "," ","0",112," "," ","0",318," "," ","0",358," "," ","0",287," "," ","0",160," "," ","0",191," "," ","0",345," "," ","0",112," "," ","0",76," "," ","0",5," "," ","0",71," "," ","0",66," "," ","0",3," "," ","0",5," "," ","0",0,"T"," ","0",5," "," ","0",0," "," ","0",0," "," ","0",3," "," ","0",64," "," ","0",51," "," ","0",5," "," ","0",150," "," ","0",112," "," ","0"
"1859","USC00359461",1995,1,"SNOW",0,"P"," ","0",0,"P"," ","0",0,"P"," ","0",0,"P"," ","0",0,"P"," ","0",0,"P"," ","0",0,"P"," ","0",0,"P"," ","0",0,"P"," ","0",0,"P"," ","0",0,"P"," ","0",0,"P"," ","0",0,"P"," ","0",0,"P"," ","0",0,"P"," ","0",0,"P"," ","0",0,"P"," ","0",0,"P"," ","0",0,"P"," ","0",0,"P"," ","0",0,"P"," ","0",0,"P"," ","0",0,"P"," ","0",0,"P"," ","0",0,"P"," ","0",0,"P"," ","0",0,"P"," ","0",0,"P"," ","0",0,"P"," ","0",0,"P"," ","0",0,"P"," ","0"
"1860","USC00359461",1995,1,"SNWD",0," "," ","0",0,"P"," ","0",0,"P"," ","0",0,"P"," ","0",0,"P"," ","0",0,"P"," ","0",0,"P"," ","0",0,"P"," ","0",0,"P"," ","0",0,"P"," ","0",0,"P"," ","0",0,"P"," ","0",0,"P"," ","0",0,"P"," ","0",0,"P"," ","0",0,"P"," ","0",0,"P"," ","0",0,"P"," ","0",0,"P"," ","0",0,"P"," ","0",0,"P"," ","0",0,"P"," ","0",0,"P"," ","0",0,"P"," ","0",0,"P"," ","0",0,"P"," ","0",0,"P"," ","0",0,"P"," ","0",0,"P"," ","0",0,"P"," ","0",0,"P"," ","0"
"1861","USC00359461",1995,2,"TMAX",172," "," ","0",178," "," ","0",144," "," ","0",144," "," ","0",139," "," ","0",139," "," ","0",139," "," ","0",106," "," ","0",150," "," ","0",122," "," ","0",133," "," ","0",122," "," ","0",89," "," ","0",78," "," ","0",56," "," ","0",100," "," ","0",128," "," ","0",117," "," ","0",194," "," ","0",239," "," ","0",189," "," ","0",161," "," ","0",200," "," ","0",206," "," ","0",117," "," ","0",167," "," ","0",150," "," ","0",106," "," ","0",NA," "," "," ",NA," "," "," ",NA," "," "," "
"1862","USC00359461",1995,2,"TMIN",111," "," ","0",67," "," ","0",61," "," ","0",61," "," ","0",67," "," ","0",67," "," ","0",83," "," ","0",22," "," ","0",17," "," ","0",17," "," ","0",17," "," ","0",33," "," ","0",6," "," ","0",-6," "," ","0",0," "," ","0",-6," "," ","0",0," "," ","0",89," "," ","0",89," "," ","0",72," "," ","0",72," "," ","0",78," "," ","0",61," "," ","0",61," "," ","0",89," "," ","0",83," "," ","0",72," "," ","0",44," "," ","0",NA," "," "," ",NA," "," "," ",NA," "," "," "
"1863","USC00359461",1995,2,"TOBS",117," "," ","0",78," "," ","0",83," "," ","0",67," "," ","0",100," "," ","0",89," "," ","0",94," "," ","0",22," "," ","0",22," "," ","0",17," "," ","0",67," "," ","0",44," "," ","0",11," "," ","0",0," "," ","0",44," "," ","0",0," "," ","0",111," "," ","0",89," "," ","0",100," "," ","0",72," "," ","0",89," "," ","0",111," "," ","0",106," "," ","0",89," "," ","0",100," "," ","0",89," "," ","0",78," "," ","0",50," "," ","0",NA," "," "," ",NA," "," "," ",NA," "," "," "
"1864","USC00359461",1995,2,"PRCP",38," "," ","0",69," "," ","0",0," "," ","0",0," "," ","0",0," "," ","0",0," "," ","0",0," "," ","0",0," "," ","0",0," "," ","0",0," "," ","0",0," "," ","0",5," "," ","0",140," "," ","0",18," "," ","0",3," "," ","0",0," "," ","0",13," "," ","0",244," "," ","0",3," "," ","0",0," "," ","0",0," "," ","0",0," "," ","0",0," "," ","0",0," "," ","0",0," "," ","0",0," "," ","0",0," "," ","0",0," "," ","0",NA," "," "," ",NA," "," "," ",NA," "," "," "
"1865","USC00359461",1995,2,"SNOW",0,"P"," ","0",0,"P"," ","0",0,"P"," ","0",0,"P"," ","0",0,"P"," ","0",0,"P"," ","0",0,"P"," ","0",0,"P"," ","0",0,"P"," ","0",0,"P"," ","0",0,"P"," ","0",0,"P"," ","0",0,"P"," ","0",0,"P"," ","0",0,"P"," ","0",0,"P"," ","0",0,"P"," ","0",0,"P"," ","0",0,"P"," ","0",0,"P"," ","0",0,"P"," ","0",0,"P"," ","0",0,"P"," ","0",0,"P"," ","0",0,"P"," ","0",0,"P"," ","0",0,"P"," ","0",0,"P"," ","0",NA," "," "," ",NA," "," "," ",NA," "," "," "
"1866","USC00359461",1995,2,"SNWD",0," "," ","0",0,"P"," ","0",0,"P"," ","0",0,"P"," ","0",0,"P"," ","0",0,"P"," ","0",0,"P"," ","0",0,"P"," ","0",0,"P"," ","0",0,"P"," ","0",0,"P"," ","0",0,"P"," ","0",0,"P"," ","0",0,"P"," ","0",0,"P"," ","0",0,"P"," ","0",0,"P"," ","0",0,"P"," ","0",0,"P"," ","0",0,"P"," ","0",0,"P"," ","0",0,"P"," ","0",0,"P"," ","0",0,"P"," ","0",0,"P"," ","0",0,"P"," ","0",0,"P"," ","0",0,"P"," ","0",NA," "," "," ",NA," "," "," ",NA," "," "," "
"1867","USC00359461",1995,3,"TMAX",106," "," ","0",133," "," ","0",133," "," ","0",117," "," ","0",111," "," ","0",94," "," ","0",106," "," ","0",117," "," ","0",161," "," ","0",172," "," ","0",111," "," ","0",139," "," ","0",150," "," ","0",167," "," ","0",150," "," ","0",150," "," ","0",161," "," ","0",178," "," ","0",144," "," ","0",117," "," ","0",117," "," ","0",83," "," ","0",94," "," ","0",83," "," ","0",83," "," ","0",106," "," ","0",144," "," ","0",183," "," ","0",200," "," ","0",211," "," ","0",244," "," ","0"
"1868","USC00359461",1995,3,"TMIN",44," "," ","0",44," "," ","0",67," ","I","0",50," "," ","0",33," "," ","0",-11," "," ","0",-11," "," ","0",-6," "," ","0",100," "," ","0",67," "," ","0",67," "," ","0",56," "," ","0",56," "," ","0",89," "," ","0",61," "," ","0",50," "," ","0",61," "," ","0",72," "," ","0",50," "," ","0",56," "," ","0",44," "," ","0",22," "," ","0",6," "," ","0",6," "," ","0",22," "," ","0",-11," "," ","0",-11," "," ","0",0," "," ","0",11," "," ","0",17," "," ","0",33," "," ","0"
"1869","USC00359461",1995,3,"TOBS",44," "," ","0",44," ","I","0",67," "," ","0",50," "," ","0",39," "," ","0",-6," "," ","0",0," "," ","0",117," "," ","0",150," "," ","0",72," "," ","0",72," "," ","0",56," "," ","0",89," "," ","0",128," "," ","0",67," "," ","0",72," "," ","0",72," "," ","0",100," "," ","0",56," "," ","0",78," "," ","0",50," "," ","0",28," "," ","0",11," "," ","0",39," "," ","0",28," "," ","0",-11," "," ","0",6," "," ","0",11," "," ","0",17," "," ","0",39," "," ","0",61," "," ","0"
"1870","USC00359461",1995,3,"PRCP",0," "," ","0",0," "," ","0",69," "," ","0",13," "," ","0",81," "," ","0",3," "," ","0",0," "," ","0",0,"T"," ","0",33," "," ","0",81," "," ","0",25," "," ","0",15," "," ","0",81," "," ","0",15," "," ","0",97," "," ","0",0,"T"," ","0",0," "," ","0",61," "," ","0",23," "," ","0",193," "," ","0",43," "," ","0",58," "," ","0",3," "," ","0",69," "," ","0",38," "," ","0",0," "," ","0",0," "," ","0",0," "," ","0",0," "," ","0",0," "," ","0",0," "," ","0"
"1871","USC00359461",1995,3,"SNOW",0,"P"," ","0",0,"P"," ","0",0,"P"," ","0",0,"P"," ","0",0,"P"," ","0",0,"P"," ","0",0,"P"," ","0",0,"P"," ","0",0,"P"," ","0",0,"P"," ","0",0,"P"," ","0",0,"P"," ","0",0,"P"," ","0",0,"P"," ","0",0,"P"," ","0",0,"P"," ","0",0,"P"," ","0",0,"P"," ","0",0,"P"," ","0",0,"P"," ","0",0,"P"," ","0",0,"P"," ","0",0,"P"," ","0",0,"P"," ","0",0,"P"," ","0",0,"P"," ","0",0,"P"," ","0",0,"P"," ","0",0,"P"," ","0",0,"P"," ","0",0,"P"," ","0"
"1872","USC00359461",1995,3,"SNWD",0," "," ","0",0,"P"," ","0",0,"P"," ","0",0,"P"," ","0",0,"P"," ","0",0,"P"," ","0",0,"P"," ","0",0,"P"," ","0",0,"P"," ","0",0,"P"," ","0",0,"P"," ","0",0,"P"," ","0",0,"P"," ","0",0,"P"," ","0",0,"P"," ","0",0,"P"," ","0",0,"P"," ","0",0,"P"," ","0",0,"P"," ","0",0,"P"," ","0",0,"P"," ","0",0,"P"," ","0",0,"P"," ","0",0,"P"," ","0",0,"P"," ","0",0,"P"," ","0",0,"P"," ","0",0,"P"," ","0",0,"P"," ","0",0,"P"," ","0",0,"P"," ","0"
"1873","USC00359461",1995,4,"TMAX",156," "," ","0",156," "," ","0",189," "," ","0",228," "," ","0",139," "," ","0",133," "," ","0",194," "," ","0",139," "," ","0",78," "," ","0",128," "," ","0",172," "," ","0",156," "," ","0",183," "," ","0",100," "," ","0",106," "," ","0",128," "," ","0",172," "," ","0",106," "," ","0",117," "," ","0",139," "," ","0",94," "," ","0",161," "," ","0",228," "," ","0",256," "," ","0",250," "," ","0",211," "," ","0",161," "," ","0",139," "," ","0",167," "," ","0",161," "," ","0",NA," "," "," "
"1874","USC00359461",1995,4,"TMIN",56," "," ","0",22," "," ","0",17," "," ","0",39," "," ","0",56," "," ","0",78," "," ","0",78," "," ","0",50," "," ","0",39," "," ","0",33," "," ","0",33," "," ","0",89," "," ","0",67," "," ","0",39," "," ","0",17," "," ","0",17," "," ","0",22," "," ","0",22," "," ","0",22," "," ","0",33," "," ","0",39," "," ","0",22," "," ","0",22," "," ","0",44," "," ","0",50," "," ","0",50," "," ","0",72," "," ","0",72," "," ","0",83," "," ","0",78," "," ","0",NA," "," "," "
"1875","USC00359461",1995,4,"TOBS",61," "," ","0",22," "," ","0",44," "," ","0",61," "," ","0",106," "," ","0",83," "," ","0",100," "," ","0",56," "," ","0",44," "," ","0",39," "," ","0",89," "," ","0",100," "," ","0",67," "," ","0",39," "," ","0",33," "," ","0",22," "," ","0",67," "," ","0",28," "," ","0",33," "," ","0",50," "," ","0",50," "," ","0",22," "," ","0",50," "," ","0",56," "," ","0",50," "," ","0",72," "," ","0",78," "," ","0",83," "," ","0",100," "," ","0",83," "," ","0",NA," "," "," "
"1876","USC00359461",1995,4,"PRCP",36," "," ","0",0," "," ","0",0," "," ","0",0," "," ","0",36," "," ","0",0," "," ","0",86," "," ","0",81," "," ","0",277," "," ","0",0,"T"," ","0",13," "," ","0",0," "," ","0",91," "," ","0",119," "," ","0",5," "," ","0",0," "," ","0",3," "," ","0",43," "," ","0",18," "," ","0",76," "," ","0",107," "," ","0",0," "," ","0",0," "," ","0",0," "," ","0",0," "," ","0",0," "," ","0",0," "," ","0",135," "," ","0",89," "," ","0",5," "," ","0",NA," "," "," "
"1877","USC00359461",1995,4,"SNOW",0,"P"," ","0",0,"P"," ","0",0,"P"," ","0",0,"P"," ","0",0,"P"," ","0",0,"P"," ","0",0,"P"," ","0",0,"P"," ","0",0,"P"," ","0",0,"P"," ","0",0,"P"," ","0",0,"P"," ","0",0,"P"," ","0",0,"P"," ","0",0,"P"," ","0",0,"P"," ","0",0,"P"," ","0",0,"P"," ","0",0,"P"," ","0",0,"P"," ","0",0,"P"," ","0",0,"P"," ","0",0,"P"," ","0",0,"P"," ","0",0,"P"," ","0",0,"P"," ","0",0,"P"," ","0",0,"P"," ","0",0,"P"," ","0",0,"P"," ","0",NA," "," "," "
"1878","USC00359461",1995,4,"SNWD",0,"P"," ","0",0,"P"," ","0",0,"P"," ","0",0,"P"," ","0",0,"P"," ","0",0,"P"," ","0",0,"P"," ","0",0,"P"," ","0",0,"P"," ","0",0,"P"," ","0",0,"P"," ","0",0,"P"," ","0",0,"P"," ","0",0,"P"," ","0",0,"P"," ","0",0,"P"," ","0",0,"P"," ","0",0,"P"," ","0",0,"P"," ","0",0,"P"," ","0",0,"P"," ","0",0,"P"," ","0",0,"P"," ","0",0,"P"," ","0",0,"P"," ","0",0,"P"," ","0",0,"P"," ","0",0,"P"," ","0",0,"P"," ","0",0,"P"," ","0",NA," "," "," "
"1879","USC00359461",1995,5,"TMAX",194," "," ","0",189," "," ","0",167," "," ","0",183," "," ","0",161," "," ","0",144," "," ","0",139," "," ","0",183," "," ","0",211," "," ","0",200," "," ","0",172," "," ","0",144," "," ","0",172," "," ","0",194," "," ","0",256," "," ","0",217," "," ","0",172," "," ","0",167," "," ","0",178," "," ","0",233," "," ","0",267," "," ","0",239," "," ","0",244," "," ","0",228," "," ","0",267," "," ","0",278," "," ","0",278," "," ","0",250," "," ","0",300," "," ","0",306," "," ","0",289," "," ","0"
"1880","USC00359461",1995,5,"TMIN",78," "," ","0",78," "," ","0",67," "," ","0",61," "," ","0",50," "," ","0",44," "," ","0",61," "," ","0",67," "," ","0",78," "," ","0",89," "," ","0",83," "," ","0",56," "," ","0",56," "," ","0",61," "," ","0",61," "," ","0",72," "," ","0",117," "," ","0",78," "," ","0",56," "," ","0",56," "," ","0",72," "," ","0",89," "," ","0",89," "," ","0",72," "," ","0",72," "," ","0",83," "," ","0",89," "," ","0",94," "," ","0",100," "," ","0",117," "," ","0",122," "," ","0"
"1881","USC00359461",1995,5,"TOBS",111," "," ","0",89," "," ","0",67," "," ","0",106," "," ","0",50," "," ","0",106," "," ","0",72," "," ","0",83," "," ","0",106," "," ","0",94," "," ","0",83," "," ","0",56," "," ","0",83," "," ","0",67," "," ","0",89," "," ","0",117," "," ","0",117," "," ","0",78," "," ","0",56," "," ","0",78," "," ","0",100," "," ","0",89," "," ","0",111," "," ","0",72," "," ","0",106," "," ","0",89," "," ","0",100," "," ","0",106," "," ","0",122," "," ","0",128," "," ","0",144," "," ","0"
"1882","USC00359461",1995,5,"PRCP",91," "," ","0",71," "," ","0",5," "," ","0",0,"T"," ","0",13," "," ","0",15," "," ","0",0," "," ","0",0," "," ","0",5," "," ","0",25," "," ","0",51," "," ","0",18," "," ","0",0,"T"," ","0",0," "," ","0",0," "," ","0",0," "," ","0",0," "," ","0",0," "," ","0",0," "," ","0",0," "," ","0",0," "," ","0",0," "," ","0",0," "," ","0",0," "," ","0",0," "," ","0",0," "," ","0",0," "," ","0",0," "," ","0",0," "," ","0",0," "," ","0",0," "," ","0"
"1883","USC00359461",1995,5,"SNOW",0,"P"," ","0",0,"P"," ","0",0,"P"," ","0",0,"P"," ","0",0,"P"," ","0",0,"P"," ","0",0,"P"," ","0",0,"P"," ","0",0,"P"," ","0",0,"P"," ","0",0,"P"," ","0",0,"P"," ","0",0,"P"," ","0",0,"P"," ","0",0,"P"," ","0",0,"P"," ","0",0,"P"," ","0",0,"P"," ","0",0,"P"," ","0",0,"P"," ","0",0,"P"," ","0",0,"P"," ","0",0,"P"," ","0",0,"P"," ","0",0,"P"," ","0",0,"P"," ","0",0,"P"," ","0",0,"P"," ","0",0,"P"," ","0",0,"P"," ","0",0,"P"," ","0"
"1884","USC00359461",1995,5,"SNWD",0,"P"," ","0",0,"P"," ","0",0,"P"," ","0",0,"P"," ","0",0,"P"," ","0",0,"P"," ","0",0,"P"," ","0",0,"P"," ","0",0,"P"," ","0",0,"P"," ","0",0,"P"," ","0",0,"P"," ","0",0,"P"," ","0",0,"P"," ","0",0,"P"," ","0",0,"P"," ","0",0,"P"," ","0",0,"P"," ","0",0,"P"," ","0",0,"P"," ","0",0,"P"," ","0",0,"P"," ","0",0,"P"," ","0",0,"P"," ","0",0,"P"," ","0",0,"P"," ","0",0,"P"," ","0",0,"P"," ","0",0,"P"," ","0",0,"P"," ","0",0,"P"," ","0"
"1885","USC00359461",1995,6,"TMAX",283," "," ","0",244," "," ","0",244," "," ","0",256," "," ","0",206," "," ","0",144," "," ","0",144," "," ","0",211," "," ","0",256," "," ","0",228," "," ","0",183," "," ","0",228," "," ","0",217," "," ","0",156," "," ","0",167," "," ","0",200," "," ","0",194," "," ","0",189," "," ","0",144," "," ","0",172," "," ","0",183," "," ","0",206," "," ","0",272," "," ","0",300," "," ","0",294," "," ","0",294," "," ","0",306," "," ","0",328," "," ","0",344," "," ","0",356," "," ","0",NA," "," "," "
"1886","USC00359461",1995,6,"TMIN",117," "," ","0",100," "," ","0",111," "," ","0",100," "," ","0",83," "," ","0",72," "," ","0",78," "," ","0",72," "," ","0",78," "," ","0",106," "," ","0",78," "," ","0",67," "," ","0",67," "," ","0",111," "," ","0",100," "," ","0",100," "," ","0",122," "," ","0",111," "," ","0",106," "," ","0",89," "," ","0",106," "," ","0",78," "," ","0",100," "," ","0",128," "," ","0",133," "," ","0",133," "," ","0",133," "," ","0",133," "," ","0",122," "," ","0",128," "," ","0",NA," "," "," "
"1887","USC00359461",1995,6,"TOBS",117," "," ","0",111," "," ","0",128," "," ","0",106," "," ","0",89," "," ","0",83," "," ","0",100," "," ","0",83," "," ","0",106," "," ","0",139," "," ","0",83," "," ","0",67," "," ","0",111," "," ","0",117," "," ","0",106," "," ","0",128," "," ","0",122," "," ","0",111," "," ","0",111," "," ","0",100," "," ","0",122," "," ","0",100," "," ","0",128," "," ","0",133," "," ","0",133," "," ","0",167," "," ","0",133," "," ","0",128," "," ","0",128," "," ","0",150," "," ","0",NA," "," "," "
"1888","USC00359461",1995,6,"PRCP",0," "," ","0",0," "," ","0",0," "," ","0",0," "," ","0",18," "," ","0",76," "," ","0",28," "," ","0",0," "," ","0",0," "," ","0",0," "," ","0",41," "," ","0",0," "," ","0",0," "," ","0",122," "," ","0",173," "," ","0",0," "," ","0",13," "," ","0",13," "," ","0",33," "," ","0",25," "," ","0",3," "," ","0",0," "," ","0",0," "," ","0",0," "," ","0",0," "," ","0",0," "," ","0",0," "," ","0",0," "," ","0",0," "," ","0",0," "," ","0",NA," "," "," "
"1889","USC00359461",1995,6,"SNOW",0,"P"," ","0",0,"P"," ","0",0,"P"," ","0",0,"P"," ","0",0,"P"," ","0",0,"P"," ","0",0,"P"," ","0",0,"P"," ","0",0,"P"," ","0",0,"P"," ","0",0,"P"," ","0",0,"P"," ","0",0,"P"," ","0",0,"P"," ","0",0,"P"," ","0",0,"P"," ","0",0,"P"," ","0",0,"P"," ","0",0,"P"," ","0",0,"P"," ","0",0,"P"," ","0",0,"P"," ","0",0,"P"," ","0",0,"P"," ","0",0,"P"," ","0",0,"P"," ","0",0,"P"," ","0",0,"P"," ","0",0,"P"," ","0",0,"P"," ","0",NA," "," "," "
"1890","USC00359461",1995,6,"SNWD",0,"P"," ","0",0,"P"," ","0",0,"P"," ","0",0,"P"," ","0",0,"P"," ","0",0,"P"," ","0",0,"P"," ","0",0,"P"," ","0",0,"P"," ","0",0,"P"," ","0",0,"P"," ","0",0,"P"," ","0",0,"P"," ","0",0,"P"," ","0",0,"P"," ","0",0,"P"," ","0",0,"P"," ","0",0,"P"," ","0",0,"P"," ","0",0,"P"," ","0",0,"P"," ","0",0,"P"," ","0",0,"P"," ","0",0,"P"," ","0",0,"P"," ","0",0,"P"," ","0",0,"P"," ","0",0,"P"," ","0",0,"P"," ","0",0,"P"," ","0",NA," "," "," "
"1891","USC00359461",1995,7,"TMAX",322," "," ","0",322," "," ","0",278," "," ","0",267," "," ","0",278," "," ","0",272," "," ","0",239," "," ","0",256," "," ","0",300," "," ","0",217," "," ","0",233," "," ","0",239," "," ","0",244," "," ","0",261," "," ","0",272," "," ","0",278," "," ","0",333," "," ","0",361," "," ","0",294," "," ","0",339," "," ","0",300," "," ","0",278," "," ","0",250," "," ","0",256," "," ","0",272," "," ","0",278," "," ","0",272," "," ","0",289," "," ","0",294," "," ","0",244," "," ","0",272," "," ","0"
"1892","USC00359461",1995,7,"TMIN",139," "," ","0",144," "," ","0",139," "," ","0",150," "," ","0",144," "," ","0",144," "," ","0",128," "," ","0",128," "," ","0",144," "," ","0",106," "," ","0",106," "," ","0",111," "," ","0",100," "," ","0",94," "," ","0",100," "," ","0",144," ","I","0",150," "," ","0",161," "," ","0",178," "," ","0",172," "," ","0",156," "," ","0",156," "," ","0",156," "," ","0",156," "," ","0",150," "," ","0",150," "," ","0",144," "," ","0",144," "," ","0",144," "," ","0",128," "," ","0",122," "," ","0"
"1893","USC00359461",1995,7,"TOBS",156," "," ","0",150," "," ","0",172," "," ","0",161," "," ","0",156," "," ","0",150," "," ","0",133," "," ","0",144," "," ","0",167," "," ","0",111," "," ","0",133," "," ","0",111," "," ","0",106," "," ","0",122," "," ","0",122," ","I","0",156," "," ","0",167," "," ","0",183," "," ","0",178," "," ","0",183," "," ","0",161," "," ","0",156," "," ","0",161," "," ","0",172," "," ","0",161," "," ","0",150," "," ","0",183," "," ","0",167," "," ","0",150," "," ","0",128," "," ","0",128," "," ","0"
"1894","USC00359461",1995,7,"PRCP",0," "," ","0",0," "," ","0",0," "," ","0",0," "," ","0",0," "," ","0",0," "," ","0",23," "," ","0",15," "," ","0",56," "," ","0",5," "," ","0",0," "," ","0",0," "," ","0",0," "," ","0",0," "," ","0",0," "," ","0",0," "," ","0",0," "," ","0",0," "," ","0",0," "," ","0",10," "," ","0",0," "," ","0",0,"T"," ","0",0," "," ","0",0," "," ","0",0," "," ","0",0," "," ","0",0," "," ","0",0," "," ","0",0," "," ","0",0," "," ","0",0," "," ","0"
"1895","USC00359461",1995,7,"SNOW",0,"P"," ","0",0,"P"," ","0",0,"P"," ","0",0,"P"," ","0",0,"P"," ","0",0,"P"," ","0",0,"P"," ","0",0,"P"," ","0",0,"P"," ","0",0,"P"," ","0",0,"P"," ","0",0,"P"," ","0",0,"P"," ","0",0,"P"," ","0",0,"P"," ","0",0,"P"," ","0",0,"P"," ","0",0,"P"," ","0",0,"P"," ","0",0,"P"," ","0",0,"P"," ","0",0,"P"," ","0",0,"P"," ","0",0,"P"," ","0",0,"P"," ","0",0,"P"," ","0",0,"P"," ","0",0,"P"," ","0",0,"P"," ","0",0,"P"," ","0",0,"P"," ","0"
"1896","USC00359461",1995,7,"SNWD",0,"P"," ","0",0,"P"," ","0",0,"P"," ","0",0,"P"," ","0",0,"P"," ","0",0,"P"," ","0",0,"P"," ","0",0,"P"," ","0",0,"P"," ","0",0,"P"," ","0",0,"P"," ","0",0,"P"," ","0",0,"P"," ","0",0,"P"," ","0",0,"P"," ","0",0,"P"," ","0",0,"P"," ","0",0,"P"," ","0",0,"P"," ","0",0,"P"," ","0",0,"P"," ","0",0,"P"," ","0",0,"P"," ","0",0,"P"," ","0",0,"P"," ","0",0,"P"," ","0",0,"P"," ","0",0,"P"," ","0",0,"P"," ","0",0,"P"," ","0",0,"P"," ","0"
"1897","USC00359461",1995,7,"EVAP",NA," "," "," ",NA," "," "," ",NA," "," "," ",66," "," ","0",48," "," ","0",56," "," ","0",38," "," ","0",33," "," ","0",66," "," ","0",20," "," ","0",43," "," ","0",56," "," ","0",69," "," ","0",58," "," ","0",81," "," ","0",66," "," ","0",74," "," ","0",81," "," ","0",38," "," ","0",28," "," ","0",56," "," ","0",51," "," ","0",46," "," ","0",58," "," ","0",53," "," ","0",66," "," ","0",53," "," ","0",69," "," ","0",89," "," ","0",81," "," ","0",76," "," ","0"
"1898","USC00359461",1995,8,"TMAX",328," "," ","0",333," "," ","0",306," "," ","0",311," "," ","0",328," "," ","0",317," "," ","0",311," "," ","0",222," "," ","0",261," "," ","0",294," "," ","0",217," "," ","0",261," "," ","0",256," "," ","0",267," "," ","0",317," "," ","0",239," "," ","0",200," "," ","0",222," "," ","0",267," "," ","0",306," "," ","0",333," "," ","0",294," "," ","0",300," "," ","0",244," "," ","0",244," "," ","0",267," "," ","0",272," "," ","0",261," "," ","0",261," "," ","0",256," "," ","0",256," "," ","0"
"1899","USC00359461",1995,8,"TMIN",117," "," ","0",139," "," ","0",144," "," ","0",189," ","I","0",172," "," ","0",128," "," ","0",122," "," ","0",100," "," ","0",89," "," ","0",89," "," ","0",106," "," ","0",89," "," ","0",89," "," ","0",100," "," ","0",83," "," ","0",106," "," ","0",111," "," ","0",83," "," ","0",72," "," ","0",83," "," ","0",106," "," ","0",106," "," ","0",106," "," ","0",106," "," ","0",100," "," ","0",78," "," ","0",72," "," ","0",94," "," ","0",117," "," ","0",122," "," ","0",111," "," ","0"
"1900","USC00359461",1995,8,"TOBS",150," "," ","0",156," "," ","0",172," ","I","0",189," "," ","0",178," "," ","0",128," "," ","0",122," "," ","0",100," "," ","0",106," "," ","0",156," "," ","0",106," "," ","0",106," "," ","0",111," "," ","0",100," "," ","0",167," "," ","0",117," "," ","0",111," "," ","0",83," "," ","0",100," "," ","0",111," "," ","0",122," "," ","0",117," "," ","0",156," "," ","0",106," "," ","0",100," "," ","0",78," "," ","0",100," "," ","0",156," "," ","0",128," "," ","0",161," "," ","0",117," "," ","0"
"1901","USC00359461",1995,8,"PRCP",0," "," ","0",0," "," ","0",0," "," ","0",0," "," ","0",0," "," ","0",0," "," ","0",0," "," ","0",0," "," ","0",0," "," ","0",0," "," ","0",10," "," ","0",0," "," ","0",0," "," ","0",0," "," ","0",0," "," ","0",0," "," ","0",13," "," ","0",0," "," ","0",0," "," ","0",0," "," ","0",0," "," ","0",0," "," ","0",0," "," ","0",0," "," ","0",0," "," ","0",0," "," ","0",0," "," ","0",0," "," ","0",15," "," ","0",0," "," ","0",0," "," ","0"
"1902","USC00359461",1995,8,"SNOW",0,"P"," ","0",0,"P"," ","0",0,"P"," ","0",0,"P"," ","0",0,"P"," ","0",0,"P"," ","0",0,"P"," ","0",0,"P"," ","0",0,"P"," ","0",0,"P"," ","0",0,"P"," ","0",0,"P"," ","0",0,"P"," ","0",0,"P"," ","0",0,"P"," ","0",0,"P"," ","0",0,"P"," ","0",0,"P"," ","0",0,"P"," ","0",0,"P"," ","0",0,"P"," ","0",0,"P"," ","0",0,"P"," ","0",0,"P"," ","0",0,"P"," ","0",0,"P"," ","0",0,"P"," ","0",0,"P"," ","0",0,"P"," ","0",0,"P"," ","0",0,"P"," ","0"
"1903","USC00359461",1995,8,"SNWD",0,"P"," ","0",0,"P"," ","0",0,"P"," ","0",0,"P"," ","0",0,"P"," ","0",0,"P"," ","0",0,"P"," ","0",0,"P"," ","0",0,"P"," ","0",0,"P"," ","0",0,"P"," ","0",0,"P"," ","0",0,"P"," ","0",0,"P"," ","0",0,"P"," ","0",0,"P"," ","0",0,"P"," ","0",0,"P"," ","0",0,"P"," ","0",0,"P"," ","0",0,"P"," ","0",0,"P"," ","0",0,"P"," ","0",0,"P"," ","0",0,"P"," ","0",0,"P"," ","0",0,"P"," ","0",0,"P"," ","0",0,"P"," ","0",0,"P"," ","0",0,"P"," ","0"
"1904","USC00359461",1995,8,"EVAP",74," "," ","0",86," "," ","0",74," "," ","0",84," "," ","0",86," "," ","0",86," "," ","0",64," "," ","0",48," "," ","0",69," "," ","0",71," "," ","0",33," "," ","0",46," "," ","0",61," "," ","0",69," "," ","0",66," "," ","0",58," "," ","0",5," "," ","0",33," "," ","0",53," "," ","0",58," "," ","0",64," "," ","0",69," "," ","0",58," "," ","0",38," "," ","0",61," "," ","0",51," "," ","0",51," "," ","0",48," "," ","0",53," "," ","0",25," "," ","0",28," "," ","0"
"1905","USC00359461",1995,9,"TMAX",300," "," ","0",311," "," ","0",267," "," ","0",222," "," ","0",250," "," ","0",250," "," ","0",239," "," ","0",244," "," ","0",278," "," ","0",311," "," ","0",283," "," ","0",300," "," ","0",317," "," ","0",328," "," ","0",317," "," ","0",233," "," ","0",200," "," ","0",217," "," ","0",272," "," ","0",283," "," ","0",300," "," ","0",344," "," ","0",328," "," ","0",294," "," ","0",278," "," ","0",217," "," ","0",194," "," ","0",206," "," ","0",178," "," ","0",161," "," ","0",NA," "," "," "
"1906","USC00359461",1995,9,"TMIN",106," "," ","0",111," "," ","0",133," "," ","0",139," "," ","0",122," "," ","0",128," "," ","0",128," "," ","0",111," "," ","0",100," "," ","0",117," "," ","0",117," "," ","0",117," "," ","0",111," "," ","0",122," "," ","0",161," ","I","0",156," "," ","0",156," "," ","0",156," "," ","0",111," "," ","0",100," "," ","0",117," "," ","0",106," "," ","0",106," "," ","0",106," "," ","0",128," "," ","0",128," "," ","0",122," "," ","0",133," "," ","0",122," "," ","0",122," "," ","0",NA," "," "," "
"1907","USC00359461",1995,9,"TOBS",133," "," ","0",144," "," ","0",156," "," ","0",139," "," ","0",144," "," ","0",150," "," ","0",133," "," ","0",111," "," ","0",128," "," ","0",128," "," ","0",128," "," ","0",122," "," ","0",133," "," ","0",122," ","I","0",161," "," ","0",156," "," ","0",161," "," ","0",161," "," ","0",117," "," ","0",128," "," ","0",139," "," ","0",111," "," ","0",111," "," ","0",133," "," ","0",156," "," ","0",128," "," ","0",139," "," ","0",133," "," ","0",122," "," ","0",133," "," ","0",NA," "," "," "
"1908","USC00359461",1995,9,"PRCP",0," "," ","0",0," "," ","0",0," "," ","0",0," "," ","0",0," "," ","0",0," "," ","0",0," "," ","0",0," "," ","0",0," "," ","0",0," "," ","0",0," "," ","0",0," "," ","0",0," "," ","0",0," "," ","0",0," "," ","0",0,"T"," ","0",0," "," ","0",0," "," ","0",0," "," ","0",0," "," ","0",0," "," ","0",0," "," ","0",0," "," ","0",0," "," ","0",89," "," ","0",30," "," ","0",41," "," ","0",58," "," ","0",58," "," ","0",41," "," ","0",NA," "," "," "
"1909","USC00359461",1995,9,"SNOW",0,"P"," ","0",0,"P"," ","0",0,"P"," ","0",0,"P"," ","0",0,"P"," ","0",0,"P"," ","0",0,"P"," ","0",0,"P"," ","0",0,"P"," ","0",0,"P"," ","0",0,"P"," ","0",0,"P"," ","0",0,"P"," ","0",0,"P"," ","0",0,"P"," ","0",0,"P"," ","0",0,"P"," ","0",0,"P"," ","0",0,"P"," ","0",0,"P"," ","0",0,"P"," ","0",0,"P"," ","0",0,"P"," ","0",0,"P"," ","0",0,"P"," ","0",0,"P"," ","0",0,"P"," ","0",0,"P"," ","0",0,"P"," ","0",0,"P"," ","0",NA," "," "," "
"1910","USC00359461",1995,9,"SNWD",0,"P"," ","0",0,"P"," ","0",0,"P"," ","0",0,"P"," ","0",0,"P"," ","0",0,"P"," ","0",0,"P"," ","0",0,"P"," ","0",0,"P"," ","0",0,"P"," ","0",0,"P"," ","0",0,"P"," ","0",0,"P"," ","0",0,"P"," ","0",0,"P"," ","0",0,"P"," ","0",0,"P"," ","0",0,"P"," ","0",0,"P"," ","0",0,"P"," ","0",0,"P"," ","0",0,"P"," ","0",0,"P"," ","0",0,"P"," ","0",0,"P"," ","0",0,"P"," ","0",0,"P"," ","0",0,"P"," ","0",0,"P"," ","0",0,"P"," ","0",NA," "," "," "
"1911","USC00359461",1995,9,"EVAP",43," "," ","0",56," "," ","0",46," "," ","0",28," "," ","0",46," "," ","0",38," "," ","0",30," "," ","0",48," "," ","0",43," "," ","0",43," "," ","0",41," "," ","0",58," "," ","0",53," "," ","0",51," "," ","0",20," "," ","0",18," "," ","0",18," "," ","0",23," "," ","0",43," "," ","0",38," "," ","0",53," "," ","0",51," "," ","0",38," "," ","0",38," "," ","0",89," "," ","0",30," "," ","0",41," "," ","0",58," "," ","0",58," "," ","0",41," "," ","0",NA," "," "," "
"1912","USC00359461",1995,10,"TMAX",194," "," ","0",194," "," ","0",239," "," ","0",183," "," ","0",156," "," ","0",222," "," ","0",194," "," ","0",200," "," ","0",194," "," ","0",211," "," ","0",217," "," ","0",156," "," ","0",161," "," ","0",178," "," ","0",233," "," ","0",244," "," ","0",211," "," ","0",183," "," ","0",167," "," ","0",206," "," ","0",144," "," ","0",144," "," ","0",106," "," ","0",167," "," ","0",189," "," ","0",172," "," ","0",172," "," ","0",133," "," ","0",150," "," ","0",128," "," ","0",139," "," ","0"
"1913","USC00359461",1995,10,"TMIN",83," "," ","0",72," "," ","0",72," "," ","0",56," "," ","0",50," "," ","0",50," "," ","0",56," "," ","0",50," "," ","0",61," "," ","0",106," "," ","0",117," "," ","0",61," "," ","0",44," "," ","0",50," "," ","0",67," "," ","0",67," "," ","0",94," "," ","0",72," "," ","0",56," "," ","0",72," "," ","0",78," "," ","0",50," "," ","0",50," "," ","0",67," "," ","0",78," "," ","0",111," "," ","0",89," "," ","0",94," "," ","0",56," "," ","0",56," "," ","0",61," "," ","0"
"1914","USC00359461",1995,10,"TOBS",89," "," ","0",72," "," ","0",150," "," ","0",56," "," ","0",56," "," ","0",106," "," ","0",56," "," ","0",67," "," ","0",111," "," ","0",122," "," ","0",133," "," ","0",67," "," ","0",56," "," ","0",67," "," ","0",67," "," ","0",133," "," ","0",94," "," ","0",89," "," ","0",78," "," ","0",83," "," ","0",89," "," ","0",61," "," ","0",78," "," ","0",83," "," ","0",117," "," ","0",122," "," ","0",106," "," ","0",94," "," ","0",67," "," ","0",78," "," ","0",61," "," ","0"
"1915","USC00359461",1995,10,"PRCP",20," "," ","0",0," "," ","0",0," "," ","0",0," "," ","0",13," "," ","0",0," "," ","0",0," "," ","0",0," "," ","0",10," "," ","0",0," "," ","0",135," "," ","0",48," "," ","0",3," "," ","0",0,"T"," ","0",0," "," ","0",0," "," ","0",0,"T"," ","0",86," "," ","0",0," "," ","0",0," "," ","0",23," "," ","0",20," "," ","0",0," "," ","0",0," "," ","0",0," "," ","0",91," "," ","0",13," "," ","0",0," "," ","0",0," "," ","0",0,"T"," ","0",0," "," ","0"
"1916","USC00359461",1995,10,"SNOW",0,"P"," ","0",0,"P"," ","0",0,"P"," ","0",0,"P"," ","0",0,"P"," ","0",0,"P"," ","0",0,"P"," ","0",0,"P"," ","0",0,"P"," ","0",0,"P"," ","0",0,"P"," ","0",0,"P"," ","0",0,"P"," ","0",0,"P"," ","0",0,"P"," ","0",0,"P"," ","0",0,"P"," ","0",0,"P"," ","0",0,"P"," ","0",0,"P"," ","0",0,"P"," ","0",0,"P"," ","0",0,"P"," ","0",0,"P"," ","0",0,"P"," ","0",0,"P"," ","0",0,"P"," ","0",0,"P"," ","0",0,"P"," ","0",0,"P"," ","0",0,"P"," ","0"
"1917","USC00359461",1995,10,"SNWD",0,"P"," ","0",0,"P"," ","0",0,"P"," ","0",0,"P"," ","0",0,"P"," ","0",0,"P"," ","0",0,"P"," ","0",0,"P"," ","0",0,"P"," ","0",0,"P"," ","0",0,"P"," ","0",0,"P"," ","0",0,"P"," ","0",0,"P"," ","0",0,"P"," ","0",0,"P"," ","0",0,"P"," ","0",0,"P"," ","0",0,"P"," ","0",0,"P"," ","0",0,"P"," ","0",0,"P"," ","0",0,"P"," ","0",0,"P"," ","0",0,"P"," ","0",0,"P"," ","0",0,"P"," ","0",0,"P"," ","0",0,"P"," ","0",0,"P"," ","0",0,"P"," ","0"
"1918","USC00359461",1995,10,"EVAP",0," "," ","0",25," "," ","0",25," "," ","0",15," "," ","0",38," "," ","0",20," "," ","0",15," "," ","0",15," "," ","0",0," "," ","0",25," "," ","0",0," "," ","0",0," "," ","0",10," "," ","0",13," "," ","0",18," "," ","0",5," "," ","0",18," "," ","0",0," "," ","0",38," "," ","0",15," "," ","0",0," "," ","0",0," "," ","0",20," "," ","0",8," "," ","0",13," "," ","0",0," "," ","0",NA," "," "," ",NA," "," "," ",NA," "," "," ",NA," "," "," ",NA," "," "," "
"1919","USC00359461",1995,11,"TMAX",94," "," ","0",117," "," ","0",100," "," ","0",100," "," ","0",100," "," ","0",122," "," ","0",128," "," ","0",178," "," ","0",172," "," ","0",117," "," ","0",156," "," ","0",156," "," ","0",139," "," ","0",217," "," ","0",189," "," ","0",156," "," ","0",167," "," ","0",150," "," ","0",128," "," ","0",100," "," ","0",122," "," ","0",133," "," ","0",150," "," ","0",161," "," ","0",156," "," ","0",122," "," ","0",111," "," ","0",106," "," ","0",167," "," ","0",144," "," ","0",NA," "," "," "
"1920","USC00359461",1995,11,"TMIN",39," "," ","0",6," "," ","0",-17," "," ","0",-11," "," ","0",-11," "," ","0",67," "," ","0",72," "," ","0",100," "," ","0",78," "," ","0",78," "," ","0",78," "," ","0",106," "," ","0",106," "," ","0",117," "," ","0",111," "," ","0",117," "," ","0",94," "," ","0",83," "," ","0",78," "," ","0",78," "," ","0",72," "," ","0",83," "," ","0",89," "," ","0",100," "," ","0",111," "," ","0",50," "," ","0",61," "," ","0",72," "," ","0",89," "," ","0",89," "," ","0",NA," "," "," "
"1921","USC00359461",1995,11,"TOBS",56," "," ","0",6," "," ","0",-6," "," ","0",-6," "," ","0",72," "," ","0",78," "," ","0",100," "," ","0",122," "," ","0",78," "," ","0",78," "," ","0",156," "," ","0",111," "," ","0",128," "," ","0",122," "," ","0",117," "," ","0",122," "," ","0",100," "," ","0",83," "," ","0",78," "," ","0",89," "," ","0",83," "," ","0",111," "," ","0",106," "," ","0",111," "," ","0",117," "," ","0",61," "," ","0",72," "," ","0",89," "," ","0",89," "," ","0",122," "," ","0",NA," "," "," "
"1922","USC00359461",1995,11,"PRCP",0," "," ","0",0," "," ","0",0," "," ","0",0," "," ","0",15," "," ","0",3," "," ","0",13," "," ","0",3," "," ","0",97," "," ","0",13," "," ","0",10," "," ","0",274," "," ","0",56," "," ","0",3," "," ","0",0,"T"," ","0",23," "," ","0",0,"T"," ","0",46," "," ","0",3," "," ","0",0," "," ","0",0,"T"," ","0",13," "," ","0",0," "," ","0",51," "," ","0",69," "," ","0",264," "," ","0",10," "," ","0",163," "," ","0",3," "," ","0",124," "," ","0",NA," "," "," "
"1923","USC00359461",1995,11,"SNOW",0,"P"," ","0",0,"P"," ","0",0,"P"," ","0",0,"P"," ","0",0,"P"," ","0",0,"P"," ","0",0,"P"," ","0",0,"P"," ","0",0,"P"," ","0",0,"P"," ","0",0,"P"," ","0",0,"P"," ","0",0,"P"," ","0",0,"P"," ","0",0,"P"," ","0",0,"P"," ","0",0,"P"," ","0",0,"P"," ","0",0,"P"," ","0",0,"P"," ","0",0,"P"," ","0",0,"P"," ","0",0,"P"," ","0",0,"P"," ","0",0,"P"," ","0",0,"P"," ","0",0,"P"," ","0",0,"P"," ","0",0,"P"," ","0",0,"P"," ","0",NA," "," "," "
"1924","USC00359461",1995,11,"SNWD",0,"P"," ","0",0,"P"," ","0",0,"P"," ","0",0,"P"," ","0",0,"P"," ","0",0,"P"," ","0",0,"P"," ","0",0,"P"," ","0",0,"P"," ","0",0,"P"," ","0",0,"P"," ","0",0,"P"," ","0",0,"P"," ","0",0,"P"," ","0",0,"P"," ","0",0,"P"," ","0",0,"P"," ","0",0,"P"," ","0",0,"P"," ","0",0,"P"," ","0",0,"P"," ","0",0,"P"," ","0",0,"P"," ","0",0,"P"," ","0",0,"P"," ","0",0,"P"," ","0",0,"P"," ","0",0,"P"," ","0",0,"P"," ","0",0,"P"," ","0",NA," "," "," "
"1925","USC00359461",1995,12,"TMAX",156," "," ","0",139," "," ","0",94," "," ","0",139," "," ","0",111," "," ","0",67," "," ","0",83," "," ","0",100," "," ","0",94," "," ","0",189," "," ","0",194," "," ","0",167," "," ","0",144," "," ","0",117," "," ","0",117," "," ","0",83," "," ","0",94," "," ","0",111," "," ","0",100," "," ","0",100," "," ","0",111," "," ","0",89," "," ","0",72," "," ","0",28," "," ","0",22," "," ","0",44," "," ","0",67," "," ","0",56," "," ","0",89," "," ","0",117," "," ","0",144," "," ","0"
"1926","USC00359461",1995,12,"TMIN",89," "," ","0",44," "," ","0",44," "," ","0",50," "," ","0",56," "," ","0",50," "," ","0",56," "," ","0",61," "," ","0",67," "," ","0",83," "," ","0",94," "," ","0",94," "," ","0",67," "," ","0",50," "," ","0",44," "," ","0",44," "," ","0",44," "," ","0",61," "," ","0",56," "," ","0",56," "," ","0",17," "," ","0",17," "," ","0",-6," "," ","0",0," "," ","0",-6," "," ","0",-11," "," ","0",-11," "," ","0",17," "," ","0",17," "," ","0",78," "," ","0",100," "," ","0"
"1927","USC00359461",1995,12,"TOBS",89," "," ","0",50," "," ","0",50," "," ","0",72," "," ","0",56," "," ","0",56," "," ","0",72," "," ","0",72," "," ","0",89," "," ","0",100," "," ","0",111," "," ","0",139," "," ","0",67," "," ","0",117," "," ","0",56," "," ","0",50," "," ","0",67," "," ","0",78," "," ","0",61," "," ","0",72," "," ","0",17," "," ","0",28," "," ","0",6," "," ","0",0," "," ","0",-6," "," ","0",-6," "," ","0",33," "," ","0",22," "," ","0",83," "," ","0",111," "," ","0",100," "," ","0"
"1928","USC00359461",1995,12,"PRCP",175," "," ","0",8," "," ","0",28," "," ","0",74," "," ","0",145," "," ","0",145," "," ","0",53," "," ","0",58," "," ","0",180," "," ","0",3," "," ","0",71," "," ","0",368," "," ","0",259," "," ","0",8," "," ","0",249," "," ","0",30," "," ","0",0," "," ","0",137," "," ","0",3," "," ","0",0," "," ","0",0," "," ","0",0," "," ","0",0," "," ","0",0," "," ","0",0," "," ","0",0," "," ","0",0," "," ","0",51," "," ","0",284," "," ","0",119," "," ","0",20," "," ","0"
"1929","USC00359461",1995,12,"SNOW",0,"P"," ","0",0,"P"," ","0",0,"P"," ","0",0,"P"," ","0",0,"P"," ","0",0,"P"," ","0",0,"P"," ","0",0,"P"," ","0",0,"P"," ","0",0,"P"," ","0",0,"P"," ","0",0,"P"," ","0",0,"P"," ","0",0,"P"," ","0",0,"P"," ","0",0,"P"," ","0",0,"P"," ","0",0,"P"," ","0",0,"P"," ","0",0,"P"," ","0",0,"P"," ","0",0,"P"," ","0",0,"P"," ","0",0,"P"," ","0",0,"P"," ","0",0,"P"," ","0",0,"P"," ","0",0,"P"," ","0",0,"P"," ","0",0,"P"," ","0",0,"P"," ","0"
"1930","USC00359461",1995,12,"SNWD",0,"P"," ","0",0,"P"," ","0",0,"P"," ","0",0,"P"," ","0",0,"P"," ","0",0,"P"," ","0",0,"P"," ","0",0,"P"," ","0",0,"P"," ","0",0,"P"," ","0",0,"P"," ","0",0,"P"," ","0",0,"P"," ","0",0,"P"," ","0",0,"P"," ","0",0,"P"," ","0",0,"P"," ","0",0,"P"," ","0",0,"P"," ","0",0,"P"," ","0",0,"P"," ","0",0,"P"," ","0",0,"P"," ","0",0,"P"," ","0",0,"P"," ","0",0,"P"," ","0",0,"P"," ","0",0,"P"," ","0",0,"P"," ","0",0,"P"," ","0",0,"P"," ","0"
"1931","USC00359461",1996,1,"TMAX",133," "," ","0",117," "," ","0",133," "," ","0",128," "," ","0",117," "," ","0",94," "," ","0",117," "," ","0",106," "," ","0",139," "," ","0",117," "," ","0",122," "," ","0",94," "," ","0",83," "," ","0",89," "," ","0",106," "," ","0",150," "," ","0",89," "," ","0",89," "," ","0",94," "," ","0",89," "," ","0",78," "," ","0",61," "," ","0",56," "," ","0",61," "," ","0",56," "," ","0",67," "," ","0",61," "," ","0",78," "," ","0",78," "," ","0",61," "," ","0",6," "," ","0"
"1932","USC00359461",1996,1,"TMIN",44," "," ","0",39," "," ","0",22," "," ","0",39," "," ","0",44," "," ","0",39," "," ","0",39," "," ","0",72," "," ","0",83," "," ","0",67," "," ","0",33," "," ","0",33," "," ","0",39," "," ","0",39," "," ","0",61," "," ","0",72," "," ","0",17," "," ","0",28," "," ","0",33," "," ","0",50," "," ","0",39," "," ","0",6," "," ","0",0," "," ","0",28," "," ","0",17," "," ","0",17," "," ","0",22," "," ","0",33," "," ","0",44," "," ","0",0," "," ","0",-33," "," ","0"
"1933","USC00359461",1996,1,"TOBS",50," "," ","0",44," "," ","0",106," "," ","0",44," "," ","0",56," "," ","0",39," "," ","0",72," "," ","0",83," "," ","0",94," "," ","0",67," "," ","0",39," "," ","0",44," "," ","0",44," "," ","0",67," "," ","0",106," "," ","0",78," "," ","0",33," "," ","0",39," "," ","0",67," "," ","0",67," "," ","0",44," "," ","0",6," "," ","0",56," "," ","0",33," "," ","0",17," "," ","0",28," "," ","0",44," "," ","0",44," "," ","0",44," "," ","0",0," "," ","0",-33," "," ","0"
"1934","USC00359461",1996,1,"PRCP",3," "," ","0",0,"T"," ","0",5," "," ","0",13," "," ","0",15," "," ","0",15," "," ","0",8," "," ","0",132," "," ","0",130," "," ","0",99," "," ","0",3," "," ","0",0," "," ","0",0," "," ","0",0,"T"," ","0",119," "," ","0",33," "," ","0",99," "," ","0",15," "," ","0",165," "," ","0",185," "," ","0",419," "," ","0",46," "," ","0",23," "," ","0",274," "," ","0",173," "," ","0",51," "," ","0",203," "," ","0",102," "," ","0",61," "," ","0",13," "," ","0",10," "," ","0"
"1935","USC00359461",1996,1,"SNOW",0,"P"," ","0",0,"P"," ","0",0,"P"," ","0",0,"P"," ","0",0,"P"," ","0",0,"P"," ","0",0,"P"," ","0",0,"P"," ","0",0,"P"," ","0",0,"P"," ","0",0,"P"," ","0",0,"P"," ","0",0,"P"," ","0",0,"P"," ","0",0,"P"," ","0",0,"P"," ","0",0,"P"," ","0",0,"P"," ","0",0,"P"," ","0",0,"P"," ","0",0,"P"," ","0",0,"P"," ","0",0,"P"," ","0",0,"P"," ","0",0,"P"," ","0",0,"P"," ","0",0,"P"," ","0",0,"P"," ","0",0,"P"," ","0",0,"P"," ","0",0,"P"," ","0"
"1936","USC00359461",1996,1,"SNWD",0,"P"," ","0",0,"P"," ","0",0,"P"," ","0",0,"P"," ","0",0,"P"," ","0",0,"P"," ","0",0,"P"," ","0",0,"P"," ","0",0,"P"," ","0",0,"P"," ","0",0,"P"," ","0",0,"P"," ","0",0,"P"," ","0",0,"P"," ","0",0,"P"," ","0",0,"P"," ","0",0,"P"," ","0",0,"P"," ","0",0,"P"," ","0",0,"P"," ","0",0,"P"," ","0",0,"P"," ","0",0,"P"," ","0",0,"P"," ","0",0,"P"," ","0",0,"P"," ","0",0,"P"," ","0",0,"P"," ","0",0,"P"," ","0",0,"P"," ","0",0,"P"," ","0"
"1937","USC00359461",1996,2,"TMAX",33," "," ","0",39," "," ","0",22," "," ","0",56," "," ","0",133," "," ","0",150," "," ","0",161," "," ","0",183," "," ","0",194," "," ","0",111," "," ","0",139," "," ","0",139," "," ","0",128," "," ","0",144," "," ","0",178," "," ","0",183," "," ","0",178," "," ","0",183," "," ","0",122," "," ","0",139," "," ","0",150," "," ","0",72," "," ","0",94," "," ","0",56," "," ","0",56," "," ","0",56," "," ","0",78," "," ","0",83," "," ","0",117," "," ","0",NA," "," "," ",NA," "," "," "
"1938","USC00359461",1996,2,"TMIN",-33," "," ","0",-39," "," ","0",-28," "," ","0",-6," "," ","0",33," "," ","0",89," "," ","0",117," "," ","0",128," "," ","0",94," "," ","0",39," "," ","0",33," "," ","0",39," "," ","0",44," "," ","0",39," "," ","0",33," "," ","0",33," "," ","0",83," "," ","0",83," "," ","0",39," "," ","0",39," "," ","0",6," "," ","0",6," "," ","0",11," "," ","0",6," "," ","0",-11," "," ","0",-6," "," ","0",6," "," ","0",6," "," ","0",11," "," ","0",NA," "," "," ",NA," "," "," "
"1939","USC00359461",1996,2,"TOBS",-33," "," ","0",-17," "," ","0",0," "," ","0",33," "," ","0",94," "," ","0",128," "," ","0",150," "," ","0",156," "," ","0",100," "," ","0",44," "," ","0",39," "," ","0",44," "," ","0",56," "," ","0",39," "," ","0",44," "," ","0",89," "," ","0",83," "," ","0",106," "," ","0",44," "," ","0",72," "," ","0",17," "," ","0",6," "," ","0",50," "," ","0",6," "," ","0",6," "," ","0",6," "," ","0",22," "," ","0",11," "," ","0",22," "," ","0",NA," "," "," ",NA," "," "," "
"1940","USC00359461",1996,2,"PRCP",0," "," ","0",0," "," ","0",0," "," ","0",74," "," ","0",76," "," ","0",76," "," ","0",58," "," ","0",8," "," ","0",257," "," ","0",0," "," ","0",0," "," ","0",0," "," ","0",0," "," ","0",0," "," ","0",0,"T"," ","0",3," "," ","0",76," "," ","0",119," "," ","0",191," "," ","0",112," "," ","0",211," "," ","0",48," "," ","0",91," "," ","0",183," "," ","0",30," "," ","0",5," "," ","0",0," "," ","0",150," "," ","0",3," "," ","0",NA," "," "," ",NA," "," "," "
"1941","USC00359461",1996,2,"SNOW",0,"P"," ","0",0,"P"," ","0",0,"P"," ","0",0,"P"," ","0",0,"P"," ","0",0,"P"," ","0",0,"P"," ","0",0,"P"," ","0",0,"P"," ","0",0,"P"," ","0",0,"P"," ","0",0,"P"," ","0",0,"P"," ","0",0,"P"," ","0",0,"P"," ","0",0,"P"," ","0",0,"P"," ","0",0,"P"," ","0",0,"P"," ","0",0,"P"," ","0",0,"P"," ","0",0,"P"," ","0",0,"P"," ","0",0,"P"," ","0",0,"P"," ","0",0,"P"," ","0",0,"P"," ","0",0,"P"," ","0",0,"P"," ","0",NA," "," "," ",NA," "," "," "
"1942","USC00359461",1996,2,"SNWD",0,"P"," ","0",0,"P"," ","0",0,"P"," ","0",0,"P"," ","0",0,"P"," ","0",0,"P"," ","0",0,"P"," ","0",0,"P"," ","0",0,"P"," ","0",0,"P"," ","0",0,"P"," ","0",0,"P"," ","0",0,"P"," ","0",0,"P"," ","0",0,"P"," ","0",0,"P"," ","0",0,"P"," ","0",0,"P"," ","0",0,"P"," ","0",0,"P"," ","0",0,"P"," ","0",0,"P"," ","0",0,"P"," ","0",0,"P"," ","0",0,"P"," ","0",0,"P"," ","0",0,"P"," ","0",0,"P"," ","0",0,"P"," ","0",NA," "," "," ",NA," "," "," "
"1943","USC00359461",1996,3,"TMAX",156," "," ","0",167," "," ","0",139," "," ","0",167," "," ","0",122," "," ","0",106," "," ","0",144," "," ","0",189," "," ","0",200," "," ","0",183," "," ","0",178," "," ","0",139," "," ","0",128," "," ","0",144," "," ","0",189," "," ","0",161," "," ","0",172," "," ","0",189," "," ","0",239," "," ","0",156," "," ","0",150," "," ","0",172," "," ","0",89," "," ","0",128," "," ","0",128," "," ","0",139," "," ","0",172," "," ","0",78," "," ","0",128," "," ","0",117," "," ","0",139," "," ","0"
"1944","USC00359461",1996,3,"TMIN",0," "," ","0",0," "," ","0",6," "," ","0",72," "," ","0",28," "," ","0",22," "," ","0",28," "," ","0",89," "," ","0",89," "," ","0",100," "," ","0",94," "," ","0",72," "," ","0",61," "," ","0",28," ","I","0",17," "," ","0",17," "," ","0",17," "," ","0",28," "," ","0",39," "," ","0",33," "," ","0",28," "," ","0",17," "," ","0",28," "," ","0",22," "," ","0",0," "," ","0",-17," "," ","0",-17," "," ","0",22," "," ","0",11," "," ","0",17," "," ","0",28," "," ","0"
"1945","USC00359461",1996,3,"TOBS",0," "," ","0",11," "," ","0",78," "," ","0",78," "," ","0",28," "," ","0",83," "," ","0",89," "," ","0",89," "," ","0",106," "," ","0",106," "," ","0",94," "," ","0",83," "," ","0",67," "," ","0",17," ","I","0",50," "," ","0",22," "," ","0",44," "," ","0",39," "," ","0",89," "," ","0",39," "," ","0",28," "," ","0",39," "," ","0",39," "," ","0",33," "," ","0",0," "," ","0",0," "," ","0",56," "," ","0",33," "," ","0",33," "," ","0",33," "," ","0",83," "," ","0"
"1946","USC00359461",1996,3,"PRCP",0," "," ","0",0," "," ","0",20," "," ","0",33," "," ","0",132," "," ","0",8," "," ","0",0," "," ","0",0," "," ","0",5," "," ","0",0," "," ","0",165," "," ","0",56," "," ","0",5," "," ","0",0," "," ","0",0," "," ","0",0," "," ","0",0," "," ","0",0," "," ","0",0," "," ","0",0," "," ","0",0," "," ","0",3," "," ","0",135," "," ","0",3," "," ","0",0," "," ","0",0," "," ","0",102," "," ","0",104," "," ","0",3," "," ","0",5," "," ","0",13," "," ","0"
"1947","USC00359461",1996,3,"SNOW",0,"P"," ","0",0,"P"," ","0",0,"P"," ","0",0,"P"," ","0",0,"P"," ","0",0,"P"," ","0",0,"P"," ","0",0,"P"," ","0",0,"P"," ","0",0,"P"," ","0",0,"P"," ","0",0,"P"," ","0",0,"P"," ","0",0,"P"," ","0",0,"P"," ","0",0,"P"," ","0",0,"P"," ","0",0,"P"," ","0",0,"P"," ","0",0,"P"," ","0",0,"P"," ","0",0,"P"," ","0",0,"P"," ","0",0,"P"," ","0",0,"P"," ","0",0,"P"," ","0",0,"P"," ","0",0,"P"," ","0",0,"P"," ","0",0,"P"," ","0",0,"P"," ","0"
"1948","USC00359461",1996,3,"SNWD",0,"P"," ","0",0,"P"," ","0",0,"P"," ","0",0,"P"," ","0",0,"P"," ","0",0,"P"," ","0",0,"P"," ","0",0,"P"," ","0",0,"P"," ","0",0,"P"," ","0",0,"P"," ","0",0,"P"," ","0",0,"P"," ","0",0,"P"," ","0",0,"P"," ","0",0,"P"," ","0",0,"P"," ","0",0,"P"," ","0",0,"P"," ","0",0,"P"," ","0",0,"P"," ","0",0,"P"," ","0",0,"P"," ","0",0,"P"," ","0",0,"P"," ","0",0,"P"," ","0",0,"P"," ","0",0,"P"," ","0",0,"P"," ","0",0,"P"," ","0",0,"P"," ","0"
"1949","USC00359461",1996,4,"TMAX",117," "," ","0",172," "," ","0",133," "," ","0",172," "," ","0",217," "," ","0",239," "," ","0",261," "," ","0",267," "," ","0",222," "," ","0",150," "," ","0",133," "," ","0",144," "," ","0",133," "," ","0",183," "," ","0",211," "," ","0",183," "," ","0",128," "," ","0",117," "," ","0",139," "," ","0",122," "," ","0",133," "," ","0",161," "," ","0",172," "," ","0",183," "," ","0",161," "," ","0",211," "," ","0",172," "," ","0",167," "," ","0",233," "," ","0",244," "," ","0",NA," "," "," "
"1950","USC00359461",1996,4,"TMIN",83," "," ","0",67," "," ","0",44," "," ","0",33," "," ","0",44," "," ","0",61," "," ","0",61," "," ","0",67," "," ","0",106," "," ","0",61," "," ","0",61," "," ","0",50," "," ","0",28," "," ","0",11," "," ","0",50," "," ","0",72," "," ","0",22," "," ","0",28," "," ","0",11," "," ","0",39," "," ","0",17," "," ","0",44," "," ","0",78," "," ","0",89," "," ","0",61," "," ","0",56," "," ","0",39," "," ","0",33," "," ","0",28," "," ","0",56," "," ","0",NA," "," "," "
"1951","USC00359461",1996,4,"TOBS",94," "," ","0",89," "," ","0",56," "," ","0",50," "," ","0",67," "," ","0",72," "," ","0",83," "," ","0",111," "," ","0",122," "," ","0",78," "," ","0",83," "," ","0",61," "," ","0",33," "," ","0",61," "," ","0",111," "," ","0",83," "," ","0",33," "," ","0",44," "," ","0",72," "," ","0",44," "," ","0",72," "," ","0",100," "," ","0",167," "," ","0",94," "," ","0",67," "," ","0",78," "," ","0",39," "," ","0",33," "," ","0",61," "," ","0",72," "," ","0",NA," "," "," "
"1952","USC00359461",1996,4,"PRCP",386," "," ","0",15," "," ","0",30," "," ","0",0," "," ","0",0," "," ","0",0," "," ","0",0," "," ","0",0," "," ","0",0," "," ","0",43," "," ","0",13," "," ","0",135," "," ","0",20," "," ","0",0,"T"," ","0",3," "," ","0",86," "," ","0",76," "," ","0",5," "," ","0",30," "," ","0",33," "," ","0",71," "," ","0",48," "," ","0",89," "," ","0",163," "," ","0",20," "," ","0",3," "," ","0",0," "," ","0",0," "," ","0",0," "," ","0",0," "," ","0",NA," "," "," "
"1953","USC00359461",1996,4,"SNOW",0,"P"," ","0",0,"P"," ","0",0,"P"," ","0",0,"P"," ","0",0,"P"," ","0",0,"P"," ","0",0,"P"," ","0",0,"P"," ","0",0,"P"," ","0",0,"P"," ","0",0,"P"," ","0",0,"P"," ","0",0,"P"," ","0",0,"P"," ","0",0,"P"," ","0",0,"P"," ","0",0,"P"," ","0",0,"P"," ","0",0,"P"," ","0",0,"P"," ","0",0,"P"," ","0",0,"P"," ","0",0,"P"," ","0",0,"P"," ","0",0,"P"," ","0",0,"P"," ","0",0,"P"," ","0",0,"P"," ","0",0,"P"," ","0",0,"P"," ","0",NA," "," "," "
"1954","USC00359461",1996,4,"SNWD",0,"P"," ","0",0,"P"," ","0",0,"P"," ","0",0,"P"," ","0",0,"P"," ","0",0,"P"," ","0",0,"P"," ","0",0,"P"," ","0",0,"P"," ","0",0,"P"," ","0",0,"P"," ","0",0,"P"," ","0",0,"P"," ","0",0,"P"," ","0",0,"P"," ","0",0,"P"," ","0",0,"P"," ","0",0,"P"," ","0",0,"P"," ","0",0,"P"," ","0",0,"P"," ","0",0,"P"," ","0",0,"P"," ","0",0,"P"," ","0",0,"P"," ","0",0,"P"," ","0",0,"P"," ","0",0,"P"," ","0",0,"P"," ","0",0,"P"," ","0",NA," "," "," "
"1955","USC00359461",1996,5,"TMAX",217," "," ","0",211," "," ","0",156," "," ","0",128," "," ","0",167," "," ","0",183," "," ","0",194," "," ","0",178," "," ","0",183," "," ","0",183," "," ","0",222," "," ","0",272," "," ","0",283," "," ","0",189," "," ","0",189," "," ","0",178," "," ","0",183," "," ","0",178," "," ","0",172," "," ","0",156," "," ","0",194," "," ","0",139," "," ","0",150," "," ","0",167," "," ","0",217," "," ","0",272," "," ","0",178," "," ","0",189," "," ","0",183," "," ","0",183," "," ","0",200," "," ","0"
"1956","USC00359461",1996,5,"TMIN",67," "," ","0",83," "," ","0",22," "," ","0",6," "," ","0",0," "," ","0",11," "," ","0",28," "," ","0",39," "," ","0",33," "," ","0",28," "," ","0",33," "," ","0",89," "," ","0",111," "," ","0",133," "," ","0",128," "," ","0",100," "," ","0",106," "," ","0",100," "," ","0",89," "," ","0",67," "," ","0",67," "," ","0",72," "," ","0",61," "," ","0",61," "," ","0",67," "," ","0",94," "," ","0",94," "," ","0",89," "," ","0",56," "," ","0",33," "," ","0",89," "," ","0"
"1957","USC00359461",1996,5,"TOBS",100," "," ","0",100," "," ","0",33," "," ","0",11," "," ","0",33," "," ","0",39," "," ","0",78," "," ","0",39," "," ","0",28," "," ","0",33," "," ","0",89," "," ","0",111," "," ","0",144," "," ","0",139," "," ","0",133," "," ","0",106," "," ","0",117," "," ","0",106," "," ","0",-128," ","O","0",78," "," ","0",94," "," ","0",72," "," ","0",83," "," ","0",72," "," ","0",111," "," ","0",111," "," ","0",100," "," ","0",100," "," ","0",89," "," ","0",100," "," ","0",106," "," ","0"
"1958","USC00359461",1996,5,"PRCP",0," "," ","0",0," "," ","0",0," "," ","0",5," "," ","0",0," "," ","0",0," "," ","0",0," "," ","0",0," "," ","0",0," "," ","0",0," "," ","0",0," "," ","0",0," "," ","0",18," "," ","0",292," "," ","0",155," "," ","0",48," "," ","0",43," "," ","0",89," "," ","0",69," "," ","0",13," "," ","0",109," "," ","0",152," "," ","0",41," "," ","0",3," "," ","0",0," "," ","0",0," "," ","0",0," "," ","0",0," "," ","0",0," "," ","0",0," "," ","0",0," "," ","0"
"1959","USC00359461",1996,5,"SNOW",0,"P"," ","0",0,"P"," ","0",0,"P"," ","0",0,"P"," ","0",0,"P"," ","0",0,"P"," ","0",0,"P"," ","0",0,"P"," ","0",0,"P"," ","0",0,"P"," ","0",0,"P"," ","0",0,"P"," ","0",0,"P"," ","0",0,"P"," ","0",0,"P"," ","0",0,"P"," ","0",0,"P"," ","0",0,"P"," ","0",0,"P"," ","0",0,"P"," ","0",0,"P"," ","0",0,"P"," ","0",0,"P"," ","0",0,"P"," ","0",0,"P"," ","0",0,"P"," ","0",0,"P"," ","0",0,"P"," ","0",0,"P"," ","0",0,"P"," ","0",0,"P"," ","0"
"1960","USC00359461",1996,5,"SNWD",0,"P"," ","0",0,"P"," ","0",0,"P"," ","0",0,"P"," ","0",0,"P"," ","0",0,"P"," ","0",0,"P"," ","0",0,"P"," ","0",0,"P"," ","0",0,"P"," ","0",0,"P"," ","0",0,"P"," ","0",0,"P"," ","0",0,"P"," ","0",0,"P"," ","0",0,"P"," ","0",0,"P"," ","0",0,"P"," ","0",0,"P"," ","0",0,"P"," ","0",0,"P"," ","0",0,"P"," ","0",0,"P"," ","0",0,"P"," ","0",0,"P"," ","0",0,"P"," ","0",0,"P"," ","0",0,"P"," ","0",0,"P"," ","0",0,"P"," ","0",0,"P"," ","0"
"1961","USC00359461",1996,6,"TMAX",239," "," ","0",300," "," ","0",322," "," ","0",272," "," ","0",239," "," ","0",278," "," ","0",300," "," ","0",239," "," ","0",244," "," ","0",222," "," ","0",250," "," ","0",244," "," ","0",272," "," ","0",206," "," ","0",239," "," ","0",244," "," ","0",200," "," ","0",189," "," ","0",206," "," ","0",261," "," ","0",244," "," ","0",228," "," ","0",256," "," ","0",194," "," ","0",200," "," ","0",239," "," ","0",256," "," ","0",206," "," ","0",239," "," ","0",272," "," ","0",NA," "," "," "
"1962","USC00359461",1996,6,"TMIN",100," "," ","0",111," "," ","0",128," "," ","0",100," "," ","0",111," "," ","0",106," "," ","0",128," "," ","0",117," "," ","0",78," "," ","0",94," ","I","0",78," "," ","0",89," "," ","0",94," "," ","0",89," "," ","0",78," "," ","0",89," "," ","0",67," "," ","0",44," "," ","0",50," "," ","0",67," "," ","0",117," "," ","0",106," "," ","0",106," "," ","0",122," "," ","0",122," "," ","0",100," "," ","0",106," "," ","0",133," "," ","0",89," "," ","0",106," "," ","0",NA," "," "," "
"1963","USC00359461",1996,6,"TOBS",117," "," ","0",139," "," ","0",144," "," ","0",117," "," ","0",111," "," ","0",128," "," ","0",144," "," ","0",128," "," ","0",94," "," ","0",78," ","I","0",106," "," ","0",94," "," ","0",106," "," ","0",89," "," ","0",89," "," ","0",111," "," ","0",67," "," ","0",50," "," ","0",67," "," ","0",117," "," ","0",117," "," ","0",106," "," ","0",139," "," ","0",128," "," ","0",128," "," ","0",117," "," ","0",144," "," ","0",139," "," ","0",111," "," ","0",117," "," ","0",NA," "," "," "
"1964","USC00359461",1996,6,"PRCP",0," "," ","0",0," "," ","0",0," "," ","0",0," "," ","0",0," "," ","0",0," "," ","0",0," "," ","0",0," "," ","0",0," "," ","0",0," "," ","0",0," "," ","0",0," "," ","0",0," "," ","0",0," "," ","0",0," "," ","0",0," "," ","0",0," "," ","0",0,"T"," ","0",0," "," ","0",0," "," ","0",0," "," ","0",0," "," ","0",0,"T"," ","0",28," "," ","0",81," "," ","0",0," "," ","0",0," "," ","0",0," "," ","0",0," "," ","0",0," "," ","0",NA," "," "," "
"1965","USC00359461",1996,6,"SNOW",0,"P"," ","0",0,"P"," ","0",0,"P"," ","0",0,"P"," ","0",0,"P"," ","0",0,"P"," ","0",0,"P"," ","0",0,"P"," ","0",0,"P"," ","0",0,"P"," ","0",0,"P"," ","0",0,"P"," ","0",0,"P"," ","0",0,"P"," ","0",0,"P"," ","0",0,"P"," ","0",0,"P"," ","0",0,"P"," ","0",0,"P"," ","0",0,"P"," ","0",0,"P"," ","0",0,"P"," ","0",0,"P"," ","0",0,"P"," ","0",0,"P"," ","0",0,"P"," ","0",0,"P"," ","0",0,"P"," ","0",0,"P"," ","0",0,"P"," ","0",NA," "," "," "
"1966","USC00359461",1996,6,"SNWD",0,"P"," ","0",0,"P"," ","0",0,"P"," ","0",0,"P"," ","0",0,"P"," ","0",0,"P"," ","0",0,"P"," ","0",0,"P"," ","0",0,"P"," ","0",0,"P"," ","0",0,"P"," ","0",0,"P"," ","0",0,"P"," ","0",0,"P"," ","0",0,"P"," ","0",0,"P"," ","0",0,"P"," ","0",0,"P"," ","0",0,"P"," ","0",0,"P"," ","0",0,"P"," ","0",0,"P"," ","0",0,"P"," ","0",0,"P"," ","0",0,"P"," ","0",0,"P"," ","0",0,"P"," ","0",0,"P"," ","0",0,"P"," ","0",0,"P"," ","0",NA," "," "," "
"1967","USC00359461",1996,7,"TMAX",294," "," ","0",322," "," ","0",311," "," ","0",272," "," ","0",239," "," ","0",261," "," ","0",300," "," ","0",344," "," ","0",294," "," ","0",250," "," ","0",322," "," ","0",322," "," ","0",356," "," ","0",383," "," ","0",339," "," ","0",272," "," ","0",189," "," ","0",233," "," ","0",278," "," ","0",278," "," ","0",300," "," ","0",300," "," ","0",361," "," ","0",372," "," ","0",367," "," ","0",367," "," ","0",378," "," ","0",361," "," ","0",344," "," ","0",350," "," ","0",322," "," ","0"
"1968","USC00359461",1996,7,"TMIN",111," "," ","0",144," "," ","0",133," "," ","0",139," "," ","0",111," "," ","0",117," "," ","0",122," "," ","0",133," "," ","0",144," "," ","0",133," "," ","0",150," ","I","0",128," "," ","0",139," "," ","0",167," "," ","0",167," "," ","0",117," "," ","0",111," "," ","0",106," "," ","0",106," "," ","0",100," "," ","0",111," "," ","0",144," "," ","0",144," "," ","0",178," "," ","0",161," "," ","0",161," "," ","0",167," "," ","0",183," "," ","0",172," "," ","0",167," "," ","0",150," "," ","0"
"1969","USC00359461",1996,7,"TOBS",144," "," ","0",167," "," ","0",139," "," ","0",139," "," ","0",122," "," ","0",122," "," ","0",139," "," ","0",150," "," ","0",144," "," ","0",133," ","I","0",156," "," ","0",156," "," ","0",172," "," ","0",222," "," ","0",167," "," ","0",139," "," ","0",111," "," ","0",106," "," ","0",117," "," ","0",111," "," ","0",167," "," ","0",144," "," ","0",178," "," ","0",189," "," ","0",172," "," ","0",178," "," ","0",194," "," ","0",200," "," ","0",178," "," ","0",178," "," ","0",150," "," ","0"
"1970","USC00359461",1996,7,"PRCP",0," "," ","0",0," "," ","0",0," "," ","0",0," "," ","0",0," "," ","0",0," "," ","0",0," "," ","0",0," "," ","0",0," "," ","0",0," "," ","0",0," "," ","0",0," "," ","0",0," "," ","0",0," "," ","0",0," "," ","0",0," "," ","0",38," "," ","0",0," "," ","0",0," "," ","0",0," "," ","0",0," "," ","0",0," "," ","0",0," "," ","0",0," "," ","0",0," "," ","0",0," "," ","0",0," "," ","0",0," "," ","0",0," "," ","0",0," "," ","0",0," "," ","0"
"1971","USC00359461",1996,7,"SNOW",0,"P"," ","0",0,"P"," ","0",0,"P"," ","0",0,"P"," ","0",0,"P"," ","0",0,"P"," ","0",0,"P"," ","0",0,"P"," ","0",0,"P"," ","0",0,"P"," ","0",0,"P"," ","0",0,"P"," ","0",0,"P"," ","0",0,"P"," ","0",0,"P"," ","0",0,"P"," ","0",0,"P"," ","0",0,"P"," ","0",0,"P"," ","0",0,"P"," ","0",0,"P"," ","0",0,"P"," ","0",0,"P"," ","0",0,"P"," ","0",0,"P"," ","0",0,"P"," ","0",0,"P"," ","0",0,"P"," ","0",0,"P"," ","0",0,"P"," ","0",0,"P"," ","0"
"1972","USC00359461",1996,7,"SNWD",0,"P"," ","0",0,"P"," ","0",0,"P"," ","0",0,"P"," ","0",0,"P"," ","0",0,"P"," ","0",0,"P"," ","0",0,"P"," ","0",0,"P"," ","0",0,"P"," ","0",0,"P"," ","0",0,"P"," ","0",0,"P"," ","0",0,"P"," ","0",0,"P"," ","0",0,"P"," ","0",0,"P"," ","0",0,"P"," ","0",0,"P"," ","0",0,"P"," ","0",0,"P"," ","0",0,"P"," ","0",0,"P"," ","0",0,"P"," ","0",0,"P"," ","0",0,"P"," ","0",0,"P"," ","0",0,"P"," ","0",0,"P"," ","0",0,"P"," ","0",0,"P"," ","0"
"1973","USC00359461",1996,8,"TMAX",322," "," ","0",272," "," ","0",222," "," ","0",256," "," ","0",267," "," ","0",261," "," ","0",289," "," ","0",356," "," ","0",356," "," ","0",372," "," ","0",383," "," ","0",272," "," ","0",333," "," ","0",367," "," ","0",317," "," ","0",322," "," ","0",311," "," ","0",256," "," ","0",244," "," ","0",267," "," ","0",272," "," ","0",294," "," ","0",328," "," ","0",333," "," ","0",378," "," ","0",311," "," ","0",272," "," ","0",256," "," ","0",322," "," ","0",333," "," ","0",289," "," ","0"
"1974","USC00359461",1996,8,"TMIN",128," "," ","0",111," "," ","0",117," "," ","0",111," "," ","0",106," "," ","0",100," "," ","0",94," "," ","0",111," "," ","0",133," "," ","0",139," "," ","0",133," "," ","0",128," "," ","0",111," "," ","0",133," "," ","0",133," "," ","0",128," "," ","0",122," "," ","0",94," "," ","0",94," "," ","0",106," "," ","0",106," "," ","0",106," "," ","0",111," "," ","0",128," "," ","0",144," "," ","0",156," "," ","0",128," "," ","0",117," "," ","0",117," "," ","0",139," "," ","0",128," "," ","0"
"1975","USC00359461",1996,8,"TOBS",128," "," ","0",128," "," ","0",133," "," ","0",117," "," ","0",139," "," ","0",100," "," ","0",117," "," ","0",150," "," ","0",156," "," ","0",167," "," ","0",139," "," ","0",128," "," ","0",167," "," ","0",133," "," ","0",144," "," ","0",133," "," ","0",128," "," ","0",94," "," ","0",106," "," ","0",111," "," ","0",111," "," ","0",117," "," ","0",133," "," ","0",144," "," ","0",183," "," ","0",156," "," ","0",128," "," ","0",122," "," ","0",139," "," ","0",139," "," ","0",133," "," ","0"
"1976","USC00359461",1996,8,"PRCP",0," "," ","0",0," "," ","0",0," "," ","0",0," "," ","0",0," "," ","0",0," "," ","0",0," "," ","0",0," "," ","0",0," "," ","0",0," "," ","0",0," "," ","0",0," "," ","0",0," "," ","0",0," "," ","0",0," "," ","0",0," "," ","0",0," "," ","0",0," "," ","0",0," "," ","0",0," "," ","0",0," "," ","0",0," "," ","0",0," "," ","0",0," "," ","0",0,"T"," ","0",0,"T"," ","0",3," "," ","0",0," "," ","0",0," "," ","0",0," "," ","0",0," "," ","0"
"1977","USC00359461",1996,8,"SNOW",0,"P"," ","0",0,"P"," ","0",0,"P"," ","0",0,"P"," ","0",0,"P"," ","0",0,"P"," ","0",0,"P"," ","0",0,"P"," ","0",0,"P"," ","0",0,"P"," ","0",0,"P"," ","0",0,"P"," ","0",0,"P"," ","0",0,"P"," ","0",0,"P"," ","0",0,"P"," ","0",0,"P"," ","0",0,"P"," ","0",0,"P"," ","0",0,"P"," ","0",0,"P"," ","0",0,"P"," ","0",0,"P"," ","0",0,"P"," ","0",0,"P"," ","0",0,"P"," ","0",0,"P"," ","0",0,"P"," ","0",0,"P"," ","0",0,"P"," ","0",0,"P"," ","0"
"1978","USC00359461",1996,8,"SNWD",0,"P"," ","0",0,"P"," ","0",0,"P"," ","0",0,"P"," ","0",0,"P"," ","0",0,"P"," ","0",0,"P"," ","0",0,"P"," ","0",0,"P"," ","0",0,"P"," ","0",0,"P"," ","0",0,"P"," ","0",0,"P"," ","0",0,"P"," ","0",0,"P"," ","0",0,"P"," ","0",0,"P"," ","0",0,"P"," ","0",0,"P"," ","0",0,"P"," ","0",0,"P"," ","0",0,"P"," ","0",0,"P"," ","0",0,"P"," ","0",0,"P"," ","0",0,"P"," ","0",0,"P"," ","0",0,"P"," ","0",0,"P"," ","0",0,"P"," ","0",0,"P"," ","0"
"1979","USC00359461",1996,8,"EVAP",NA," "," "," ",NA," "," "," ",NA," "," "," ",NA," "," "," ",NA," "," "," ",NA," "," "," ",NA," "," "," ",NA," "," "," ",NA," "," "," ",NA," "," "," ",NA," "," "," ",NA," "," "," ",NA," "," "," ",69," "," ","0",74," "," ","0",76," "," ","0",48," "," ","0",41," "," ","0",64," "," ","0",46," "," ","0",41," "," ","0",56," "," ","0",56," "," ","0",43," "," ","0",51," "," ","0",48," "," ","0",36," "," ","0",28," "," ","0",28," "," ","0",43," "," ","0",48," "," ","0"
"1980","USC00359461",1996,9,"TMAX",256," "," ","0",261," "," ","0",267," "," ","0",239," "," ","0",217," "," ","0",222," "," ","0",250," "," ","0",283," "," ","0",294," "," ","0",278," "," ","0",328," "," ","0",272," "," ","0",239," "," ","0",200," "," ","0",217," "," ","0",178," "," ","0",178," "," ","0",189," "," ","0",222," "," ","0",189," "," ","0",167," "," ","0",189," "," ","0",189," "," ","0",222," "," ","0",244," "," ","0",239," "," ","0",272," "," ","0",300," "," ","0",306," "," ","0",294," "," ","0",NA," "," "," "
"1981","USC00359461",1996,9,"TMIN",128," "," ","0",111," "," ","0",133," ","I","0",72," "," ","0",78," "," ","0",61," "," ","0",67," "," ","0",100," "," ","0",111," "," ","0",117," "," ","0",111," "," ","0",122," "," ","0",133," "," ","0",133," "," ","0",117," "," ","0",111," "," ","0",100," "," ","0",67," "," ","0",61," "," ","0",72," "," ","0",56," "," ","0",39," "," ","0",39," "," ","0",50," "," ","0",56," "," ","0",56," "," ","0",67," "," ","0",78," "," ","0",94," "," ","0",94," "," ","0",NA," "," "," "
"1982","USC00359461",1996,9,"TOBS",133," "," ","0",111," ","I","0",133," "," ","0",83," "," ","0",78," "," ","0",67," "," ","0",100," "," ","0",117," "," ","0",156," "," ","0",117," "," ","0",128," "," ","0",156," "," ","0",144," "," ","0",144," "," ","0",117," "," ","0",111," "," ","0",100," "," ","0",72," "," ","0",139," "," ","0",72," "," ","0",56," "," ","0",39," "," ","0",50," "," ","0",50," "," ","0",56," "," ","0",67," "," ","0",78," "," ","0",94," "," ","0",94," "," ","0",94," "," ","0",NA," "," "," "
"1983","USC00359461",1996,9,"PRCP",0," "," ","0",0," "," ","0",0," "," ","0",0," "," ","0",53," "," ","0",0," "," ","0",0," "," ","0",0," "," ","0",0," "," ","0",0," "," ","0",0," "," ","0",0," "," ","0",3," "," ","0",8," "," ","0",145," "," ","0",99," "," ","0",51," "," ","0",0," "," ","0",0,"T"," ","0",10," "," ","0",0," "," ","0",0," "," ","0",0," "," ","0",0," "," ","0",0," "," ","0",0," "," ","0",0," "," ","0",0," "," ","0",0," "," ","0",0," "," ","0",NA," "," "," "
"1984","USC00359461",1996,9,"SNOW",0,"P"," ","0",0,"P"," ","0",0,"P"," ","0",0,"P"," ","0",0,"P"," ","0",0,"P"," ","0",0,"P"," ","0",0,"P"," ","0",0,"P"," ","0",0,"P"," ","0",0,"P"," ","0",0,"P"," ","0",0,"P"," ","0",0,"P"," ","0",0,"P"," ","0",0,"P"," ","0",0,"P"," ","0",0,"P"," ","0",0,"P"," ","0",0,"P"," ","0",0,"P"," ","0",0,"P"," ","0",0,"P"," ","0",0,"P"," ","0",0,"P"," ","0",0,"P"," ","0",0,"P"," ","0",0,"P"," ","0",0,"P"," ","0",0,"P"," ","0",NA," "," "," "
"1985","USC00359461",1996,9,"SNWD",0,"P"," ","0",0,"P"," ","0",0,"P"," ","0",0,"P"," ","0",0,"P"," ","0",0,"P"," ","0",0,"P"," ","0",0,"P"," ","0",0,"P"," ","0",0,"P"," ","0",0,"P"," ","0",0,"P"," ","0",0,"P"," ","0",0,"P"," ","0",0,"P"," ","0",0,"P"," ","0",0,"P"," ","0",0,"P"," ","0",0,"P"," ","0",0,"P"," ","0",0,"P"," ","0",0,"P"," ","0",0,"P"," ","0",0,"P"," ","0",0,"P"," ","0",0,"P"," ","0",0,"P"," ","0",0,"P"," ","0",0,"P"," ","0",0,"P"," ","0",NA," "," "," "
"1986","USC00359461",1996,9,"EVAP",46," "," ","0",58," "," ","0",51," "," ","0",43," "," ","0",28," "," ","0",25," "," ","0",48," "," ","0",36," "," ","0",38," "," ","0",38," "," ","0",41," "," ","0",38," "," ","0",28," "," ","0",13," "," ","0",3," "," ","0",15," "," ","0",10," "," ","0",10," "," ","0",18," "," ","0",23," "," ","0",15," "," ","0",18," "," ","0",28," "," ","0",18," "," ","0",30," "," ","0",18," "," ","0",25," "," ","0",28," "," ","0",41," "," ","0",25," "," ","0",NA," "," "," "
"1987","USC00359461",1996,10,"TMAX",250," "," ","0",250," "," ","0",261," "," ","0",267," "," ","0",256," "," ","0",228," "," ","0",239," "," ","0",272," "," ","0",283," "," ","0",333," "," ","0",222," "," ","0",233," "," ","0",183," "," ","0",156," "," ","0",161," "," ","0",156," "," ","0",128," "," ","0",183," "," ","0",128," "," ","0",106," "," ","0",139," "," ","0",150," "," ","0",139," "," ","0",156," "," ","0",161," "," ","0",100," "," ","0",111," "," ","0",128," "," ","0",94," "," ","0",94," "," ","0",100," "," ","0"
"1988","USC00359461",1996,10,"TMIN",72," "," ","0",72," "," ","0",78," "," ","0",139," "," ","0",144," "," ","0",156," "," ","0",111," "," ","0",111," "," ","0",111," "," ","0",106," "," ","0",106," "," ","0",89," "," ","0",94," "," ","0",61," "," ","0",67," "," ","0",67," "," ","0",28," "," ","0",39," "," ","0",44," "," ","0",33," "," ","0",11," "," ","0",33," ","I","0",78," "," ","0",78," "," ","0",67," "," ","0",44," "," ","0",22," "," ","0",33," "," ","0",33," "," ","0",61," "," ","0",44," "," ","0"
"1989","USC00359461",1996,10,"TOBS",72," "," ","0",83," "," ","0",144," "," ","0",156," "," ","0",167," "," ","0",156," "," ","0",111," "," ","0",122," "," ","0",117," "," ","0",122," "," ","0",128," "," ","0",94," "," ","0",128," "," ","0",72," "," ","0",83," "," ","0",72," "," ","0",39," "," ","0",100," "," ","0",44," "," ","0",44," "," ","0",22," ","I","0",100," "," ","0",78," "," ","0",117," "," ","0",78," "," ","0",56," "," ","0",33," "," ","0",89," "," ","0",61," "," ","0",72," "," ","0",44," "," ","0"
"1990","USC00359461",1996,10,"PRCP",0," "," ","0",0," "," ","0",0," "," ","0",0," "," ","0",30," "," ","0",0," "," ","0",0," "," ","0",0," "," ","0",0," "," ","0",0," "," ","0",0," "," ","0",0," "," ","0",86," "," ","0",43," "," ","0",3," "," ","0",8," "," ","0",0," "," ","0",142," "," ","0",127," "," ","0",38," "," ","0",0," "," ","0",46," "," ","0",33," "," ","0",99," "," ","0",254," "," ","0",140," "," ","0",0," "," ","0",0," "," ","0",104," "," ","0",0," "," ","0",0," "," ","0"
"1991","USC00359461",1996,10,"SNOW",0,"P"," ","0",0,"P"," ","0",0,"P"," ","0",0,"P"," ","0",0,"P"," ","0",0,"P"," ","0",0,"P"," ","0",0,"P"," ","0",0,"P"," ","0",0,"P"," ","0",0,"P"," ","0",0,"P"," ","0",0,"P"," ","0",0,"P"," ","0",0,"P"," ","0",0,"P"," ","0",0,"P"," ","0",0,"P"," ","0",0,"P"," ","0",0,"P"," ","0",0,"P"," ","0",0,"P"," ","0",0,"P"," ","0",0,"P"," ","0",0,"P"," ","0",0,"P"," ","0",0,"P"," ","0",0,"P"," ","0",0,"P"," ","0",0,"P"," ","0",0,"P"," ","0"
"1992","USC00359461",1996,10,"SNWD",0,"P"," ","0",0,"P"," ","0",0,"P"," ","0",0,"P"," ","0",0,"P"," ","0",0,"P"," ","0",0,"P"," ","0",0,"P"," ","0",0,"P"," ","0",0,"P"," ","0",0,"P"," ","0",0,"P"," ","0",0,"P"," ","0",0,"P"," ","0",0,"P"," ","0",0,"P"," ","0",0,"P"," ","0",0,"P"," ","0",0,"P"," ","0",0,"P"," ","0",0,"P"," ","0",0,"P"," ","0",0,"P"," ","0",0,"P"," ","0",0,"P"," ","0",0,"P"," ","0",0,"P"," ","0",0,"P"," ","0",0,"P"," ","0",0,"P"," ","0",0,"P"," ","0"
"1993","USC00359461",1996,10,"EVAP",20," "," ","0",23," "," ","0",28," "," ","0",13," "," ","0",23," "," ","0",10," "," ","0",15," "," ","0",18," "," ","0",20," "," ","0",38," "," ","0",18," "," ","0",10," "," ","0",10," "," ","0",10," "," ","0",8," "," ","0",8," "," ","0",0," "," ","0",20," "," ","0",13," "," ","0",10," "," ","0",0," "," ","0",8," "," ","0",10," "," ","0",NA," "," "," ",NA," "," "," ",NA," "," "," ",NA," "," "," ",NA," "," "," ",NA," "," "," ",NA," "," "," ",NA," "," "," "
"1994","USC00359461",1996,11,"TMAX",156," "," ","0",144," "," ","0",111," "," ","0",122," "," ","0",117," "," ","0",106," "," ","0",100," "," ","0",172," "," ","0",139," "," ","0",156," "," ","0",144," "," ","0",167," "," ","0",183," "," ","0",144," "," ","0",117," "," ","0",111," "," ","0",89," "," ","0",117," "," ","0",144," "," ","0",172," "," ","0",72," "," ","0",100," "," ","0",111," "," ","0",106," "," ","0",156," "," ","0",111," "," ","0",117," "," ","0",144," "," ","0",111," "," ","0",100," "," ","0",NA," "," "," "
"1995","USC00359461",1996,11,"TMIN",33," "," ","0",39," "," ","0",39," "," ","0",50," "," ","0",39," "," ","0",22," "," ","0",44," "," ","0",61," "," ","0",44," "," ","0",39," "," ","0",39," "," ","0",56," "," ","0",89," "," ","0",67," "," ","0",67," "," ","0",67," "," ","0",61," "," ","0",61," "," ","0",67," "," ","0",39," "," ","0",-11," "," ","0",61," "," ","0",61," "," ","0",67," "," ","0",78," "," ","0",39," "," ","0",44," "," ","0",78," "," ","0",44," "," ","0",50," "," ","0",NA," "," "," "
"1996","USC00359461",1996,11,"TOBS",39," "," ","0",44," "," ","0",56," "," ","0",67," "," ","0",39," "," ","0",44," "," ","0",94," "," ","0",78," "," ","0",50," "," ","0",44," "," ","0",72," "," ","0",94," "," ","0",100," "," ","0",72," "," ","0",72," "," ","0",67," "," ","0",61," "," ","0",83," "," ","0",139," "," ","0",39," "," ","0",61," "," ","0",72," "," ","0",67," "," ","0",100," "," ","0",78," "," ","0",44," "," ","0",83," "," ","0",83," "," ","0",50," "," ","0",72," "," ","0",NA," "," "," "
"1997","USC00359461",1996,11,"PRCP",0," "," ","0",0," "," ","0",5," "," ","0",8," "," ","0",48," "," ","0",3," "," ","0",41," "," ","0",0," "," ","0",5," "," ","0",0,"T"," ","0",0,"T"," ","0",0,"T"," ","0",61," "," ","0",43," "," ","0",28," "," ","0",28," "," ","0",43," "," ","0",386," "," ","0",1199," "," ","0",81," "," ","0",3," "," ","0",94," "," ","0",51," "," ","0",89," "," ","0",71," "," ","0",0,"T"," ","0",18," "," ","0",165," "," ","0",53," "," ","0",13," "," ","0",NA," "," "," "
"1998","USC00359461",1996,11,"SNOW",0,"P"," ","0",0,"P"," ","0",0,"P"," ","0",0,"P"," ","0",0,"P"," ","0",0,"P"," ","0",0,"P"," ","0",0,"P"," ","0",0,"P"," ","0",0,"P"," ","0",0,"P"," ","0",0,"P"," ","0",0,"P"," ","0",0,"P"," ","0",0,"P"," ","0",0,"P"," ","0",0,"P"," ","0",0,"P"," ","0",0,"P"," ","0",0,"P"," ","0",0,"P"," ","0",0,"P"," ","0",0,"P"," ","0",0,"P"," ","0",0,"P"," ","0",0,"P"," ","0",0,"P"," ","0",0,"P"," ","0",0,"P"," ","0",0,"P"," ","0",NA," "," "," "
"1999","USC00359461",1996,11,"SNWD",0,"P"," ","0",0,"P"," ","0",0,"P"," ","0",0,"P"," ","0",0,"P"," ","0",0,"P"," ","0",0,"P"," ","0",0,"P"," ","0",0,"P"," ","0",0,"P"," ","0",0,"P"," ","0",0,"P"," ","0",0,"P"," ","0",0,"P"," ","0",0,"P"," ","0",0,"P"," ","0",0,"P"," ","0",0,"P"," ","0",0,"P"," ","0",0,"P"," ","0",0,"P"," ","0",0,"P"," ","0",0,"P"," ","0",0,"P"," ","0",0,"P"," ","0",0,"P"," ","0",0,"P"," ","0",0,"P"," ","0",0,"P"," ","0",0,"P"," ","0",NA," "," "," "
"2000","USC00359461",1996,12,"TMAX",128," "," ","0",67," "," ","0",83," "," ","0",94," "," ","0",128," "," ","0",106," "," ","0",83," "," ","0",100," "," ","0",83," "," ","0",117," "," ","0",111," "," ","0",106," "," ","0",111," "," ","0",94," "," ","0",50," "," ","0",83," "," ","0",50," "," ","0",56," "," ","0",33," "," ","0",72," "," ","0",89," "," ","0",72," "," ","0",56," "," ","0",89," "," ","0",111," "," ","0",122," "," ","0",144," "," ","0",100," "," ","0",111," ","I","0",139," "," ","0",128," "," ","0"
"2001","USC00359461",1996,12,"TMIN",56," "," ","0",22," "," ","0",28," "," ","0",17," "," ","0",44," "," ","0",33," "," ","0",39," "," ","0",56," "," ","0",39," "," ","0",39," "," ","0",39," "," ","0",33," "," ","0",33," "," ","0",22," "," ","0",17," "," ","0",17," "," ","0",17," "," ","0",-6," "," ","0",-11," "," ","0",-6," "," ","0",33," "," ","0",0," "," ","0",0," "," ","0",33," "," ","0",56," "," ","0",89," "," ","0",78," "," ","0",44," "," ","0",33," "," ","0",61," "," ","0",61," "," ","0"
"2002","USC00359461",1996,12,"TOBS",61," "," ","0",33," "," ","0",44," "," ","0",50," "," ","0",56," "," ","0",44," "," ","0",67," "," ","0",78," "," ","0",44," "," ","0",78," "," ","0",39," "," ","0",33," "," ","0",67," "," ","0",22," "," ","0",17," "," ","0",17," "," ","0",33," "," ","0",0," "," ","0",-6," "," ","0",61," "," ","0",39," "," ","0",0," "," ","0",33," "," ","0",56," "," ","0",100," "," ","0",89," "," ","0",78," "," ","0",44," "," ","0",133," ","I","0",67," "," ","0",78," "," ","0"
"2003","USC00359461",1996,12,"PRCP",244," "," ","0",109," "," ","0",130," "," ","0",13," "," ","0",516," "," ","0",216," "," ","0",76," "," ","0",546," "," ","0",460," "," ","0",152," "," ","0",170," "," ","0",41," "," ","0",147," "," ","0",38," "," ","0",0," "," ","0",0," "," ","0",5," "," ","0",0," "," ","0",0," "," ","0",51," "," ","0",165," "," ","0",81," "," ","0",66," "," ","0",38," "," ","0",147," "," ","0",76," "," ","0",117," "," ","0",51," "," ","0",117," "," ","0",165," "," ","0",264," "," ","0"
"2004","USC00359461",1996,12,"SNOW",0,"P"," ","0",0,"P"," ","0",0,"P"," ","0",0,"P"," ","0",0,"P"," ","0",0,"P"," ","0",0,"P"," ","0",0,"P"," ","0",0,"P"," ","0",0,"P"," ","0",0,"P"," ","0",0,"P"," ","0",0,"P"," ","0",0,"P"," ","0",0,"P"," ","0",0,"P"," ","0",0,"P"," ","0",0,"P"," ","0",0,"P"," ","0",0,"P"," ","0",0,"P"," ","0",0,"P"," ","0",0,"P"," ","0",0,"P"," ","0",0,"P"," ","0",0,"P"," ","0",0,"P"," ","0",0,"P"," ","0",0,"P"," ","0",0,"P"," ","0",0,"P"," ","0"
"2005","USC00359461",1996,12,"SNWD",0,"P"," ","0",0,"P"," ","0",0,"P"," ","0",0,"P"," ","0",0,"P"," ","0",0,"P"," ","0",0,"P"," ","0",0,"P"," ","0",0,"P"," ","0",0,"P"," ","0",0,"P"," ","0",0,"P"," ","0",0,"P"," ","0",0,"P"," ","0",0,"P"," ","0",0,"P"," ","0",0,"P"," ","0",0,"P"," ","0",0,"P"," ","0",0,"P"," ","0",0,"P"," ","0",0,"P"," ","0",0,"P"," ","0",0,"P"," ","0",0,"P"," ","0",0,"P"," ","0",0,"P"," ","0",0,"P"," ","0",0,"P"," ","0",0,"P"," ","0",0,"P"," ","0"
"2006","USC00359461",1997,1,"TMAX",172," "," ","0",139," "," ","0",133," "," ","0",117," "," ","0",67," "," ","0",67," "," ","0",72," "," ","0",111," "," ","0",89," "," ","0",111," "," ","0",144," "," ","0",67," "," ","0",72," "," ","0",44," "," ","0",61," "," ","0",83," "," ","0",139," "," ","0",122," "," ","0",144," "," ","0",100," "," ","0",111," "," ","0",61," "," ","0",78," "," ","0",83," "," ","0",56," "," ","0",67," "," ","0",50," "," ","0",89," "," ","0",144," "," ","0",156," "," ","0",122," "," ","0"
"2007","USC00359461",1997,1,"TMIN",56," "," ","0",78," "," ","0",39," "," ","0",17," "," ","0",-11," "," ","0",-6," "," ","0",-6," "," ","0",39," "," ","0",39," "," ","0",39," "," ","0",22," "," ","0",28," "," ","0",-39," "," ","0",-67," "," ","0",-72," "," ","0",-56," "," ","0",-6," "," ","0",33," "," ","0",28," "," ","0",44," "," ","0",44," "," ","0",11," "," ","0",-11," "," ","0",-6," "," ","0",-17," "," ","0",22," "," ","0",17," "," ","0",28," "," ","0",56," "," ","0",61," "," ","0",78," "," ","0"
"2008","USC00359461",1997,1,"TOBS",106," "," ","0",89," "," ","0",50," "," ","0",17," "," ","0",17," "," ","0",6," "," ","0",44," "," ","0",50," "," ","0",39," "," ","0",67," "," ","0",28," "," ","0",39," "," ","0",-33," "," ","0",-61," "," ","0",-50," "," ","0",6," "," ","0",83," "," ","0",39," "," ","0",67," "," ","0",44," "," ","0",44," "," ","0",11," "," ","0",0," "," ","0",-6," "," ","0",22," "," ","0",28," "," ","0",33," "," ","0",83," "," ","0",67," "," ","0",89," "," ","0",117," "," ","0"
"2009","USC00359461",1997,1,"PRCP",279," "," ","0",56," "," ","0",89," "," ","0",30," "," ","0",13," "," ","0",0,"T"," ","0",5," "," ","0",0," "," ","0",0," "," ","0",0," "," ","0",0,"T"," ","0",3," "," ","0",0," "," ","0",0," "," ","0",0," "," ","0",0," "," ","0",28," "," ","0",5," "," ","0",3," "," ","0",51," "," ","0",46," "," ","0",69," "," ","0",3," "," ","0",13," "," ","0",130," "," ","0",244," "," ","0",5," "," ","0",140," "," ","0",3," "," ","0",0," "," ","0",135," "," ","0"
"2010","USC00359461",1997,1,"SNOW",0,"P"," ","0",0,"P"," ","0",0,"P"," ","0",0,"P"," ","0",0,"P"," ","0",0,"P"," ","0",0,"P"," ","0",0,"P"," ","0",0,"P"," ","0",0,"P"," ","0",0,"P"," ","0",0,"P"," ","0",0,"P"," ","0",0,"P"," ","0",0,"P"," ","0",0,"P"," ","0",0,"P"," ","0",0,"P"," ","0",0,"P"," ","0",0,"P"," ","0",0,"P"," ","0",0,"P"," ","0",0,"P"," ","0",0,"P"," ","0",0,"P"," ","0",0,"P"," ","0",0,"P"," ","0",0,"P"," ","0",0,"P"," ","0",0,"P"," ","0",0,"P"," ","0"
"2011","USC00359461",1997,1,"SNWD",0,"P"," ","0",0,"P"," ","0",0,"P"," ","0",0,"P"," ","0",0,"P"," ","0",0,"P"," ","0",0,"P"," ","0",0,"P"," ","0",0,"P"," ","0",0,"P"," ","0",0,"P"," ","0",0,"P"," ","0",0,"P"," ","0",0,"P"," ","0",0,"P"," ","0",0,"P"," ","0",0,"P"," ","0",0,"P"," ","0",0,"P"," ","0",0,"P"," ","0",0,"P"," ","0",0,"P"," ","0",0,"P"," ","0",0,"P"," ","0",0,"P"," ","0",0,"P"," ","0",0,"P"," ","0",0,"P"," ","0",0,"P"," ","0",0,"P"," ","0",0,"P"," ","0"
"2012","USC00359461",1997,2,"TMAX",161," "," ","0",133," "," ","0",111," "," ","0",72," "," ","0",144," "," ","0",111," "," ","0",72," "," ","0",106," "," ","0",89," "," ","0",94," "," ","0",83," "," ","0",117," "," ","0",122," "," ","0",122," "," ","0",156," "," ","0",161," "," ","0",156," "," ","0",128," "," ","0",150," "," ","0",111," "," ","0",111," "," ","0",111," "," ","0",78," "," ","0",139," "," ","0",161," "," ","0",117," "," ","0",111," "," ","0",89," "," ","0",NA," "," "," ",NA," "," "," ",NA," "," "," "
"2013","USC00359461",1997,2,"TMIN",72," "," ","0",50," "," ","0",33," "," ","0",22," "," ","0",17," "," ","0",11," "," ","0",11," "," ","0",44," "," ","0",44," "," ","0",44," "," ","0",39," "," ","0",39," "," ","0",11," "," ","0",6," "," ","0",39," "," ","0",22," "," ","0",22," "," ","0",44," "," ","0",50," "," ","0",28," "," ","0",28," "," ","0",0," "," ","0",0," "," ","0",-11," "," ","0",-17," "," ","0",-11," "," ","0",6," "," ","0",0," "," ","0",NA," "," "," ",NA," "," "," ",NA," "," "," "
"2014","USC00359461",1997,2,"TOBS",72," "," ","0",61," "," ","0",33," "," ","0",50," "," ","0",22," "," ","0",22," "," ","0",61," "," ","0",44," "," ","0",44," "," ","0",44," "," ","0",44," "," ","0",56," "," ","0",33," "," ","0",72," "," ","0",39," "," ","0",28," "," ","0",61," "," ","0",56," "," ","0",83," "," ","0",33," "," ","0",50," "," ","0",6," "," ","0",0," "," ","0",-6," "," ","0",6," "," ","0",67," "," ","0",33," "," ","0",6," "," ","0",NA," "," "," ",NA," "," "," ",NA," "," "," "
"2015","USC00359461",1997,2,"PRCP",150," "," ","0",33," "," ","0",0,"T"," ","0",8," "," ","0",0,"T"," ","0",0,"T"," ","0",127," "," ","0",102," "," ","0",0,"T"," ","0",0,"T"," ","0",0," "," ","0",33," "," ","0",33," "," ","0",3," "," ","0",0," "," ","0",0," "," ","0",46," "," ","0",3," "," ","0",91," "," ","0",51," "," ","0",8," "," ","0",0,"T"," ","0",0," "," ","0",0," "," ","0",0," "," ","0",10," "," ","0",117," "," ","0",38," "," ","0",NA," "," "," ",NA," "," "," ",NA," "," "," "
"2016","USC00359461",1997,2,"SNOW",0,"P"," ","0",0,"P"," ","0",0,"P"," ","0",0,"P"," ","0",0,"P"," ","0",0,"P"," ","0",0,"P"," ","0",0,"P"," ","0",0,"P"," ","0",0,"P"," ","0",0,"P"," ","0",0,"P"," ","0",0,"P"," ","0",0,"P"," ","0",0,"P"," ","0",0,"P"," ","0",0,"P"," ","0",0,"P"," ","0",0,"P"," ","0",0,"P"," ","0",0,"P"," ","0",0,"P"," ","0",0,"P"," ","0",0,"P"," ","0",0,"P"," ","0",0,"P"," ","0",0,"P"," ","0",0,"P"," ","0",NA," "," "," ",NA," "," "," ",NA," "," "," "
"2017","USC00359461",1997,2,"SNWD",0,"P"," ","0",0,"P"," ","0",0,"P"," ","0",0,"P"," ","0",0,"P"," ","0",0,"P"," ","0",0,"P"," ","0",0,"P"," ","0",0,"P"," ","0",0,"P"," ","0",0,"P"," ","0",0,"P"," ","0",0,"P"," ","0",0,"P"," ","0",0,"P"," ","0",0,"P"," ","0",0,"P"," ","0",0,"P"," ","0",0,"P"," ","0",0,"P"," ","0",0,"P"," ","0",0,"P"," ","0",0,"P"," ","0",0,"P"," ","0",0,"P"," ","0",0,"P"," ","0",0,"P"," ","0",0,"P"," ","0",NA," "," "," ",NA," "," "," ",NA," "," "," "
"2018","USC00359461",1997,3,"TMAX",100," "," ","0",106," "," ","0",67," "," ","0",94," "," ","0",111," "," ","0",78," "," ","0",139," "," ","0",128," "," ","0",128," "," ","0",167," "," ","0",161," "," ","0",122," "," ","0",111," "," ","0",128," "," ","0",122," "," ","0",172," "," ","0",133," "," ","0",194," "," ","0",239," "," ","0",244," "," ","0",267," "," ","0",172," "," ","0",172," "," ","0",189," "," ","0",211," "," ","0",239," "," ","0",144," "," ","0",161," "," ","0",139," "," ","0",167," "," ","0",139," "," ","0"
"2019","USC00359461",1997,3,"TMIN",6," "," ","0",44," "," ","0",22," "," ","0",11," "," ","0",0," "," ","0",-6," "," ","0",56," "," ","0",22," "," ","0",6," "," ","0",56," "," ","0",56," "," ","0",28," "," ","0",22," "," ","0",17," "," ","0",39," "," ","0",83," "," ","0",39," "," ","0",44," "," ","0",139," "," ","0",94," "," ","0",17," "," ","0",-11," "," ","0",-11," "," ","0",6," "," ","0",50," "," ","0",39," "," ","0",61," "," ","0",39," "," ","0",17," "," ","0",11," "," ","0",6," "," ","0"
"2020","USC00359461",1997,3,"TOBS",56," "," ","0",44," "," ","0",22," "," ","0",17," "," ","0",11," "," ","0",67," "," ","0",89," "," ","0",22," "," ","0",89," "," ","0",83," "," ","0",56," "," ","0",28," "," ","0",22," "," ","0",39," "," ","0",89," "," ","0",89," "," ","0",39," "," ","0",150," "," ","0",167," "," ","0",94," "," ","0",17," "," ","0",11," "," ","0",28," "," ","0",61," "," ","0",56," "," ","0",78," "," ","0",72," "," ","0",44," "," ","0",22," "," ","0",50," "," ","0",22," "," ","0"
"2021","USC00359461",1997,3,"PRCP",0," "," ","0",401," "," ","0",178," "," ","0",3," "," ","0",0," "," ","0",13," "," ","0",0,"T"," ","0",28," "," ","0",0,"T"," ","0",0," "," ","0",36," "," ","0",20," "," ","0",13," "," ","0",3," "," ","0",20," "," ","0",0," "," ","0",114," "," ","0",0," "," ","0",0," "," ","0",33," "," ","0",0," "," ","0",0," "," ","0",0," "," ","0",0," "," ","0",0," "," ","0",0," "," ","0",3," "," ","0",36," "," ","0",0,"T"," ","0",0," "," ","0",99," "," ","0"
"2022","USC00359461",1997,3,"SNOW",0,"P"," ","0",0,"P"," ","0",0,"P"," ","0",0,"P"," ","0",0,"P"," ","0",0,"P"," ","0",0,"P"," ","0",0,"P"," ","0",0,"P"," ","0",0,"P"," ","0",0,"P"," ","0",0,"P"," ","0",0,"P"," ","0",0,"P"," ","0",0,"P"," ","0",0,"P"," ","0",0,"P"," ","0",0,"P"," ","0",0,"P"," ","0",0,"P"," ","0",0,"P"," ","0",0,"P"," ","0",0,"P"," ","0",0,"P"," ","0",0,"P"," ","0",0,"P"," ","0",0,"P"," ","0",0,"P"," ","0",0,"P"," ","0",0,"P"," ","0",0,"P"," ","0"
"2023","USC00359461",1997,3,"SNWD",0,"P"," ","0",0,"P"," ","0",0,"P"," ","0",0,"P"," ","0",0,"P"," ","0",0,"P"," ","0",0,"P"," ","0",0,"P"," ","0",0,"P"," ","0",0,"P"," ","0",0,"P"," ","0",0,"P"," ","0",0,"P"," ","0",0,"P"," ","0",0,"P"," ","0",0,"P"," ","0",0,"P"," ","0",0,"P"," ","0",0,"P"," ","0",0,"P"," ","0",0,"P"," ","0",0,"P"," ","0",0,"P"," ","0",0,"P"," ","0",0,"P"," ","0",0,"P"," ","0",0,"P"," ","0",0,"P"," ","0",0,"P"," ","0",0,"P"," ","0",0,"P"," ","0"
"2024","USC00359461",1997,4,"TMAX",100," "," ","0",122," "," ","0",144," "," ","0",144," "," ","0",144," "," ","0",178," "," ","0",161," "," ","0",144," "," ","0",128," "," ","0",133," "," ","0",133," "," ","0",183," "," ","0",189," "," ","0",122," "," ","0",167," "," ","0",239," "," ","0",228," "," ","0",211," "," ","0",183," "," ","0",178," "," ","0",167," "," ","0",167," "," ","0",156," "," ","0",150," "," ","0",172," "," ","0",250," "," ","0",239," "," ","0",167," "," ","0",139," "," ","0",183," "," ","0",NA," "," "," "
"2025","USC00359461",1997,4,"TMIN",17," "," ","0",-6," "," ","0",6," "," ","0",17," "," ","0",-6," "," ","0",6," "," ","0",11," "," ","0",56," "," ","0",39," "," ","0",22," "," ","0",22," "," ","0",28," "," ","0",72," "," ","0",89," "," ","0",61," "," ","0",78," "," ","0",89," "," ","0",78," "," ","0",89," "," ","0",100," "," ","0",89," "," ","0",78," "," ","0",72," "," ","0",50," "," ","0",44," "," ","0",33," "," ","0",61," "," ","0",61," "," ","0",78," "," ","0",72," "," ","0",NA," "," "," "
"2026","USC00359461",1997,4,"TOBS",28," "," ","0",11," "," ","0",39," "," ","0",33," "," ","0",22," "," ","0",22," "," ","0",67," "," ","0",72," "," ","0",39," "," ","0",22," "," ","0",28," "," ","0",78," "," ","0",89," "," ","0",100," "," ","0",83," "," ","0",106," "," ","0",89," "," ","0",106," "," ","0",117," "," ","0",106," "," ","0",100," "," ","0",89," "," ","0",78," "," ","0",61," "," ","0",44," "," ","0",89," "," ","0",67," "," ","0",94," "," ","0",78," "," ","0",100," "," ","0",NA," "," "," "
"2027","USC00359461",1997,4,"PRCP",46," "," ","0",0,"T"," ","0",0," "," ","0",0," "," ","0",0," "," ","0",0," "," ","0",33," "," ","0",15," "," ","0",30," "," ","0",3," "," ","0",0," "," ","0",0," "," ","0",0," "," ","0",13," "," ","0",0," "," ","0",0," "," ","0",0," "," ","0",13," "," ","0",13," "," ","0",89," "," ","0",3," "," ","0",51," "," ","0",185," "," ","0",58," "," ","0",0," "," ","0",0," "," ","0",36," "," ","0",3," "," ","0",48," "," ","0",43," "," ","0",NA," "," "," "
"2028","USC00359461",1997,4,"SNOW",0,"P"," ","0",0,"P"," ","0",0,"P"," ","0",0,"P"," ","0",0,"P"," ","0",0,"P"," ","0",0,"P"," ","0",0,"P"," ","0",0,"P"," ","0",0,"P"," ","0",0,"P"," ","0",0,"P"," ","0",0,"P"," ","0",0,"P"," ","0",0,"P"," ","0",0,"P"," ","0",0,"P"," ","0",0,"P"," ","0",0,"P"," ","0",0,"P"," ","0",0,"P"," ","0",0,"P"," ","0",0,"P"," ","0",0,"P"," ","0",0,"P"," ","0",0,"P"," ","0",0,"P"," ","0",0,"P"," ","0",0,"P"," ","0",0,"P"," ","0",NA," "," "," "
"2029","USC00359461",1997,4,"SNWD",0,"P"," ","0",0,"P"," ","0",0,"P"," ","0",0,"P"," ","0",0,"P"," ","0",0,"P"," ","0",0,"P"," ","0",0,"P"," ","0",0,"P"," ","0",0,"P"," ","0",0,"P"," ","0",0,"P"," ","0",0,"P"," ","0",0,"P"," ","0",0,"P"," ","0",0,"P"," ","0",0,"P"," ","0",0,"P"," ","0",0,"P"," ","0",0,"P"," ","0",0,"P"," ","0",0,"P"," ","0",0,"P"," ","0",0,"P"," ","0",0,"P"," ","0",0,"P"," ","0",0,"P"," ","0",0,"P"," ","0",0,"P"," ","0",0,"P"," ","0",NA," "," "," "
"2030","USC00359461",1997,5,"TMAX",150," "," ","0",167," "," ","0",228," "," ","0",178," "," ","0",217," "," ","0",228," "," ","0",200," "," ","0",239," "," ","0",267," "," ","0",256," "," ","0",294," "," ","0",339," "," ","0",294," "," ","0",317," "," ","0",278," "," ","0",283," "," ","0",294," "," ","0",300," "," ","0",289," "," ","0",278," "," ","0",239," "," ","0",250," "," ","0",222," "," ","0",156," "," ","0",189," "," ","0",222," "," ","0",239," "," ","0",244," "," ","0",217," "," ","0",261," "," ","0",294," "," ","0"
"2031","USC00359461",1997,5,"TMIN",44," "," ","0",33," "," ","0",44," "," ","0",44," "," ","0",39," "," ","0",72," "," ","0",56," "," ","0",61," "," ","0",83," "," ","0",94," "," ","0",122," "," ","0",128," "," ","0",94," "," ","0",100," "," ","0",117," "," ","0",111," "," ","0",117," "," ","0",111," "," ","0",89," "," ","0",56," "," ","0",122," ","I","0",61," "," ","0",89," ","I","0",72," "," ","0",78," "," ","0",89," "," ","0",100," ","I","0",144," "," ","0",156," "," ","0",161," "," ","0",161," "," ","0"
"2032","USC00359461",1997,5,"TOBS",50," "," ","0",50," "," ","0",94," "," ","0",50," "," ","0",83," "," ","0",111," "," ","0",56," "," ","0",83," "," ","0",94," "," ","0",122," "," ","0",128," "," ","0",133," "," ","0",100," "," ","0",117," "," ","0",156," "," ","0",111," "," ","0",128," "," ","0",111," "," ","0",94," "," ","0",72," ","I","0",128," "," ","0",78," ","I","0",111," "," ","0",89," "," ","0",89," "," ","0",89," ","I","0",144," "," ","0",172," "," ","0",161," "," ","0",178," "," ","0",167," "," ","0"
"2033","USC00359461",1997,5,"PRCP",8," "," ","0",0," "," ","0",20," "," ","0",0," "," ","0",0," "," ","0",25," "," ","0",0," "," ","0",0," "," ","0",0," "," ","0",0," "," ","0",0," "," ","0",0," "," ","0",0," "," ","0",0," "," ","0",0," "," ","0",0," "," ","0",0," "," ","0",0," "," ","0",0," "," ","0",0," "," ","0",0," "," ","0",0," "," ","0",69," "," ","0",51," "," ","0",25," "," ","0",0," "," ","0",30," "," ","0",15," "," ","0",94," "," ","0",0,"T"," ","0",71," "," ","0"
"2034","USC00359461",1997,5,"SNOW",0,"P"," ","0",0,"P"," ","0",0,"P"," ","0",0,"P"," ","0",0,"P"," ","0",0,"P"," ","0",0,"P"," ","0",0,"P"," ","0",0,"P"," ","0",0,"P"," ","0",0,"P"," ","0",0,"P"," ","0",0,"P"," ","0",0,"P"," ","0",0,"P"," ","0",0,"P"," ","0",0,"P"," ","0",0,"P"," ","0",0,"P"," ","0",0,"P"," ","0",0,"P"," ","0",0,"P"," ","0",0,"P"," ","0",0,"P"," ","0",0,"P"," ","0",0,"P"," ","0",0,"P"," ","0",0,"P"," ","0",0,"P"," ","0",0,"P"," ","0",0,"P"," ","0"
"2035","USC00359461",1997,5,"SNWD",0,"P"," ","0",0,"P"," ","0",0,"P"," ","0",0,"P"," ","0",0,"P"," ","0",0,"P"," ","0",0,"P"," ","0",0,"P"," ","0",0,"P"," ","0",0,"P"," ","0",0,"P"," ","0",0,"P"," ","0",0,"P"," ","0",0,"P"," ","0",0,"P"," ","0",0,"P"," ","0",0,"P"," ","0",0,"P"," ","0",0,"P"," ","0",0,"P"," ","0",0,"P"," ","0",0,"P"," ","0",0,"P"," ","0",0,"P"," ","0",0,"P"," ","0",0,"P"," ","0",0,"P"," ","0",0,"P"," ","0",0,"P"," ","0",0,"P"," ","0",0,"P"," ","0"
"2036","USC00359461",1997,6,"TMAX",244," "," ","0",217," "," ","0",256," "," ","0",189," "," ","0",206," "," ","0",228," "," ","0",256," "," ","0",211," "," ","0",217," "," ","0",267," "," ","0",267," "," ","0",194," "," ","0",183," "," ","0",222," "," ","0",261," "," ","0",294," "," ","0",311," "," ","0",256," "," ","0",256," "," ","0",244," "," ","0",272," "," ","0",211," "," ","0",217," "," ","0",228," "," ","0",261," "," ","0",244," "," ","0",244," "," ","0",250," "," ","0",200," "," ","0",233," "," ","0",NA," "," "," "
"2037","USC00359461",1997,6,"TMIN",106," "," ","0",83," "," ","0",106," ","I","0",111," "," ","0",117," "," ","0",78," "," ","0",111," "," ","0",100," "," ","0",100," "," ","0",122," "," ","0",117," "," ","0",111," "," ","0",106," "," ","0",111," "," ","0",122," "," ","0",128," "," ","0",133," "," ","0",139," "," ","0",100," "," ","0",111," "," ","0",139," ","I","0",100," "," ","0",100," "," ","0",94," "," ","0",94," "," ","0",106," "," ","0",100," "," ","0",111," "," ","0",111," "," ","0",106," "," ","0",NA," "," "," "
"2038","USC00359461",1997,6,"TOBS",111," "," ","0",89," ","I","0",133," "," ","0",122," "," ","0",122," "," ","0",111," "," ","0",139," "," ","0",111," "," ","0",128," "," ","0",144," "," ","0",133," "," ","0",117," "," ","0",122," "," ","0",122," "," ","0",133," "," ","0",133," "," ","0",156," "," ","0",144," "," ","0",111," "," ","0",122," ","I","0",144," "," ","0",122," "," ","0",106," "," ","0",100," "," ","0",133," "," ","0",106," "," ","0",111," "," ","0",144," "," ","0",111," "," ","0",122," "," ","0",NA," "," "," "
"2039","USC00359461",1997,6,"PRCP",38," "," ","0",0," "," ","0",33," "," ","0",69," "," ","0",23," "," ","0",0," "," ","0",0," "," ","0",0," "," ","0",0," "," ","0",0," "," ","0",0," "," ","0",28," "," ","0",25," "," ","0",0," "," ","0",0," "," ","0",0," "," ","0",0," "," ","0",0," "," ","0",0," "," ","0",0," "," ","0",0," "," ","0",0," "," ","0",0," "," ","0",0," "," ","0",0," "," ","0",0," "," ","0",0," "," ","0",0," "," ","0",64," "," ","0",71," "," ","0",NA," "," "," "
"2040","USC00359461",1997,6,"SNOW",0,"P"," ","0",0,"P"," ","0",0,"P"," ","0",0,"P"," ","0",0,"P"," ","0",0,"P"," ","0",0,"P"," ","0",0,"P"," ","0",0,"P"," ","0",0,"P"," ","0",0,"P"," ","0",0,"P"," ","0",0,"P"," ","0",0,"P"," ","0",0,"P"," ","0",0,"P"," ","0",0,"P"," ","0",0,"P"," ","0",0,"P"," ","0",0,"P"," ","0",0,"P"," ","0",0,"P"," ","0",0,"P"," ","0",0,"P"," ","0",0,"P"," ","0",0,"P"," ","0",0,"P"," ","0",0,"P"," ","0",0,"P"," ","0",0,"P"," ","0",NA," "," "," "
"2041","USC00359461",1997,6,"SNWD",0,"P"," ","0",0,"P"," ","0",0,"P"," ","0",0,"P"," ","0",0,"P"," ","0",0,"P"," ","0",0,"P"," ","0",0,"P"," ","0",0,"P"," ","0",0,"P"," ","0",0,"P"," ","0",0,"P"," ","0",0,"P"," ","0",0,"P"," ","0",0,"P"," ","0",0,"P"," ","0",0,"P"," ","0",0,"P"," ","0",0,"P"," ","0",0,"P"," ","0",0,"P"," ","0",0,"P"," ","0",0,"P"," ","0",0,"P"," ","0",0,"P"," ","0",0,"P"," ","0",0,"P"," ","0",0,"P"," ","0",0,"P"," ","0",0,"P"," ","0",NA," "," "," "
"2042","USC00359461",1997,7,"TMAX",172," "," ","0",228," "," ","0",278," "," ","0",322," "," ","0",311," "," ","0",278," "," ","0",267," "," ","0",289," "," ","0",300," "," ","0",206," "," ","0",233," "," ","0",233," "," ","0",278," "," ","0",289," "," ","0",306," "," ","0",294," "," ","0",311," "," ","0",222," "," ","0",272," "," ","0",333," "," ","0",328," "," ","0",289," "," ","0",289," "," ","0",294," "," ","0",306," "," ","0",283," "," ","0",289," "," ","0",294," "," ","0",300," "," ","0",239," "," ","0",289," "," ","0"
"2043","USC00359461",1997,7,"TMIN",111," "," ","0",100," "," ","0",100," "," ","0",128," "," ","0",139," "," ","0",156," "," ","0",111," "," ","0",117," "," ","0",150," "," ","0",94," "," ","0",106," "," ","0",106," "," ","0",111," "," ","0",128," ","I","0",133," "," ","0",144," "," ","0",139," "," ","0",144," "," ","0",122," "," ","0",144," "," ","0",133," "," ","0",128," "," ","0",133," "," ","0",128," "," ","0",144," ","I","0",150," "," ","0",139," "," ","0",139," "," ","0",144," "," ","0",144," "," ","0",117," "," ","0"
"2044","USC00359461",1997,7,"TOBS",122," "," ","0",106," "," ","0",128," "," ","0",150," "," ","0",161," "," ","0",167," "," ","0",117," "," ","0",156," "," ","0",172," "," ","0",111," "," ","0",117," "," ","0",117," "," ","0",117," ","I","0",150," "," ","0",144," "," ","0",156," "," ","0",156," "," ","0",156," "," ","0",144," "," ","0",156," "," ","0",161," "," ","0",150," "," ","0",139," "," ","0",133," ","I","0",150," "," ","0",150," "," ","0",139," "," ","0",150," "," ","0",150," "," ","0",156," "," ","0",122," "," ","0"
"2045","USC00359461",1997,7,"PRCP",48," "," ","0",0," "," ","0",0," "," ","0",0," "," ","0",0," "," ","0",0," "," ","0",0," "," ","0",0," "," ","0",3," "," ","0",23," "," ","0",0," "," ","0",0," "," ","0",0," "," ","0",0," "," ","0",0," "," ","0",0," "," ","0",0," "," ","0",0," "," ","0",0," "," ","0",0," "," ","0",0," "," ","0",0," "," ","0",0," "," ","0",0," "," ","0",0," "," ","0",0," "," ","0",0," "," ","0",0," "," ","0",0," "," ","0",0," "," ","0",0," "," ","0"
"2046","USC00359461",1997,7,"SNOW",0,"P"," ","0",0,"P"," ","0",0,"P"," ","0",0,"P"," ","0",0,"P"," ","0",0,"P"," ","0",0,"P"," ","0",0,"P"," ","0",0,"P"," ","0",0,"P"," ","0",0,"P"," ","0",0,"P"," ","0",0,"P"," ","0",0,"P"," ","0",0,"P"," ","0",0,"P"," ","0",0,"P"," ","0",0,"P"," ","0",0,"P"," ","0",0,"P"," ","0",0,"P"," ","0",0,"P"," ","0",0,"P"," ","0",0,"P"," ","0",0,"P"," ","0",0,"P"," ","0",0,"P"," ","0",0,"P"," ","0",0,"P"," ","0",0,"P"," ","0",0,"P"," ","0"
"2047","USC00359461",1997,7,"SNWD",0,"P"," ","0",0,"P"," ","0",0,"P"," ","0",0,"P"," ","0",0,"P"," ","0",0,"P"," ","0",0,"P"," ","0",0,"P"," ","0",0,"P"," ","0",0,"P"," ","0",0,"P"," ","0",0,"P"," ","0",0,"P"," ","0",0,"P"," ","0",0,"P"," ","0",0,"P"," ","0",0,"P"," ","0",0,"P"," ","0",0,"P"," ","0",0,"P"," ","0",0,"P"," ","0",0,"P"," ","0",0,"P"," ","0",0,"P"," ","0",0,"P"," ","0",0,"P"," ","0",0,"P"," ","0",0,"P"," ","0",0,"P"," ","0",0,"P"," ","0",0,"P"," ","0"
"2048","USC00359461",1997,8,"TMAX",294," "," ","0",300," "," ","0",311," "," ","0",300," "," ","0",322," "," ","0",339," "," ","0",328," "," ","0",306," "," ","0",294," "," ","0",333," "," ","0",328," "," ","0",328," "," ","0",356," "," ","0",356," "," ","0",356," "," ","0",283," "," ","0",350," "," ","0",228," "," ","0",261," "," ","0",333," "," ","0",211," "," ","0",272," "," ","0",283," "," ","0",294," "," ","0",267," "," ","0",256," "," ","0",233," "," ","0",256," "," ","0",239," "," ","0",267," "," ","0",289," "," ","0"
"2049","USC00359461",1997,8,"TMIN",111," "," ","0",117," "," ","0",111," "," ","0",133," "," ","0",128," "," ","0",139," "," ","0",156," "," ","0",156," "," ","0",117," "," ","0",139," ","I","0",122," "," ","0",122," "," ","0",139," "," ","0",139," "," ","0",139," "," ","0",111," "," ","0",167," ","I","0",167," "," ","0",122," "," ","0",167," ","I","0",144," "," ","0",139," "," ","0",111," "," ","0",111," "," ","0",144," "," ","0",144," "," ","0",111," "," ","0",117," "," ","0",150," "," ","0",106," "," ","0",111," "," ","0"
"2050","USC00359461",1997,8,"TOBS",117," "," ","0",117," "," ","0",139," "," ","0",133," "," ","0",139," "," ","0",167," "," ","0",156," "," ","0",156," "," ","0",122," ","I","0",139," "," ","0",133," "," ","0",144," "," ","0",150," "," ","0",150," "," ","0",144," "," ","0",122," ","I","0",172," "," ","0",178," "," ","0",133," ","I","0",178," "," ","0",144," "," ","0",139," "," ","0",117," "," ","0",156," "," ","0",167," "," ","0",144," "," ","0",111," "," ","0",150," "," ","0",161," "," ","0",111," "," ","0",111," "," ","0"
"2051","USC00359461",1997,8,"PRCP",0," "," ","0",0," "," ","0",0," "," ","0",0," "," ","0",0," "," ","0",0," "," ","0",0," "," ","0",0," "," ","0",0," "," ","0",0," "," ","0",0," "," ","0",0," "," ","0",0," "," ","0",0," "," ","0",0," "," ","0",0," "," ","0",0," "," ","0",0," "," ","0",0," "," ","0",56," "," ","0",3," "," ","0",0," "," ","0",0," "," ","0",183," "," ","0",0," "," ","0",0," "," ","0",84," "," ","0",0," "," ","0",0," "," ","0",0," "," ","0",0," "," ","0"
"2052","USC00359461",1997,8,"SNOW",0,"P"," ","0",0,"P"," ","0",0,"P"," ","0",0,"P"," ","0",0,"P"," ","0",0,"P"," ","0",0,"P"," ","0",0,"P"," ","0",0,"P"," ","0",0,"P"," ","0",0,"P"," ","0",0,"P"," ","0",0,"P"," ","0",0,"P"," ","0",0,"P"," ","0",0,"P"," ","0",0,"P"," ","0",0,"P"," ","0",0,"P"," ","0",0,"P"," ","0",0,"P"," ","0",0,"P"," ","0",0,"P"," ","0",0,"P"," ","0",0,"P"," ","0",0,"P"," ","0",0,"P"," ","0",0,"P"," ","0",0,"P"," ","0",0,"P"," ","0",0,"P"," ","0"
"2053","USC00359461",1997,8,"SNWD",NA," "," "," ",0,"P"," ","0",0,"P"," ","0",0,"P"," ","0",0,"P"," ","0",0,"P"," ","0",0,"P"," ","0",0,"P"," ","0",0,"P"," ","0",0,"P"," ","0",0,"P"," ","0",0,"P"," ","0",0,"P"," ","0",0,"P"," ","0",0,"P"," ","0",0,"P"," ","0",0,"P"," ","0",0,"P"," ","0",0,"P"," ","0",0,"P"," ","0",0,"P"," ","0",0,"P"," ","0",0,"P"," ","0",0,"P"," ","0",0,"P"," ","0",0,"P"," ","0",0,"P"," ","0",0,"P"," ","0",0,"P"," ","0",0,"P"," ","0",0,"P"," ","0"
"2054","USC00359461",1997,9,"TMAX",272," "," ","0",267," "," ","0",278," "," ","0",267," "," ","0",272," "," ","0",244," "," ","0",267," "," ","0",283," "," ","0",294," "," ","0",256," "," ","0",211," "," ","0",206," "," ","0",250," "," ","0",206," "," ","0",222," "," ","0",189," "," ","0",206," "," ","0",189," "," ","0",183," "," ","0",217," "," ","0",261," "," ","0",300," "," ","0",278," "," ","0",294," "," ","0",333," "," ","0",278," "," ","0",200," "," ","0",222," "," ","0",250," "," ","0",300," "," ","0",NA," "," "," "
"2055","USC00359461",1997,9,"TMIN",106," "," ","0",122," "," ","0",117," "," ","0",122," "," ","0",144," "," ","0",89," "," ","0",94," "," ","0",100," "," ","0",133," "," ","0",133," "," ","0",150," "," ","0",133," "," ","0",83," "," ","0",89," "," ","0",122," "," ","0",89," "," ","0",100," "," ","0",83," "," ","0",78," "," ","0",78," "," ","0",89," "," ","0",78," "," ","0",94," "," ","0",100," "," ","0",111," "," ","0",111," "," ","0",78," "," ","0",78," "," ","0",67," "," ","0",83," "," ","0",NA," "," "," "
"2056","USC00359461",1997,9,"TOBS",172," "," ","0",122," "," ","0",133," "," ","0",167," "," ","0",161," "," ","0",89," "," ","0",94," "," ","0",128," "," ","0",139," "," ","0",150," "," ","0",161," "," ","0",133," "," ","0",94," "," ","0",139," "," ","0",133," "," ","0",111," "," ","0",122," "," ","0",106," "," ","0",89," "," ","0",100," "," ","0",100," "," ","0",106," "," ","0",111," "," ","0",128," "," ","0",122," "," ","0",128," "," ","0",89," "," ","0",78," "," ","0",94," "," ","0",122," "," ","0",NA," "," "," "
"2057","USC00359461",1997,9,"PRCP",0," "," ","0",0," "," ","0",0," "," ","0",0," "," ","0",0," "," ","0",0," "," ","0",0," "," ","0",0," "," ","0",0," "," ","0",8," "," ","0",30," "," ","0",18," "," ","0",0," "," ","0",137," "," ","0",5," "," ","0",81," "," ","0",208," "," ","0",20," "," ","0",36," "," ","0",0," "," ","0",0," "," ","0",0," "," ","0",0," "," ","0",0," "," ","0",0," "," ","0",5," "," ","0",20," "," ","0",0," "," ","0",0," "," ","0",0," "," ","0",NA," "," "," "
"2058","USC00359461",1997,9,"SNOW",0,"P"," ","0",0,"P"," ","0",0,"P"," ","0",0,"P"," ","0",0,"P"," ","0",0,"P"," ","0",0,"P"," ","0",0,"P"," ","0",0,"P"," ","0",0,"P"," ","0",0,"P"," ","0",0,"P"," ","0",0,"P"," ","0",0,"P"," ","0",0,"P"," ","0",0,"P"," ","0",0,"P"," ","0",0,"P"," ","0",0,"P"," ","0",0,"P"," ","0",0,"P"," ","0",0,"P"," ","0",0,"P"," ","0",0,"P"," ","0",0,"P"," ","0",0,"P"," ","0",0,"P"," ","0",0,"P"," ","0",0,"P"," ","0",0,"P"," ","0",NA," "," "," "
"2059","USC00359461",1997,9,"SNWD",0,"P"," ","0",0,"P"," ","0",0,"P"," ","0",0,"P"," ","0",0,"P"," ","0",0,"P"," ","0",0,"P"," ","0",0,"P"," ","0",0,"P"," ","0",0,"P"," ","0",0,"P"," ","0",0,"P"," ","0",0,"P"," ","0",0,"P"," ","0",0,"P"," ","0",0,"P"," ","0",0,"P"," ","0",0,"P"," ","0",0,"P"," ","0",0,"P"," ","0",0,"P"," ","0",0,"P"," ","0",0,"P"," ","0",0,"P"," ","0",0,"P"," ","0",0,"P"," ","0",0,"P"," ","0",0,"P"," ","0",0,"P"," ","0",0,"P"," ","0",NA," "," "," "
"2060","USC00359461",1997,10,"TMAX",233," "," ","0",211," "," ","0",178," "," ","0",206," "," ","0",200," "," ","0",178," "," ","0",144," "," ","0",161," "," ","0",172," "," ","0",133," "," ","0",150," "," ","0",144," "," ","0",172," "," ","0",194," "," ","0",133," "," ","0",211," "," ","0",217," "," ","0",150," "," ","0",144," "," ","0",156," "," ","0",161," "," ","0",139," "," ","0",128," "," ","0",161," "," ","0",133," "," ","0",144," "," ","0",144," "," ","0",178," "," ","0",172," "," ","0",172," "," ","0",194," "," ","0"
"2061","USC00359461",1997,10,"TMIN",111," "," ","0",72," "," ","0",117," "," ","0",122," "," ","0",100," "," ","0",100," "," ","0",72," "," ","0",78," "," ","0",78," "," ","0",39," "," ","0",56," ","I","0",56," "," ","0",56," "," ","0",44," "," ","0",89," "," ","0",83," "," ","0",72," "," ","0",94," "," ","0",67," "," ","0",44," "," ","0",50," "," ","0",44," "," ","0",56," "," ","0",33," "," ","0",17," "," ","0",17," "," ","0",22," "," ","0",39," "," ","0",61," "," ","0",111," "," ","0",89," "," ","0"
"2062","USC00359461",1997,10,"TOBS",111," "," ","0",122," "," ","0",133," "," ","0",122," "," ","0",100," "," ","0",100," "," ","0",78," "," ","0",111," "," ","0",89," "," ","0",44," ","I","0",72," "," ","0",94," "," ","0",61," "," ","0",100," "," ","0",117," "," ","0",83," "," ","0",106," "," ","0",106," "," ","0",78," "," ","0",50," "," ","0",56," "," ","0",61," "," ","0",61," "," ","0",39," "," ","0",28," "," ","0",22," "," ","0",44," "," ","0",67," "," ","0",117," "," ","0",156," "," ","0",94," "," ","0"
"2063","USC00359461",1997,10,"PRCP",0," "," ","0",267," "," ","0",23," "," ","0",15," "," ","0",81," "," ","0",0," "," ","0",0," "," ","0",8," "," ","0",112," "," ","0",81," "," ","0",48," "," ","0",25," "," ","0",0,"T"," ","0",0,"T"," ","0",0," "," ","0",3," "," ","0",3," "," ","0",0," "," ","0",0," "," ","0",0," "," ","0",0," "," ","0",3," "," ","0",0," "," ","0",0," "," ","0",0," "," ","0",0," "," ","0",3," "," ","0",0," "," ","0",46," "," ","0",51," "," ","0",178," "," ","0"
"2064","USC00359461",1997,10,"SNOW",0,"P"," ","0",0,"P"," ","0",0,"P"," ","0",0,"P"," ","0",0,"P"," ","0",0,"P"," ","0",0,"P"," ","0",0,"P"," ","0",0,"P"," ","0",0,"P"," ","0",0,"P"," ","0",0,"P"," ","0",0,"P"," ","0",0,"P"," ","0",0,"P"," ","0",0,"P"," ","0",0,"P"," ","0",0,"P"," ","0",0,"P"," ","0",0,"P"," ","0",0,"P"," ","0",0,"P"," ","0",0,"P"," ","0",0,"P"," ","0",0,"P"," ","0",0,"P"," ","0",0,"P"," ","0",0,"P"," ","0",0,"P"," ","0",0,"P"," ","0",0,"P"," ","0"
"2065","USC00359461",1997,10,"SNWD",0,"P"," ","0",0,"P"," ","0",0,"P"," ","0",0,"P"," ","0",0,"P"," ","0",0,"P"," ","0",0,"P"," ","0",0,"P"," ","0",0,"P"," ","0",0,"P"," ","0",0,"P"," ","0",0,"P"," ","0",0,"P"," ","0",0,"P"," ","0",0,"P"," ","0",0,"P"," ","0",0,"P"," ","0",0,"P"," ","0",0,"P"," ","0",0,"P"," ","0",0,"P"," ","0",0,"P"," ","0",0,"P"," ","0",0,"P"," ","0",0,"P"," ","0",0,"P"," ","0",0,"P"," ","0",0,"P"," ","0",0,"P"," ","0",0,"P"," ","0",0,"P"," ","0"
"2066","USC00359461",1997,11,"TMAX",178," "," ","0",161," "," ","0",172," "," ","0",178," "," ","0",178," "," ","0",194," "," ","0",156," "," ","0",128," "," ","0",128," "," ","0",106," "," ","0",100," "," ","0",122," "," ","0",161," "," ","0",122," "," ","0",139," "," ","0",67," "," ","0",128," "," ","0",128," "," ","0",117," "," ","0",117," "," ","0",133," "," ","0",111," "," ","0",122," "," ","0",144," "," ","0",111," "," ","0",94," "," ","0",89," "," ","0",139," "," ","0",156," "," ","0",94," "," ","0",NA," "," "," "
"2067","USC00359461",1997,11,"TMIN",67," "," ","0",61," "," ","0",50," "," ","0",67," "," ","0",72," "," ","0",72," "," ","0",83," "," ","0",50," "," ","0",50," "," ","0",50," "," ","0",72," "," ","0",78," "," ","0",61," "," ","0",56," "," ","0",33," "," ","0",33," "," ","0",22," "," ","0",33," "," ","0",39," "," ","0",67," "," ","0",39," "," ","0",39," "," ","0",56," "," ","0",67," "," ","0",11," "," ","0",11," "," ","0",50," "," ","0",56," "," ","0",61," "," ","0",50," "," ","0",NA," "," "," "
"2068","USC00359461",1997,11,"TOBS",78," "," ","0",61," "," ","0",78," "," ","0",72," "," ","0",72," "," ","0",111," "," ","0",94," "," ","0",56," "," ","0",61," "," ","0",78," "," ","0",89," "," ","0",94," "," ","0",72," "," ","0",61," "," ","0",33," "," ","0",33," "," ","0",50," "," ","0",44," "," ","0",89," "," ","0",67," "," ","0",44," "," ","0",61," "," ","0",94," "," ","0",72," "," ","0",17," "," ","0",61," "," ","0",67," "," ","0",83," "," ","0",72," "," ","0",50," "," ","0",NA," "," "," "
"2069","USC00359461",1997,11,"PRCP",3," "," ","0",0," "," ","0",3," "," ","0",3," "," ","0",0,"T"," ","0",43," "," ","0",122," "," ","0",0,"T"," ","0",0,"T"," ","0",0," "," ","0",15," "," ","0",15," "," ","0",46," "," ","0",3," "," ","0",3," "," ","0",0," "," ","0",109," "," ","0",23," "," ","0",107," "," ","0",191," "," ","0",0,"T"," ","0",8," "," ","0",30," "," ","0",48," "," ","0",89," "," ","0",43," "," ","0",3," "," ","0",0,"T"," ","0",3," "," ","0",79," "," ","0",NA," "," "," "
"2070","USC00359461",1997,11,"SNOW",0,"P"," ","0",0,"P"," ","0",0,"P"," ","0",0,"P"," ","0",0,"P"," ","0",0,"P"," ","0",0,"P"," ","0",0,"P"," ","0",0,"P"," ","0",0,"P"," ","0",0,"P"," ","0",0,"P"," ","0",0,"P"," ","0",0,"P"," ","0",0,"P"," ","0",0,"P"," ","0",0,"P"," ","0",0,"P"," ","0",0,"P"," ","0",0,"P"," ","0",0,"P"," ","0",0,"P"," ","0",0,"P"," ","0",0,"P"," ","0",0,"P"," ","0",0,"P"," ","0",0,"P"," ","0",0,"P"," ","0",0,"P"," ","0",0,"P"," ","0",NA," "," "," "
"2071","USC00359461",1997,11,"SNWD",0,"P"," ","0",0,"P"," ","0",0,"P"," ","0",0,"P"," ","0",0,"P"," ","0",0,"P"," ","0",0,"P"," ","0",0,"P"," ","0",0,"P"," ","0",0,"P"," ","0",0,"P"," ","0",0,"P"," ","0",0,"P"," ","0",0,"P"," ","0",0,"P"," ","0",0,"P"," ","0",0,"P"," ","0",0,"P"," ","0",0,"P"," ","0",0,"P"," ","0",0,"P"," ","0",0,"P"," ","0",0,"P"," ","0",0,"P"," ","0",0,"P"," ","0",0,"P"," ","0",0,"P"," ","0",0,"P"," ","0",0,"P"," ","0",0,"P"," ","0",NA," "," "," "
"2072","USC00359461",1997,12,"TMAX",72," "," ","0",56," "," ","0",89," "," ","0",50," "," ","0",111," "," ","0",72," "," ","0",89," "," ","0",100," "," ","0",83," "," ","0",94," "," ","0",89," "," ","0",83," "," ","0",61," "," ","0",78," "," ","0",94," "," ","0",106," "," ","0",128," "," ","0",106," "," ","0",50," "," ","0",94," "," ","0",72," "," ","0",67," "," ","0",72," "," ","0",61," "," ","0",78," "," ","0",67," "," ","0",44," "," ","0",89," "," ","0",117," "," ","0",94," "," ","0",50," "," ","0"
"2073","USC00359461",1997,12,"TMIN",33," "," ","0",17," "," ","0",0," "," ","0",11," ","I","0",17," "," ","0",33," "," ","0",39," "," ","0",17," "," ","0",28," "," ","0",0," "," ","0",-11," "," ","0",-22," "," ","0",-17," "," ","0",6," "," ","0",11," "," ","0",0," "," ","0",61," "," ","0",28," "," ","0",6," "," ","0",-6," "," ","0",28," "," ","0",-6," "," ","0",-6," "," ","0",17," "," ","0",-6," "," ","0",-17," "," ","0",-17," "," ","0",22," "," ","0",6," "," ","0",0," "," ","0",11," "," ","0"
"2074","USC00359461",1997,12,"TOBS",33," "," ","0",17," "," ","0",0," ","I","0",39," "," ","0",39," "," ","0",50," "," ","0",78," "," ","0",28," "," ","0",28," "," ","0",61," "," ","0",0," "," ","0",-11," "," ","0",6," "," ","0",78," "," ","0",11," "," ","0",94," "," ","0",61," "," ","0",39," "," ","0",6," "," ","0",28," "," ","0",33," "," ","0",-6," "," ","0",22," "," ","0",39," "," ","0",0," "," ","0",-6," "," ","0",28," "," ","0",33," "," ","0",11," "," ","0",39," "," ","0",11," "," ","0"
"2075","USC00359461",1997,12,"PRCP",0,"T"," ","0",0," "," ","0",3," "," ","0",0," "," ","0",0,"T"," ","0",0," "," ","0",114," "," ","0",25," "," ","0",3," "," ","0",0," "," ","0",0," "," ","0",0," "," ","0",0," "," ","0",3," "," ","0",79," "," ","0",76," "," ","0",165," "," ","0",8," "," ","0",0," "," ","0",18," "," ","0",79," "," ","0",3," "," ","0",23," "," ","0",74," "," ","0",0,"T"," ","0",0,"T"," ","0",0,"T"," ","0",0,"T"," ","0",0,"T"," ","0",0,"T"," ","0",0,"T"," ","0"
"2076","USC00359461",1997,12,"SNOW",0,"P"," ","0",0,"P"," ","0",0,"P"," ","0",0,"P"," ","0",0,"P"," ","0",0,"P"," ","0",0,"P"," ","0",0,"P"," ","0",0,"P"," ","0",0,"P"," ","0",0,"P"," ","0",0,"P"," ","0",0,"P"," ","0",0,"P"," ","0",0,"P"," ","0",0,"P"," ","0",0,"P"," ","0",0,"P"," ","0",0,"P"," ","0",0,"P"," ","0",0,"P"," ","0",0,"P"," ","0",0,"P"," ","0",0,"P"," ","0",0,"P"," ","0",0,"P"," ","0",0,"P"," ","0",0,"P"," ","0",0,"P"," ","0",0,"P"," ","0",0,"P"," ","0"
"2077","USC00359461",1997,12,"SNWD",0,"P"," ","0",0,"P"," ","0",0,"P"," ","0",0,"P"," ","0",0,"P"," ","0",0,"P"," ","0",0,"P"," ","0",0,"P"," ","0",0,"P"," ","0",0,"P"," ","0",0,"P"," ","0",0,"P"," ","0",0,"P"," ","0",0,"P"," ","0",0,"P"," ","0",0,"P"," ","0",0,"P"," ","0",0,"P"," ","0",0,"P"," ","0",0,"P"," ","0",0,"P"," ","0",0,"P"," ","0",0,"P"," ","0",0,"P"," ","0",0,"P"," ","0",0,"P"," ","0",0,"P"," ","0",0,"P"," ","0",0,"P"," ","0",0,"P"," ","0",0,"P"," ","0"
"2078","USC00359461",1998,1,"TMAX",67," "," ","0",94," "," ","0",67," "," ","0",67," "," ","0",78," "," ","0",100," "," ","0",94," "," ","0",83," "," ","0",83," "," ","0",78," "," ","0",100," "," ","0",111," "," ","0",111," "," ","0",122," "," ","0",122," "," ","0",106," "," ","0",150," "," ","0",128," "," ","0",122," "," ","0",89," "," ","0",111," "," ","0",78," "," ","0",94," "," ","0",150," "," ","0",128," "," ","0",106," "," ","0",106," "," ","0",117," "," ","0",189," "," ","0",144," "," ","0",111," "," ","0"
"2079","USC00359461",1998,1,"TMIN",11," "," ","0",11," "," ","0",22," "," ","0",6," "," ","0",11," "," ","0",17," "," ","0",11," "," ","0",56," "," ","0",39," "," ","0",39," "," ","0",44," "," ","0",56," "," ","0",50," ","I","0",39," "," ","0",61," "," ","0",50," "," ","0",78," "," ","0",67," "," ","0",39," "," ","0",33," "," ","0",33," "," ","0",22," "," ","0",50," "," ","0",61," "," ","0",33," "," ","0",28," "," ","0",72," "," ","0",56," "," ","0",61," "," ","0",11," "," ","0",11," "," ","0"
"2080","USC00359461",1998,1,"TOBS",22," "," ","0",44," "," ","0",33," "," ","0",28," "," ","0",33," "," ","0",44," "," ","0",67," "," ","0",56," "," ","0",56," "," ","0",61," "," ","0",89," "," ","0",39," ","I","0",39," "," ","0",111," "," ","0",67," "," ","0",83," "," ","0",111," "," ","0",67," "," ","0",39," "," ","0",39," "," ","0",33," "," ","0",56," "," ","0",78," "," ","0",106," "," ","0",33," "," ","0",83," "," ","0",78," "," ","0",56," "," ","0",89," "," ","0",22," "," ","0",28," "," ","0"
"2081","USC00359461",1998,1,"PRCP",0,"T"," ","0",137," "," ","0",8," "," ","0",140," "," ","0",15," "," ","0",0," "," ","0",43," "," ","0",28," "," ","0",3," "," ","0",64," "," ","0",137," "," ","0",41," "," ","0",312," "," ","0",18," "," ","0",97," "," ","0",97," "," ","0",84," "," ","0",3," "," ","0",61," "," ","0",18," "," ","0",3," "," ","0",94," "," ","0",20," "," ","0",64," "," ","0",64," "," ","0",165," "," ","0",38," "," ","0",3," "," ","0",30," "," ","0",20," "," ","0",3," "," ","0"
"2082","USC00359461",1998,1,"SNOW",0,"P"," ","0",0,"P"," ","0",0,"P"," ","0",0,"P"," ","0",0,"P"," ","0",0,"P"," ","0",0,"P"," ","0",0,"P"," ","0",0,"P"," ","0",0,"P"," ","0",0,"P"," ","0",0,"P"," ","0",0,"P"," ","0",0,"P"," ","0",0,"P"," ","0",0,"P"," ","0",0,"P"," ","0",0,"P"," ","0",0,"P"," ","0",0,"P"," ","0",0,"P"," ","0",0,"P"," ","0",0,"P"," ","0",0,"P"," ","0",0,"P"," ","0",0,"P"," ","0",0,"P"," ","0",0,"P"," ","0",0,"P"," ","0",0,"P"," ","0",0,"P"," ","0"
"2083","USC00359461",1998,1,"SNWD",0,"P"," ","0",0,"P"," ","0",0,"P"," ","0",0,"P"," ","0",0,"P"," ","0",0,"P"," ","0",0,"P"," ","0",0,"P"," ","0",0,"P"," ","0",0,"P"," ","0",0,"P"," ","0",0,"P"," ","0",0,"P"," ","0",0,"P"," ","0",0,"P"," ","0",0,"P"," ","0",0,"P"," ","0",0,"P"," ","0",0,"P"," ","0",0,"P"," ","0",0,"P"," ","0",0,"P"," ","0",0,"P"," ","0",0,"P"," ","0",0,"P"," ","0",0,"P"," ","0",0,"P"," ","0",0,"P"," ","0",0,"P"," ","0",0,"P"," ","0",0,"P"," ","0"
"2084","USC00359461",1998,2,"TMAX",161," "," ","0",128," "," ","0",122," "," ","0",100," "," ","0",133," "," ","0",167," "," ","0",178," "," ","0",156," "," ","0",117," "," ","0",117," "," ","0",128," "," ","0",144," "," ","0",122," "," ","0",133," "," ","0",83," "," ","0",122," "," ","0",133," "," ","0",122," "," ","0",139," "," ","0",111," "," ","0",100," "," ","0",89," "," ","0",89," "," ","0",67," "," ","0",122," "," ","0",100," "," ","0",122," "," ","0",139," "," ","0",NA," "," "," ",NA," "," "," ",NA," "," "," "
"2085","USC00359461",1998,2,"TMIN",22," "," ","0",39," "," ","0",28," "," ","0",44," "," ","0",44," "," ","0",33," "," ","0",28," "," ","0",22," "," ","0",17," "," ","0",17," "," ","0",44," "," ","0",22," "," ","0",33," "," ","0",28," "," ","0",39," "," ","0",17," "," ","0",11," "," ","0",28," ","I","0",56," "," ","0",33," "," ","0",50," ","I","0",28," "," ","0",11," "," ","0",11," "," ","0",22," "," ","0",22," "," ","0",22," "," ","0",33," "," ","0",NA," "," "," ",NA," "," "," ",NA," "," "," "
"2086","USC00359461",1998,2,"TOBS",56," "," ","0",50," "," ","0",61," "," ","0",56," "," ","0",56," "," ","0",167," "," ","0",33," "," ","0",67," "," ","0",17," "," ","0",83," "," ","0",44," "," ","0",117," "," ","0",39," "," ","0",67," "," ","0",44," "," ","0",22," "," ","0",11," ","I","0",100," "," ","0",61," "," ","0",33," ","I","0",50," "," ","0",39," "," ","0",11," "," ","0",39," "," ","0",44," "," ","0",28," "," ","0",44," "," ","0",89," "," ","0",NA," "," "," ",NA," "," "," ",NA," "," "," "
"2087","USC00359461",1998,2,"PRCP",0,"T"," ","0",33," "," ","0",56," "," ","0",81," "," ","0",20," "," ","0",28," "," ","0",0," "," ","0",5," "," ","0",64," "," ","0",5," "," ","0",51," "," ","0",5," "," ","0",150," "," ","0",41," "," ","0",137," "," ","0",3," "," ","0",0,"T"," ","0",13," "," ","0",152," "," ","0",23," "," ","0",427," "," ","0",165," "," ","0",38," "," ","0",0," "," ","0",20," "," ","0",20," "," ","0",0," "," ","0",30," "," ","0",NA," "," "," ",NA," "," "," ",NA," "," "," "
"2088","USC00359461",1998,2,"SNOW",0,"P"," ","0",0,"P"," ","0",0,"P"," ","0",0,"P"," ","0",0,"P"," ","0",0,"P"," ","0",0,"P"," ","0",0,"P"," ","0",0,"P"," ","0",0,"P"," ","0",0,"P"," ","0",0,"P"," ","0",0,"P"," ","0",0,"P"," ","0",0,"P"," ","0",0,"P"," ","0",0,"P"," ","0",0,"P"," ","0",0,"P"," ","0",0,"P"," ","0",0,"P"," ","0",0,"P"," ","0",0,"P"," ","0",0,"P"," ","0",0,"P"," ","0",0,"P"," ","0",0,"P"," ","0",0,"P"," ","0",NA," "," "," ",NA," "," "," ",NA," "," "," "
"2089","USC00359461",1998,2,"SNWD",0,"P"," ","0",0,"P"," ","0",0,"P"," ","0",0,"P"," ","0",0,"P"," ","0",0,"P"," ","0",0,"P"," ","0",0,"P"," ","0",0,"P"," ","0",0,"P"," ","0",0,"P"," ","0",0,"P"," ","0",0,"P"," ","0",0,"P"," ","0",0,"P"," ","0",0,"P"," ","0",0,"P"," ","0",0,"P"," ","0",0,"P"," ","0",0,"P"," ","0",0,"P"," ","0",0,"P"," ","0",0,"P"," ","0",0,"P"," ","0",0,"P"," ","0",0,"P"," ","0",0,"P"," ","0",0,"P"," ","0",NA," "," "," ",NA," "," "," ",NA," "," "," "
"2090","USC00359461",1998,3,"TMAX",144," "," ","0",128," "," ","0",111," "," ","0",83," "," ","0",100," "," ","0",94," "," ","0",111," "," ","0",94," "," ","0",117," "," ","0",139," "," ","0",106," "," ","0",228," "," ","0",150," "," ","0",172," "," ","0",189," "," ","0",144," "," ","0",139," "," ","0",139," "," ","0",183," "," ","0",217," "," ","0",222," "," ","0",144," "," ","0",150," "," ","0",172," "," ","0",156," "," ","0",133," "," ","0",111," "," ","0",89," "," ","0",100," "," ","0",139," "," ","0",100," "," ","0"
"2091","USC00359461",1998,3,"TMIN",78," "," ","0",78," "," ","0",17," "," ","0",22," "," ","0",0," "," ","0",-17," "," ","0",-17," "," ","0",-11," "," ","0",22," "," ","0",11," "," ","0",11," "," ","0",44," "," ","0",78," "," ","0",72," "," ","0",67," "," ","0",83," "," ","0",11," "," ","0",6," "," ","0",-11," "," ","0",11," "," ","0",39," "," ","0",89," "," ","0",106," "," ","0",50," "," ","0",56," "," ","0",44," "," ","0",33," "," ","0",22," "," ","0",-6," "," ","0",-6," "," ","0",22," "," ","0"
"2092","USC00359461",1998,3,"TOBS",89," "," ","0",72," "," ","0",33," "," ","0",22," "," ","0",6," "," ","0",0," "," ","0",-11," "," ","0",33," "," ","0",28," "," ","0",22," "," ","0",61," "," ","0",94," "," ","0",94," "," ","0",78," "," ","0",100," "," ","0",83," "," ","0",17," "," ","0",11," "," ","0",22," "," ","0",50," "," ","0",83," "," ","0",111," "," ","0",122," "," ","0",67," "," ","0",89," "," ","0",56," "," ","0",44," "," ","0",39," "," ","0",28," "," ","0",28," "," ","0",50," "," ","0"
"2093","USC00359461",1998,3,"PRCP",48," "," ","0",58," "," ","0",48," "," ","0",175," "," ","0",3," "," ","0",0," "," ","0",0," "," ","0",76," "," ","0",5," "," ","0",0," "," ","0",8," "," ","0",0,"T"," ","0",297," "," ","0",0," "," ","0",28," "," ","0",3," "," ","0",0," "," ","0",0," "," ","0",0," "," ","0",0," "," ","0",13," "," ","0",142," "," ","0",224," "," ","0",130," "," ","0",130," "," ","0",20," "," ","0",41," "," ","0",48," "," ","0",0," "," ","0",0," "," ","0",140," "," ","0"
"2094","USC00359461",1998,3,"SNOW",0,"P"," ","0",0,"P"," ","0",0,"P"," ","0",0,"P"," ","0",0,"P"," ","0",0,"P"," ","0",0,"P"," ","0",0,"P"," ","0",0,"P"," ","0",0,"P"," ","0",0,"P"," ","0",0,"P"," ","0",0,"P"," ","0",0,"P"," ","0",0,"P"," ","0",0,"P"," ","0",0,"P"," ","0",0,"P"," ","0",0,"P"," ","0",0,"P"," ","0",0,"P"," ","0",0,"P"," ","0",0,"P"," ","0",0,"P"," ","0",0,"P"," ","0",0,"P"," ","0",0,"P"," ","0",0,"P"," ","0",0,"P"," ","0",0,"P"," ","0",0,"P"," ","0"
"2095","USC00359461",1998,3,"SNWD",0,"P"," ","0",0,"P"," ","0",0,"P"," ","0",0,"P"," ","0",0,"P"," ","0",0,"P"," ","0",0,"P"," ","0",0,"P"," ","0",0,"P"," ","0",0,"P"," ","0",0,"P"," ","0",0,"P"," ","0",0,"P"," ","0",0,"P"," ","0",0,"P"," ","0",0,"P"," ","0",0,"P"," ","0",0,"P"," ","0",0,"P"," ","0",0,"P"," ","0",0,"P"," ","0",0,"P"," ","0",0,"P"," ","0",0,"P"," ","0",0,"P"," ","0",0,"P"," ","0",0,"P"," ","0",0,"P"," ","0",0,"P"," ","0",0,"P"," ","0",0,"P"," ","0"
"2096","USC00359461",1998,4,"TMAX",100," "," ","0",111," "," ","0",128," "," ","0",133," "," ","0",133," "," ","0",133," "," ","0",150," "," ","0",122," "," ","0",139," "," ","0",167," "," ","0",133," "," ","0",111," "," ","0",111," "," ","0",117," "," ","0",128," "," ","0",150," "," ","0",172," "," ","0",194," "," ","0",189," "," ","0",172," "," ","0",228," "," ","0",233," "," ","0",228," "," ","0",144," "," ","0",139," "," ","0",167," "," ","0",206," "," ","0",256," "," ","0",294," "," ","0",322," "," ","0",NA," "," "," "
"2097","USC00359461",1998,4,"TMIN",39," "," ","0",67," "," ","0",44," "," ","0",50," "," ","0",50," "," ","0",50," "," ","0",44," "," ","0",17," "," ","0",17," "," ","0",56," "," ","0",44," "," ","0",0," "," ","0",0," "," ","0",22," "," ","0",39," "," ","0",33," "," ","0",17," "," ","0",11," "," ","0",50," "," ","0",33," "," ","0",44," "," ","0",50," "," ","0",83," "," ","0",78," "," ","0",33," "," ","0",28," "," ","0",56," ","I","0",83," ","I","0",100," ","I","0",94," "," ","0",NA," "," "," "
"2098","USC00359461",1998,4,"TOBS",72," "," ","0",67," "," ","0",61," "," ","0",67," "," ","0",72," "," ","0",61," "," ","0",50," "," ","0",33," "," ","0",72," "," ","0",67," "," ","0",50," "," ","0",6," "," ","0",39," "," ","0",44," "," ","0",61," "," ","0",33," "," ","0",22," "," ","0",61," "," ","0",72," "," ","0",39," "," ","0",50," "," ","0",83," "," ","0",106," "," ","0",83," "," ","0",44," "," ","0",39," ","I","0",61," ","I","0",83," ","I","0",106," "," ","0",111," "," ","0",NA," "," "," "
"2099","USC00359461",1998,4,"PRCP",0,"T"," ","0",0," "," ","0",20," "," ","0",8," "," ","0",0," "," ","0",43," "," ","0",61," "," ","0",3," "," ","0",41," "," ","0",137," "," ","0",99," "," ","0",10," "," ","0",71," "," ","0",18," "," ","0",5," "," ","0",0," "," ","0",0," "," ","0",0," "," ","0",5," "," ","0",0," "," ","0",0," "," ","0",0," "," ","0",28," "," ","0",76," "," ","0",43," "," ","0",0," "," ","0",0," "," ","0",0," "," ","0",0," "," ","0",0," "," ","0",NA," "," "," "
"2100","USC00359461",1998,4,"SNOW",0,"P"," ","0",0,"P"," ","0",0,"P"," ","0",0,"P"," ","0",0,"P"," ","0",0,"P"," ","0",0,"P"," ","0",0,"P"," ","0",0,"P"," ","0",0,"P"," ","0",0,"P"," ","0",0,"P"," ","0",0,"P"," ","0",0,"P"," ","0",0,"P"," ","0",0,"P"," ","0",0,"P"," ","0",0,"P"," ","0",0,"P"," ","0",0,"P"," ","0",0,"P"," ","0",0,"P"," ","0",0,"P"," ","0",0,"P"," ","0",0,"P"," ","0",0,"P"," ","0",0,"P"," ","0",0,"P"," ","0",0,"P"," ","0",0,"P"," ","0",NA," "," "," "
"2101","USC00359461",1998,4,"SNWD",0,"P"," ","0",0,"P"," ","0",0,"P"," ","0",0,"P"," ","0",0,"P"," ","0",0,"P"," ","0",0,"P"," ","0",0,"P"," ","0",0,"P"," ","0",0,"P"," ","0",0,"P"," ","0",0,"P"," ","0",0,"P"," ","0",0,"P"," ","0",0,"P"," ","0",0,"P"," ","0",0,"P"," ","0",0,"P"," ","0",0,"P"," ","0",0,"P"," ","0",0,"P"," ","0",0,"P"," ","0",0,"P"," ","0",0,"P"," ","0",0,"P"," ","0",0,"P"," ","0",0,"P"," ","0",0,"P"," ","0",0,"P"," ","0",0,"P"," ","0",NA," "," "," "
"2102","USC00359461",1998,5,"TMAX",256," "," ","0",167," "," ","0",178," "," ","0",233," "," ","0",200," "," ","0",239," "," ","0",222," "," ","0",167," "," ","0",139," "," ","0",133," "," ","0",133," "," ","0",128," "," ","0",128," "," ","0",128," "," ","0",139," "," ","0",133," "," ","0",150," "," ","0",139," "," ","0",206," "," ","0",150," "," ","0",100," "," ","0",189," "," ","0",206," "," ","0",200," "," ","0",161," "," ","0",156," "," ","0",172," "," ","0",183," "," ","0",183," "," ","0",139," "," ","0",211," "," ","0"
"2103","USC00359461",1998,5,"TMIN",89," "," ","0",94," "," ","0",100," "," ","0",94," "," ","0",111," "," ","0",106," "," ","0",106," "," ","0",100," "," ","0",56," "," ","0",50," "," ","0",83," "," ","0",72," "," ","0",67," "," ","0",78," "," ","0",67," "," ","0",50," "," ","0",56," "," ","0",67," "," ","0",67," "," ","0",89," "," ","0",78," "," ","0",67," "," ","0",67," "," ","0",117," "," ","0",72," "," ","0",56," "," ","0",78," ","I","0",83," ","I","0",67," "," ","0",94," "," ","0",78," "," ","0"
"2104","USC00359461",1998,5,"TOBS",94," "," ","0",122," "," ","0",100," "," ","0",122," "," ","0",111," "," ","0",122," "," ","0",111," "," ","0",106," "," ","0",61," "," ","0",94," "," ","0",83," "," ","0",72," "," ","0",83," "," ","0",83," "," ","0",72," "," ","0",61," "," ","0",78," "," ","0",72," "," ","0",106," "," ","0",94," "," ","0",78," "," ","0",89," "," ","0",122," "," ","0",117," "," ","0",83," "," ","0",67," ","I","0",83," "," ","0",72," ","I","0",94," "," ","0",100," "," ","0",78," "," ","0"
"2105","USC00359461",1998,5,"PRCP",0," "," ","0",43," "," ","0",41," "," ","0",0," "," ","0",5," "," ","0",5," "," ","0",0," "," ","0",0," "," ","0",25," "," ","0",8," "," ","0",3," "," ","0",84," "," ","0",89," "," ","0",20," "," ","0",15," "," ","0",107," "," ","0",28," "," ","0",48," "," ","0",5," "," ","0",300," "," ","0",361," "," ","0",10," "," ","0",8," "," ","0",25," "," ","0",127," "," ","0",99," "," ","0",5," "," ","0",0," "," ","0",325," "," ","0",122," "," ","0",0," "," ","0"
"2106","USC00359461",1998,5,"SNOW",0,"P"," ","0",0,"P"," ","0",0,"P"," ","0",0,"P"," ","0",0,"P"," ","0",0,"P"," ","0",0,"P"," ","0",0,"P"," ","0",0,"P"," ","0",0,"P"," ","0",0,"P"," ","0",0,"P"," ","0",0,"P"," ","0",0,"P"," ","0",0,"P"," ","0",0,"P"," ","0",0,"P"," ","0",0,"P"," ","0",0,"P"," ","0",0,"P"," ","0",0,"P"," ","0",0,"P"," ","0",0,"P"," ","0",0,"P"," ","0",0,"P"," ","0",0,"P"," ","0",0,"P"," ","0",0,"P"," ","0",0,"P"," ","0",0,"P"," ","0",0,"P"," ","0"
"2107","USC00359461",1998,5,"SNWD",0,"P"," ","0",0,"P"," ","0",0,"P"," ","0",0,"P"," ","0",0,"P"," ","0",0,"P"," ","0",0,"P"," ","0",0,"P"," ","0",0,"P"," ","0",0,"P"," ","0",0,"P"," ","0",0,"P"," ","0",0,"P"," ","0",0,"P"," ","0",0,"P"," ","0",0,"P"," ","0",0,"P"," ","0",0,"P"," ","0",0,"P"," ","0",0,"P"," ","0",0,"P"," ","0",0,"P"," ","0",0,"P"," ","0",0,"P"," ","0",0,"P"," ","0",0,"P"," ","0",0,"P"," ","0",0,"P"," ","0",0,"P"," ","0",0,"P"," ","0",0,"P"," ","0"
"2108","USC00359461",1998,6,"TMAX",278," "," ","0",261," "," ","0",211," "," ","0",239," "," ","0",183," "," ","0",267," "," ","0",278," "," ","0",239," "," ","0",233," "," ","0",278," "," ","0",167," "," ","0",222," "," ","0",250," "," ","0",228," "," ","0",256," "," ","0",217," "," ","0",206," "," ","0",272," "," ","0",194," "," ","0",222," "," ","0",267," "," ","0",272," "," ","0",222," "," ","0",228," "," ","0",194," "," ","0",167," "," ","0",183," "," ","0",244," "," ","0",283," "," ","0",239," "," ","0",NA," "," "," "
"2109","USC00359461",1998,6,"TMIN",78," "," ","0",89," "," ","0",78," "," ","0",72," "," ","0",128," "," ","0",111," "," ","0",111," "," ","0",106," "," ","0",106," "," ","0",122," "," ","0",117," "," ","0",122," "," ","0",100," "," ","0",94," "," ","0",106," "," ","0",106," "," ","0",89," "," ","0",72," "," ","0",89," "," ","0",106," "," ","0",111," "," ","0",128," "," ","0",122," "," ","0",122," "," ","0",122," "," ","0",111," "," ","0",83," "," ","0",83," "," ","0",89," "," ","0",117," "," ","0",NA," "," "," "
"2110","USC00359461",1998,6,"TOBS",100," "," ","0",106," "," ","0",89," "," ","0",133," "," ","0",144," "," ","0",111," "," ","0",117," "," ","0",122," "," ","0",133," "," ","0",139," "," ","0",122," "," ","0",150," "," ","0",122," "," ","0",106," "," ","0",133," "," ","0",111," "," ","0",122," "," ","0",94," "," ","0",133," "," ","0",128," "," ","0",139," "," ","0",144," "," ","0",139," "," ","0",139," "," ","0",122," "," ","0",111," "," ","0",94," "," ","0",111," "," ","0",122," "," ","0",122," "," ","0",NA," "," "," "
"2111","USC00359461",1998,6,"PRCP",0," "," ","0",0," "," ","0",0," "," ","0",0," "," ","0",0," "," ","0",0," "," ","0",0," "," ","0",0," "," ","0",0," "," ","0",71," "," ","0",3," "," ","0",0," "," ","0",0," "," ","0",0," "," ","0",0," "," ","0",0," "," ","0",0," "," ","0",0," "," ","0",0," "," ","0",0," "," ","0",0," "," ","0",0," "," ","0",0," "," ","0",0,"T"," ","0",81," "," ","0",13," "," ","0",0," "," ","0",0," "," ","0",0," "," ","0",0," "," ","0",NA," "," "," "
"2112","USC00359461",1998,6,"SNOW",0,"P"," ","0",0,"P"," ","0",0,"P"," ","0",0,"P"," ","0",0,"P"," ","0",0,"P"," ","0",0,"P"," ","0",0,"P"," ","0",0,"P"," ","0",0,"P"," ","0",0,"P"," ","0",0,"P"," ","0",0,"P"," ","0",0,"P"," ","0",0,"P"," ","0",0,"P"," ","0",0,"P"," ","0",0,"P"," ","0",0,"P"," ","0",0,"P"," ","0",0,"P"," ","0",0,"P"," ","0",0,"P"," ","0",0,"P"," ","0",0,"P"," ","0",0,"P"," ","0",0,"P"," ","0",0,"P"," ","0",0,"P"," ","0",0,"P"," ","0",NA," "," "," "
"2113","USC00359461",1998,6,"SNWD",0,"P"," ","0",0,"P"," ","0",0,"P"," ","0",0,"P"," ","0",0,"P"," ","0",0,"P"," ","0",0,"P"," ","0",0,"P"," ","0",0,"P"," ","0",0,"P"," ","0",0,"P"," ","0",0,"P"," ","0",0,"P"," ","0",0,"P"," ","0",0,"P"," ","0",0,"P"," ","0",0,"P"," ","0",0,"P"," ","0",0,"P"," ","0",0,"P"," ","0",0,"P"," ","0",0,"P"," ","0",0,"P"," ","0",0,"P"," ","0",0,"P"," ","0",0,"P"," ","0",0,"P"," ","0",0,"P"," ","0",0,"P"," ","0",0,"P"," ","0",NA," "," "," "
"2114","USC00359461",1998,7,"TMAX",178," "," ","0",206," "," ","0",233," "," ","0",206," "," ","0",239," "," ","0",283," "," ","0",311," "," ","0",239," "," ","0",278," "," ","0",294," "," ","0",189," "," ","0",244," "," ","0",267," "," ","0",300," "," ","0",317," "," ","0",333," "," ","0",350," "," ","0",328," "," ","0",306," "," ","0",278," "," ","0",300," "," ","0",339," "," ","0",322," "," ","0",311," "," ","0",300," "," ","0",322," "," ","0",389," "," ","0",400," "," ","0",350," "," ","0",278," "," ","0",261," "," ","0"
"2115","USC00359461",1998,7,"TMIN",111," "," ","0",117," "," ","0",139," "," ","0",133," "," ","0",144," "," ","0",128," "," ","0",139," "," ","0",150," "," ","0",128," "," ","0",144," "," ","0",144," "," ","0",133," "," ","0",117," "," ","0",117," "," ","0",133," "," ","0",144," "," ","0",150," "," ","0",144," "," ","0",150," "," ","0",133," "," ","0",150," "," ","0",144," "," ","0",144," "," ","0",133," "," ","0",133," "," ","0",139," "," ","0",183," "," ","0",172," "," ","0",133," "," ","0",133," "," ","0",128," "," ","0"
"2116","USC00359461",1998,7,"TOBS",122," "," ","0",150," "," ","0",139," "," ","0",144," "," ","0",144," "," ","0",144," "," ","0",161," "," ","0",156," "," ","0",139," "," ","0",144," "," ","0",144," "," ","0",150," "," ","0",122," "," ","0",133," "," ","0",139," "," ","0",156," "," ","0",161," "," ","0",161," "," ","0",172," "," ","0",150," "," ","0",156," "," ","0",161," "," ","0",144," "," ","0",139," "," ","0",144," "," ","0",211," "," ","0",183," "," ","0",183," "," ","0",144," "," ","0",139," "," ","0",167," "," ","0"
"2117","USC00359461",1998,7,"PRCP",0," "," ","0",0," "," ","0",0," "," ","0",0," "," ","0",0," "," ","0",0," "," ","0",0," "," ","0",0," "," ","0",0," "," ","0",0," "," ","0",18," "," ","0",0," "," ","0",0," "," ","0",0," "," ","0",0," "," ","0",0," "," ","0",0," "," ","0",0," "," ","0",0," "," ","0",0," "," ","0",0," "," ","0",0," "," ","0",0," "," ","0",0," "," ","0",0," "," ","0",0," "," ","0",0," "," ","0",0," "," ","0",0," "," ","0",5," "," ","0",0," "," ","0"
"2118","USC00359461",1998,7,"SNOW",0,"P"," ","0",0,"P"," ","0",0,"P"," ","0",0,"P"," ","0",0,"P"," ","0",0,"P"," ","0",0,"P"," ","0",0,"P"," ","0",0,"P"," ","0",0,"P"," ","0",0,"P"," ","0",0,"P"," ","0",0,"P"," ","0",0,"P"," ","0",0,"P"," ","0",0,"P"," ","0",0,"P"," ","0",0,"P"," ","0",0,"P"," ","0",0,"P"," ","0",0,"P"," ","0",0,"P"," ","0",0,"P"," ","0",0,"P"," ","0",0,"P"," ","0",0,"P"," ","0",0,"P"," ","0",0,"P"," ","0",0,"P"," ","0",0,"P"," ","0",0,"P"," ","0"
"2119","USC00359461",1998,7,"SNWD",0,"P"," ","0",0,"P"," ","0",0,"P"," ","0",0,"P"," ","0",0,"P"," ","0",0,"P"," ","0",0,"P"," ","0",0,"P"," ","0",0,"P"," ","0",0,"P"," ","0",0,"P"," ","0",0,"P"," ","0",0,"P"," ","0",0,"P"," ","0",0,"P"," ","0",0,"P"," ","0",0,"P"," ","0",0,"P"," ","0",0,"P"," ","0",0,"P"," ","0",0,"P"," ","0",0,"P"," ","0",0,"P"," ","0",0,"P"," ","0",0,"P"," ","0",0,"P"," ","0",0,"P"," ","0",0,"P"," ","0",0,"P"," ","0",0,"P"," ","0",0,"P"," ","0"
"2120","USC00359461",1998,8,"TMAX",250," "," ","0",294," "," ","0",339," "," ","0",350," "," ","0",361," "," ","0",300," "," ","0",256," "," ","0",272," "," ","0",300," "," ","0",289," "," ","0",311," "," ","0",322," "," ","0",339," "," ","0",361," "," ","0",344," "," ","0",222," "," ","0",256," "," ","0",267," "," ","0",261," "," ","0",278," "," ","0",267," "," ","0",272," "," ","0",272," "," ","0",211," "," ","0",261," "," ","0",267," "," ","0",294," "," ","0",333," "," ","0",350," "," ","0",333," "," ","0",322," "," ","0"
"2121","USC00359461",1998,8,"TMIN",161," "," ","0",128," "," ","0",128," "," ","0",128," "," ","0",156," "," ","0",150," "," ","0",106," "," ","0",117," "," ","0",122," "," ","0",111," "," ","0",111," "," ","0",144," "," ","0",156," "," ","0",161," "," ","0",144," "," ","0",111," "," ","0",106," "," ","0",100," "," ","0",94," "," ","0",89," "," ","0",111," "," ","0",144," "," ","0",144," "," ","0",117," "," ","0",106," "," ","0",100," "," ","0",117," "," ","0",111," "," ","0",111," "," ","0",111," "," ","0",122," "," ","0"
"2122","USC00359461",1998,8,"TOBS",161," "," ","0",133," "," ","0",144," "," ","0",167," "," ","0",156," "," ","0",161," "," ","0",111," "," ","0",122," "," ","0",128," "," ","0",111," "," ","0",139," "," ","0",161," "," ","0",178," "," ","0",183," "," ","0",167," "," ","0",122," "," ","0",111," "," ","0",106," "," ","0",117," "," ","0",122," "," ","0",144," "," ","0",156," "," ","0",156," "," ","0",128," "," ","0",106," "," ","0",117," "," ","0",117," "," ","0",122," "," ","0",111," "," ","0",150," "," ","0",122," "," ","0"
"2123","USC00359461",1998,8,"PRCP",0," "," ","0",0," "," ","0",0," "," ","0",0," "," ","0",0," "," ","0",0," "," ","0",0," "," ","0",0," "," ","0",0," "," ","0",0," "," ","0",0," "," ","0",0," "," ","0",0," "," ","0",0," "," ","0",0," "," ","0",0," "," ","0",0," "," ","0",0," "," ","0",0," "," ","0",0," "," ","0",0," "," ","0",0," "," ","0",0," "," ","0",0," "," ","0",0," "," ","0",0," "," ","0",0," "," ","0",0," "," ","0",0," "," ","0",0," "," ","0",0," "," ","0"
"2124","USC00359461",1998,8,"SNOW",0,"P"," ","0",0,"P"," ","0",0,"P"," ","0",0,"P"," ","0",0,"P"," ","0",0,"P"," ","0",0,"P"," ","0",0,"P"," ","0",0,"P"," ","0",0,"P"," ","0",0,"P"," ","0",0,"P"," ","0",0,"P"," ","0",0,"P"," ","0",0,"P"," ","0",0,"P"," ","0",0,"P"," ","0",0,"P"," ","0",0,"P"," ","0",0,"P"," ","0",0,"P"," ","0",0,"P"," ","0",0,"P"," ","0",0,"P"," ","0",0,"P"," ","0",0,"P"," ","0",0,"P"," ","0",0,"P"," ","0",0,"P"," ","0",0,"P"," ","0",0,"P"," ","0"
"2125","USC00359461",1998,8,"SNWD",0,"P"," ","0",0,"P"," ","0",0,"P"," ","0",0,"P"," ","0",0,"P"," ","0",0,"P"," ","0",0,"P"," ","0",0,"P"," ","0",0,"P"," ","0",0,"P"," ","0",0,"P"," ","0",0,"P"," ","0",0,"P"," ","0",0,"P"," ","0",0,"P"," ","0",0,"P"," ","0",0,"P"," ","0",0,"P"," ","0",0,"P"," ","0",0,"P"," ","0",0,"P"," ","0",0,"P"," ","0",0,"P"," ","0",0,"P"," ","0",0,"P"," ","0",0,"P"," ","0",0,"P"," ","0",0,"P"," ","0",0,"P"," ","0",0,"P"," ","0",0,"P"," ","0"
"2126","USC00359461",1998,9,"TMAX",378," "," ","0",367," "," ","0",339," "," ","0",339," "," ","0",328," "," ","0",328," "," ","0",317," "," ","0",306," "," ","0",200," "," ","0",217," "," ","0",250," "," ","0",283," "," ","0",311," "," ","0",306," "," ","0",317," "," ","0",333," "," ","0",294," "," ","0",206," "," ","0",211," "," ","0",206," "," ","0",206," "," ","0",250," "," ","0",278," "," ","0",256," "," ","0",222," "," ","0",194," "," ","0",200," "," ","0",272," "," ","0",261," "," ","0",211," "," ","0",NA," "," "," "
"2127","USC00359461",1998,9,"TMIN",122," "," ","0",128," "," ","0",128," "," ","0",144," "," ","0",117," "," ","0",83," "," ","0",83," "," ","0",128," "," ","0",128," "," ","0",61," "," ","0",61," "," ","0",78," "," ","0",122," "," ","0",111," "," ","0",111," "," ","0",106," "," ","0",89," "," ","0",122," "," ","0",100," "," ","0",100," "," ","0",72," "," ","0",67," "," ","0",72," "," ","0",83," "," ","0",111," "," ","0",100," "," ","0",78," "," ","0",72," "," ","0",89," "," ","0",72," "," ","0",NA," "," "," "
"2128","USC00359461",1998,9,"TOBS",139," "," ","0",128," "," ","0",144," "," ","0",150," "," ","0",117," "," ","0",83," "," ","0",122," "," ","0",144," "," ","0",128," "," ","0",72," "," ","0",89," "," ","0",133," "," ","0",133," "," ","0",122," "," ","0",133," "," ","0",117," "," ","0",150," "," ","0",144," "," ","0",122," "," ","0",111," "," ","0",83," "," ","0",83," "," ","0",83," "," ","0",122," "," ","0",139," "," ","0",100," "," ","0",78," "," ","0",94," "," ","0",106," "," ","0",83," "," ","0",NA," "," "," "
"2129","USC00359461",1998,9,"PRCP",0," "," ","0",0," "," ","0",0," "," ","0",0," "," ","0",0," "," ","0",0," "," ","0",0," "," ","0",0,"T"," ","0",0," "," ","0",0," "," ","0",0," "," ","0",0," "," ","0",0," "," ","0",0," "," ","0",0," "," ","0",0," "," ","0",3," "," ","0",53," "," ","0",0," "," ","0",0," "," ","0",0," "," ","0",0," "," ","0",0," "," ","0",0," "," ","0",10," "," ","0",41," "," ","0",3," "," ","0",0," "," ","0",0," "," ","0",0," "," ","0",NA," "," "," "
"2130","USC00359461",1998,9,"SNOW",0,"P"," ","0",0,"P"," ","0",0,"P"," ","0",0,"P"," ","0",0,"P"," ","0",0,"P"," ","0",0,"P"," ","0",0,"P"," ","0",0,"P"," ","0",0,"P"," ","0",0,"P"," ","0",0,"P"," ","0",0,"P"," ","0",0,"P"," ","0",0,"P"," ","0",0,"P"," ","0",0,"P"," ","0",0,"P"," ","0",0,"P"," ","0",0,"P"," ","0",0,"P"," ","0",0,"P"," ","0",0,"P"," ","0",0,"P"," ","0",0,"P"," ","0",0,"P"," ","0",0,"P"," ","0",0,"P"," ","0",0,"P"," ","0",0,"P"," ","0",NA," "," "," "
"2131","USC00359461",1998,9,"SNWD",0,"P"," ","0",0,"P"," ","0",0,"P"," ","0",0,"P"," ","0",0,"P"," ","0",0,"P"," ","0",0,"P"," ","0",0,"P"," ","0",0,"P"," ","0",0,"P"," ","0",0,"P"," ","0",0,"P"," ","0",0,"P"," ","0",0,"P"," ","0",0,"P"," ","0",0,"P"," ","0",0,"P"," ","0",0,"P"," ","0",0,"P"," ","0",0,"P"," ","0",0,"P"," ","0",0,"P"," ","0",0,"P"," ","0",0,"P"," ","0",0,"P"," ","0",0,"P"," ","0",0,"P"," ","0",0,"P"," ","0",0,"P"," ","0",0,"P"," ","0",NA," "," "," "
"2132","USC00359461",1998,10,"TMAX",261," "," ","0",178," "," ","0",161," "," ","0",172," "," ","0",189," "," ","0",239," "," ","0",256," "," ","0",244," "," ","0",183," "," ","0",161," "," ","0",172," "," ","0",206," "," ","0",200," "," ","0",183," "," ","0",150," "," ","0",128," "," ","0",156," "," ","0",178," "," ","0",122," "," ","0",150," "," ","0",206," "," ","0",250," "," ","0",222," "," ","0",206," "," ","0",183," "," ","0",183," "," ","0",172," "," ","0",172," "," ","0",144," "," ","0",139," "," ","0",139," "," ","0"
"2133","USC00359461",1998,10,"TMIN",78," "," ","0",94," "," ","0",78," "," ","0",78," "," ","0",50," "," ","0",50," "," ","0",50," "," ","0",78," "," ","0",67," "," ","0",78," "," ","0",78," "," ","0",83," "," ","0",89," "," ","0",78," "," ","0",61," "," ","0",44," "," ","0",33," "," ","0",33," "," ","0",89," ","I","0",33," "," ","0",33," "," ","0",28," "," ","0",33," "," ","0",67," "," ","0",94," "," ","0",67," "," ","0",61," "," ","0",61," "," ","0",22," "," ","0",17," "," ","0",22," "," ","0"
"2134","USC00359461",1998,10,"TOBS",111," "," ","0",94," "," ","0",78," "," ","0",89," "," ","0",56," "," ","0",56," "," ","0",72," "," ","0",83," "," ","0",89," "," ","0",94," "," ","0",89," "," ","0",117," "," ","0",106," "," ","0",94," "," ","0",67," "," ","0",56," "," ","0",39," "," ","0",44," ","I","0",89," "," ","0",56," "," ","0",33," "," ","0",39," "," ","0",72," "," ","0",106," "," ","0",100," "," ","0",67," "," ","0",67," "," ","0",83," "," ","0",39," "," ","0",33," "," ","0",39," "," ","0"
"2135","USC00359461",1998,10,"PRCP",0," "," ","0",56," "," ","0",10," "," ","0",41," "," ","0",3," "," ","0",0," "," ","0",0," "," ","0",170," "," ","0",0,"T"," ","0",56," "," ","0",0,"T"," ","0",5," "," ","0",102," "," ","0",13," "," ","0",5," "," ","0",5," "," ","0",0," "," ","0",3," "," ","0",0," "," ","0",0," "," ","0",0," "," ","0",0," "," ","0",0," "," ","0",20," "," ","0",117," "," ","0",3," "," ","0",0," "," ","0",46," "," ","0",0," "," ","0",0," "," ","0",0," "," ","0"
"2136","USC00359461",1998,10,"SNOW",0,"P"," ","0",0,"P"," ","0",0,"P"," ","0",0,"P"," ","0",0,"P"," ","0",0,"P"," ","0",0,"P"," ","0",0,"P"," ","0",0,"P"," ","0",0,"P"," ","0",0,"P"," ","0",0,"P"," ","0",0,"P"," ","0",0,"P"," ","0",0,"P"," ","0",0,"P"," ","0",0,"P"," ","0",0,"P"," ","0",0,"P"," ","0",0,"P"," ","0",0,"P"," ","0",0,"P"," ","0",0,"P"," ","0",0,"P"," ","0",0,"P"," ","0",0,"P"," ","0",0,"P"," ","0",0,"P"," ","0",0,"P"," ","0",0,"P"," ","0",0,"P"," ","0"
"2137","USC00359461",1998,11,"TMAX",94," "," ","0",150," "," ","0",106," "," ","0",139," "," ","0",167," "," ","0",122," "," ","0",106," "," ","0",100," "," ","0",122," "," ","0",111," "," ","0",106," "," ","0",111," "," ","0",111," "," ","0",150," "," ","0",133," "," ","0",144," "," ","0",106," "," ","0",128," "," ","0",128," "," ","0",111," "," ","0",NA," "," "," ",133," "," ","0",122," "," ","0",117," "," ","0",150," "," ","0",183," "," ","0",122," "," ","0",122," "," ","0",83," "," ","0",106," "," ","0",NA," "," "," "
"2138","USC00359461",1998,11,"TMIN",44," "," ","0",67," "," ","0",67," "," ","0",78," "," ","0",56," "," ","0",50," "," ","0",44," "," ","0",39," "," ","0",39," "," ","0",44," "," ","0",22," "," ","0",28," "," ","0",28," "," ","0",44," "," ","0",44," "," ","0",78," "," ","0",67," "," ","0",61," "," ","0",33," "," ","0",33," "," ","0",NA," "," "," ",56," "," ","0",56," "," ","0",39," "," ","0",39," "," ","0",89," "," ","0",56," "," ","0",33," "," ","0",33," "," ","0",44," "," ","0",NA," "," "," "
"2139","USC00359461",1998,11,"TOBS",83," "," ","0",67," "," ","0",72," "," ","0",89," "," ","0",72," "," ","0",56," "," ","0",56," "," ","0",50," "," ","0",44," "," ","0",56," "," ","0",39," "," ","0",28," "," ","0",67," "," ","0",44," "," ","0",94," "," ","0",78," "," ","0",67," "," ","0",61," "," ","0",39," "," ","0",100," "," ","0",NA," "," "," ",56," "," ","0",83," "," ","0",39," "," ","0",139," "," ","0",89," "," ","0",61," "," ","0",33," "," ","0",44," "," ","0",50," "," ","0",NA," "," "," "
"2140","USC00359461",1998,11,"PRCP",155," "," ","0",46," "," ","0",5," "," ","0",48," "," ","0",102," "," ","0",66," "," ","0",66," "," ","0",76," "," ","0",5," "," ","0",56," "," ","0",33," "," ","0",3," "," ","0",0," "," ","0",0," "," ","0",10," "," ","0",53," "," ","0",66," "," ","0",81," "," ","0",3," "," ","0",8," "," ","0",691," "," ","0",335," "," ","0",135," "," ","0",246," "," ","0",33," "," ","0",191," "," ","0",13," "," ","0",28," "," ","0",43," "," ","0",292," "," ","0",NA," "," "," "
"2141","USC00359461",1998,11,"SNOW",0,"P"," ","0",0,"P"," ","0",0,"P"," ","0",0,"P"," ","0",0,"P"," ","0",0,"P"," ","0",0,"P"," ","0",0,"P"," ","0",0,"P"," ","0",0,"P"," ","0",0,"P"," ","0",0,"P"," ","0",0,"P"," ","0",0,"P"," ","0",0,"P"," ","0",0,"P"," ","0",0,"P"," ","0",0,"P"," ","0",0,"P"," ","0",0,"P"," ","0",0,"P"," ","0",0,"P"," ","0",0,"P"," ","0",0,"P"," ","0",0,"P"," ","0",0,"P"," ","0",0,"P"," ","0",0,"P"," ","0",0,"P"," ","0",0,"P"," ","0",NA," "," "," "
"2142","USC00359461",1998,11,"SNWD",0,"P"," ","0",0,"P"," ","0",0,"P"," ","0",0,"P"," ","0",0,"P"," ","0",0,"P"," ","0",0,"P"," ","0",0,"P"," ","0",0,"P"," ","0",0,"P"," ","0",0,"P"," ","0",0,"P"," ","0",0,"P"," ","0",0,"P"," ","0",0,"P"," ","0",0,"P"," ","0",0,"P"," ","0",0,"P"," ","0",0,"P"," ","0",0,"P"," ","0",0,"P"," ","0",0,"P"," ","0",0,"P"," ","0",0,"P"," ","0",0,"P"," ","0",0,"P"," ","0",0,"P"," ","0",0,"P"," ","0",0,"P"," ","0",0,"P"," ","0",NA," "," "," "
"2143","USC00359461",1998,12,"TMAX",111," "," ","0",117," "," ","0",117," "," ","0",83," "," ","0",56," "," ","0",72," "," ","0",61," "," ","0",89," "," ","0",83," "," ","0",89," "," ","0",89," "," ","0",111," "," ","0",178," "," ","0",106," "," ","0",72," "," ","0",56," "," ","0",61," "," ","0",61," "," ","0",67," "," ","0",33," "," ","0",-22," "," ","0",-28," "," ","0",-6," "," ","0",-17," "," ","0",17," "," ","0",111," "," ","0",89," "," ","0",117," "," ","0",111," "," ","0",133," "," ","0",144," "," ","0"
"2144","USC00359461",1998,12,"TMIN",39," "," ","0",44," "," ","0",33," "," ","0",0," "," ","0",-17," "," ","0",-6," "," ","0",0," "," ","0",17," "," ","0",0," "," ","0",-6," "," ","0",17," "," ","0",61," "," ","0",72," "," ","0",28," "," ","0",22," "," ","0",22," "," ","0",22," "," ","0",-11," "," ","0",-33," "," ","0",-61," "," ","0",-133," "," ","0",-133," "," ","0",-117," "," ","0",-100," "," ","0",-33," "," ","0",11," "," ","0",39," "," ","0",50," "," ","0",50," "," ","0",56," "," ","0",61," "," ","0"
"2145","USC00359461",1998,12,"TOBS",44," "," ","0",106," "," ","0",39," "," ","0",28," "," ","0",6," "," ","0",17," "," ","0",61," "," ","0",39," "," ","0",11," "," ","0",22," "," ","0",67," "," ","0",89," "," ","0",83," "," ","0",28," "," ","0",22," "," ","0",22," "," ","0",22," "," ","0",0," "," ","0",-33," "," ","0",-61," "," ","0",-133," "," ","0",-117," "," ","0",-100," "," ","0",-33," "," ","0",6," "," ","0",39," "," ","0",44," "," ","0",83," "," ","0",56," "," ","0",72," "," ","0",78," "," ","0"
"2146","USC00359461",1998,12,"PRCP",183," "," ","0",300," "," ","0",157," "," ","0",0," "," ","0",0," "," ","0",249," "," ","0",3," "," ","0",91," "," ","0",10," "," ","0",0," "," ","0",30," "," ","0",23," "," ","0",15," "," ","0",84," "," ","0",5," "," ","0",0," "," ","0",0," "," ","0",0," "," ","0",0," "," ","0",41," "," ","0",0," "," ","0",0," "," ","0",0," "," ","0",0," "," ","0",81," "," ","0",18," "," ","0",5," "," ","0",452," "," ","0",157," "," ","0",0," "," ","0",86," "," ","0"
"2147","USC00359461",1998,12,"SNOW",0,"P"," ","0",0,"P"," ","0",0,"P"," ","0",0,"P"," ","0",0,"P"," ","0",0,"P"," ","0",0,"P"," ","0",0,"P"," ","0",0,"P"," ","0",0,"P"," ","0",0,"P"," ","0",0,"P"," ","0",0,"P"," ","0",0,"P"," ","0",0,"P"," ","0",0,"P"," ","0",0,"P"," ","0",0,"P"," ","0",0,"P"," ","0",0,"P"," ","0",0,"P"," ","0",0,"P"," ","0",0,"P"," ","0",0,"P"," ","0",0,"P"," ","0",0,"P"," ","0",0,"P"," ","0",0,"P"," ","0",0,"P"," ","0",0,"P"," ","0",0,"P"," ","0"
"2148","USC00359461",1998,12,"SNWD",0,"P"," ","0",0,"P"," ","0",0,"P"," ","0",0,"P"," ","0",0,"P"," ","0",0,"P"," ","0",0,"P"," ","0",0,"P"," ","0",0,"P"," ","0",0,"P"," ","0",0,"P"," ","0",0,"P"," ","0",0,"P"," ","0",0,"P"," ","0",0,"P"," ","0",0,"P"," ","0",0,"P"," ","0",0,"P"," ","0",0,"P"," ","0",0,"P"," ","0",0,"P"," ","0",0,"P"," ","0",0,"P"," ","0",0,"P"," ","0",0,"P"," ","0",0,"P"," ","0",0,"P"," ","0",0,"P"," ","0",0,"P"," ","0",0,"P"," ","0",0,"P"," ","0"
"2149","USC00359461",1999,1,"TMAX",111," "," ","0",72," "," ","0",61," "," ","0",72," "," ","0",56," "," ","0",89," "," ","0",72," "," ","0",94," "," ","0",78," "," ","0",83," "," ","0",117," "," ","0",122," "," ","0",111," "," ","0",144," "," ","0",111," "," ","0",111," "," ","0",106," "," ","0",117," "," ","0",117," "," ","0",128," "," ","0",89," "," ","0",78," "," ","0",94," "," ","0",67," "," ","0",44," "," ","0",78," "," ","0",61," "," ","0",78," "," ","0",111," "," ","0",156," "," ","0",106," "," ","0"
"2150","USC00359461",1999,1,"TMIN",39," "," ","0",28," "," ","0",17," "," ","0",-17," "," ","0",-11," "," ","0",-11," "," ","0",28," "," ","0",17," "," ","0",-11," "," ","0",-17," "," ","0",-28," "," ","0",-6," "," ","0",44," "," ","0",56," "," ","0",61," "," ","0",44," "," ","0",44," "," ","0",44," "," ","0",50," "," ","0",50," "," ","0",50," "," ","0",44," "," ","0",33," "," ","0",-6," "," ","0",0," "," ","0",-11," "," ","0",-6," "," ","0",-6," "," ","0",61," "," ","0",50," "," ","0",39," "," ","0"
"2151","USC00359461",1999,1,"TOBS",44," "," ","0",39," "," ","0",33," "," ","0",6," "," ","0",0," "," ","0",33," "," ","0",39," "," ","0",17," "," ","0",-11," "," ","0",-11," "," ","0",-11," "," ","0",56," "," ","0",56," "," ","0",67," "," ","0",72," "," ","0",50," "," ","0",56," "," ","0",67," "," ","0",72," "," ","0",56," "," ","0",50," "," ","0",44," "," ","0",33," "," ","0",11," "," ","0",0," "," ","0",17," "," ","0",0," "," ","0",78," "," ","0",100," "," ","0",61," "," ","0",56," "," ","0"
"2152","USC00359461",1999,1,"PRCP",18," "," ","0",0," "," ","0",0," "," ","0",0,"T"," ","0",0,"T"," ","0",0,"T"," ","0",5," "," ","0",0," "," ","0",0," "," ","0",0," "," ","0",0," "," ","0",5," "," ","0",3," "," ","0",3," "," ","0",226," "," ","0",114," "," ","0",81," "," ","0",320," "," ","0",5," "," ","0",41," "," ","0",267," "," ","0",170," "," ","0",145," "," ","0",10," "," ","0",0," "," ","0",25," "," ","0",5," "," ","0",3," "," ","0",5," "," ","0",0," "," ","0",13," "," ","0"
"2153","USC00359461",1999,1,"SNOW",0,"P"," ","0",0,"P"," ","0",0,"P"," ","0",0,"P"," ","0",0,"P"," ","0",0,"P"," ","0",0,"P"," ","0",0,"P"," ","0",0,"P"," ","0",0,"P"," ","0",0,"P"," ","0",0,"P"," ","0",0,"P"," ","0",0,"P"," ","0",0,"P"," ","0",0,"P"," ","0",0,"P"," ","0",0,"P"," ","0",0,"P"," ","0",0,"P"," ","0",0,"P"," ","0",0,"P"," ","0",0,"P"," ","0",0,"P"," ","0",0,"P"," ","0",0,"P"," ","0",0,"P"," ","0",0,"P"," ","0",0,"P"," ","0",0,"P"," ","0",0,"P"," ","0"
"2154","USC00359461",1999,1,"SNWD",0,"P"," ","0",0,"P"," ","0",0,"P"," ","0",0,"P"," ","0",0,"P"," ","0",0,"P"," ","0",0,"P"," ","0",0,"P"," ","0",0,"P"," ","0",0,"P"," ","0",0,"P"," ","0",0,"P"," ","0",0,"P"," ","0",0,"P"," ","0",0,"P"," ","0",0,"P"," ","0",0,"P"," ","0",0,"P"," ","0",0,"P"," ","0",0,"P"," ","0",0,"P"," ","0",0,"P"," ","0",0,"P"," ","0",0,"P"," ","0",0,"P"," ","0",0,"P"," ","0",0,"P"," ","0",0,"P"," ","0",0,"P"," ","0",0,"P"," ","0",0,"P"," ","0"
"2155","USC00359461",1999,2,"TMAX",89," "," ","0",94," "," ","0",89," "," ","0",128," "," ","0",94," "," ","0",106," "," ","0",111," "," ","0",89," "," ","0",61," "," ","0",61," "," ","0",83," "," ","0",100," "," ","0",178," "," ","0",94," "," ","0",128," "," ","0",128," "," ","0",106," "," ","0",106," "," ","0",94," "," ","0",128," "," ","0",111," "," ","0",100," "," ","0",111," "," ","0",156," "," ","0",150," "," ","0",78," "," ","0",100," "," ","0",161," "," ","0",NA," "," "," ",NA," "," "," ",NA," "," "," "
"2156","USC00359461",1999,2,"TMIN",-17," "," ","0",-22," "," ","0",33," "," ","0",33," "," ","0",-11," "," ","0",-11," "," ","0",44," "," ","0",-11," "," ","0",6," ","I","0",-11," "," ","0",-22," "," ","0",-22," "," ","0",17," "," ","0",44," "," ","0",6," "," ","0",6," "," ","0",44," "," ","0",39," "," ","0",28," "," ","0",11," "," ","0",11," "," ","0",28," "," ","0",67," "," ","0",61," "," ","0",39," "," ","0",17," "," ","0",28," "," ","0",78," "," ","0",NA," "," "," ",NA," "," "," ",NA," "," "," "
"2157","USC00359461",1999,2,"TOBS",-6," "," ","0",56," "," ","0",44," "," ","0",44," "," ","0",0," "," ","0",56," "," ","0",44," "," ","0",-11," ","I","0",6," "," ","0",-11," "," ","0",-11," "," ","0",22," "," ","0",50," "," ","0",44," "," ","0",17," "," ","0",50," "," ","0",50," "," ","0",61," "," ","0",28," "," ","0",11," "," ","0",33," "," ","0",72," "," ","0",72," "," ","0",128," "," ","0",44," "," ","0",22," "," ","0",83," "," ","0",89," "," ","0",NA," "," "," ",NA," "," "," ",NA," "," "," "
"2158","USC00359461",1999,2,"PRCP",5," "," ","0",10," "," ","0",107," "," ","0",61," "," ","0",43," "," ","0",109," "," ","0",295," "," ","0",89," "," ","0",109," "," ","0",102," "," ","0",0," "," ","0",0," "," ","0",23," "," ","0",28," "," ","0",0,"T"," ","0",76," "," ","0",163," "," ","0",183," "," ","0",196," "," ","0",0,"T"," ","0",36," "," ","0",28," "," ","0",89," "," ","0",23," "," ","0",46," "," ","0",117," "," ","0",112," "," ","0",216," "," ","0",NA," "," "," ",NA," "," "," ",NA," "," "," "
"2159","USC00359461",1999,2,"SNOW",0,"P"," ","0",0,"P"," ","0",0,"P"," ","0",0,"P"," ","0",0,"P"," ","0",0,"P"," ","0",0,"P"," ","0",0,"P"," ","0",0,"P"," ","0",0,"P"," ","0",0,"P"," ","0",0,"P"," ","0",0,"P"," ","0",0,"P"," ","0",0,"P"," ","0",0,"P"," ","0",0,"P"," ","0",0,"P"," ","0",0,"P"," ","0",0,"P"," ","0",0,"P"," ","0",0,"P"," ","0",0,"P"," ","0",0,"P"," ","0",0,"P"," ","0",0,"P"," ","0",0,"P"," ","0",0,"P"," ","0",NA," "," "," ",NA," "," "," ",NA," "," "," "
"2160","USC00359461",1999,2,"SNWD",0,"P"," ","0",0,"P"," ","0",0,"P"," ","0",0,"P"," ","0",0,"P"," ","0",0,"P"," ","0",0,"P"," ","0",0,"P"," ","0",0,"P"," ","0",0,"P"," ","0",0,"P"," ","0",0,"P"," ","0",0,"P"," ","0",0,"P"," ","0",0,"P"," ","0",0,"P"," ","0",0,"P"," ","0",0,"P"," ","0",0,"P"," ","0",0,"P"," ","0",0,"P"," ","0",0,"P"," ","0",0,"P"," ","0",0,"P"," ","0",0,"P"," ","0",0,"P"," ","0",0,"P"," ","0",0,"P"," ","0",NA," "," "," ",NA," "," "," ",NA," "," "," "
"2161","USC00359461",1999,3,"TMAX",139," "," ","0",122," "," ","0",189," "," ","0",78," "," ","0",67," "," ","0",78," "," ","0",78," "," ","0",117," "," ","0",106," "," ","0",100," "," ","0",133," "," ","0",156," "," ","0",128," "," ","0",183," "," ","0",94," "," ","0",106," "," ","0",133," "," ","0",150," "," ","0",128," "," ","0",167," "," ","0",144," "," ","0",167," "," ","0",156," "," ","0",167," "," ","0",100," "," ","0",117," "," ","0",117," "," ","0",111," "," ","0",128," "," ","0",122," "," ","0",89," "," ","0"
"2162","USC00359461",1999,3,"TMIN",33," "," ","0",28," "," ","0",22," "," ","0",6," "," ","0",-6," "," ","0",-11," "," ","0",-6," "," ","0",-6," "," ","0",0," "," ","0",0," "," ","0",-22," "," ","0",-22," "," ","0",50," "," ","0",44," "," ","0",61," ","I","0",39," "," ","0",44," "," ","0",67," ","I","0",61," "," ","0",50," "," ","0",67," ","I","0",56," "," ","0",28," "," ","0",33," "," ","0",56," "," ","0",33," "," ","0",6," "," ","0",22," "," ","0",33," "," ","0",17," "," ","0",22," "," ","0"
"2163","USC00359461",1999,3,"TOBS",44," "," ","0",28," "," ","0",56," "," ","0",17," "," ","0",-6," "," ","0",11," "," ","0",0," "," ","0",83," "," ","0",0," "," ","0",11," "," ","0",-17," "," ","0",50," "," ","0",50," "," ","0",44," ","I","0",61," "," ","0",39," "," ","0",44," ","I","0",67," "," ","0",61," "," ","0",50," ","I","0",67," "," ","0",56," "," ","0",28," "," ","0",78," "," ","0",67," "," ","0",44," "," ","0",28," "," ","0",39," "," ","0",61," "," ","0",28," "," ","0",44," "," ","0"
"2164","USC00359461",1999,3,"PRCP",28," "," ","0",0,"T"," ","0",91," "," ","0",66," "," ","0",104," "," ","0",3," "," ","0",0," "," ","0",0," "," ","0",33," "," ","0",3," "," ","0",0," "," ","0",3," "," ","0",25," "," ","0",79," "," ","0",15," "," ","0",0," "," ","0",0," "," ","0",3," "," ","0",0," "," ","0",0," "," ","0",13," "," ","0",0," "," ","0",0,"T"," ","0",13," "," ","0",104," "," ","0",13," "," ","0",71," "," ","0",46," "," ","0",38," "," ","0",56," "," ","0",18," "," ","0"
"2165","USC00359461",1999,3,"SNOW",0,"P"," ","0",0,"P"," ","0",0,"P"," ","0",0,"P"," ","0",0,"P"," ","0",0,"P"," ","0",0,"P"," ","0",0,"P"," ","0",0,"P"," ","0",0,"P"," ","0",0,"P"," ","0",0,"P"," ","0",0,"P"," ","0",0,"P"," ","0",0,"P"," ","0",0,"P"," ","0",0,"P"," ","0",0,"P"," ","0",0,"P"," ","0",0,"P"," ","0",0,"P"," ","0",0,"P"," ","0",0,"P"," ","0",0,"P"," ","0",0,"P"," ","0",0,"P"," ","0",0,"P"," ","0",0,"P"," ","0",0,"P"," ","0",0,"P"," ","0",0,"P"," ","0"
"2166","USC00359461",1999,3,"SNWD",0,"P"," ","0",0,"P"," ","0",0,"P"," ","0",0,"P"," ","0",0,"P"," ","0",0,"P"," ","0",0,"P"," ","0",0,"P"," ","0",0,"P"," ","0",0,"P"," ","0",0,"P"," ","0",0,"P"," ","0",0,"P"," ","0",0,"P"," ","0",0,"P"," ","0",0,"P"," ","0",0,"P"," ","0",0,"P"," ","0",0,"P"," ","0",0,"P"," ","0",0,"P"," ","0",0,"P"," ","0",0,"P"," ","0",0,"P"," ","0",0,"P"," ","0",0,"P"," ","0",0,"P"," ","0",0,"P"," ","0",0,"P"," ","0",0,"P"," ","0",0,"P"," ","0"
"2167","USC00359461",1999,4,"TMAX",100," "," ","0",117," "," ","0",144," "," ","0",67," "," ","0",78," "," ","0",111," "," ","0",139," "," ","0",139," "," ","0",83," "," ","0",106," "," ","0",111," "," ","0",211," "," ","0",178," "," ","0",183," "," ","0",217," "," ","0",300," "," ","0",294," "," ","0",233," "," ","0",183," "," ","0",178," "," ","0",144," "," ","0",144," "," ","0",156," "," ","0",228," "," ","0",272," "," ","0",156," "," ","0",128," "," ","0",106," "," ","0",128," "," ","0",194," "," ","0",NA," "," "," "
"2168","USC00359461",1999,4,"TMIN",33," "," ","0",-11," "," ","0",6," ","I","0",22," "," ","0",22," "," ","0",17," "," ","0",22," "," ","0",28," "," ","0",6," "," ","0",6," "," ","0",44," "," ","0",44," "," ","0",39," "," ","0",11," "," ","0",17," "," ","0",17," "," ","0",56," "," ","0",67," "," ","0",72," "," ","0",72," "," ","0",67," "," ","0",56," "," ","0",28," "," ","0",28," "," ","0",56," "," ","0",67," "," ","0",44," "," ","0",22," "," ","0",28," "," ","0",28," "," ","0",NA," "," "," "
"2169","USC00359461",1999,4,"TOBS",33," "," ","0",-11," ","I","0",17," "," ","0",33," "," ","0",22," "," ","0",22," "," ","0",28," "," ","0",28," "," ","0",6," "," ","0",56," "," ","0",56," "," ","0",50," "," ","0",56," "," ","0",11," "," ","0",22," "," ","0",61," "," ","0",67," "," ","0",78," "," ","0",89," "," ","0",72," "," ","0",67," "," ","0",67," "," ","0",39," "," ","0",61," "," ","0",94," "," ","0",72," "," ","0",56," "," ","0",39," "," ","0",56," "," ","0",28," "," ","0",NA," "," "," "
"2170","USC00359461",1999,4,"PRCP",28," "," ","0",0," "," ","0",23," "," ","0",71," "," ","0",18," "," ","0",5," "," ","0",0," "," ","0",46," "," ","0",25," "," ","0",13," "," ","0",13," "," ","0",0," "," ","0",0," "," ","0",0," "," ","0",0," "," ","0",0," "," ","0",0," "," ","0",0," "," ","0",0," "," ","0",0,"T"," ","0",3," "," ","0",8," "," ","0",0," "," ","0",0," "," ","0",0," "," ","0",0," "," ","0",0,"T"," ","0",28," "," ","0",3," "," ","0",0," "," ","0",NA," "," "," "
"2171","USC00359461",1999,4,"SNOW",0,"P"," ","0",0,"P"," ","0",0,"P"," ","0",0,"P"," ","0",0,"P"," ","0",0,"P"," ","0",0,"P"," ","0",0,"P"," ","0",0,"P"," ","0",0,"P"," ","0",0,"P"," ","0",0,"P"," ","0",0,"P"," ","0",0,"P"," ","0",0,"P"," ","0",0,"P"," ","0",0,"P"," ","0",0,"P"," ","0",0,"P"," ","0",0,"P"," ","0",0,"P"," ","0",0,"P"," ","0",0,"P"," ","0",0,"P"," ","0",0,"P"," ","0",0,"P"," ","0",0,"P"," ","0",0,"P"," ","0",0,"P"," ","0",0,"P"," ","0",NA," "," "," "
"2172","USC00359461",1999,4,"SNWD",0,"P"," ","0",0,"P"," ","0",0,"P"," ","0",0,"P"," ","0",0,"P"," ","0",0,"P"," ","0",0,"P"," ","0",0,"P"," ","0",0,"P"," ","0",0,"P"," ","0",0,"P"," ","0",0,"P"," ","0",0,"P"," ","0",0,"P"," ","0",0,"P"," ","0",0,"P"," ","0",0,"P"," ","0",0,"P"," ","0",0,"P"," ","0",0,"P"," ","0",0,"P"," ","0",0,"P"," ","0",0,"P"," ","0",0,"P"," ","0",0,"P"," ","0",0,"P"," ","0",0,"P"," ","0",0,"P"," ","0",0,"P"," ","0",0,"P"," ","0",NA," "," "," "
"2173","USC00359461",1999,5,"TMAX",228," "," ","0",139," "," ","0",117," "," ","0",117," "," ","0",117," "," ","0",278," "," ","0",178," "," ","0",178," "," ","0",122," "," ","0",156," "," ","0",144," "," ","0",161," "," ","0",144," "," ","0",133," "," ","0",139," "," ","0",172," "," ","0",206," "," ","0",178," "," ","0",183," "," ","0",200," "," ","0",172," "," ","0",228," "," ","0",261," "," ","0",339," "," ","0",261," "," ","0",200," "," ","0",250," "," ","0",256," "," ","0",222," "," ","0",222," "," ","0",228," "," ","0"
"2174","USC00359461",1999,5,"TMIN",28," "," ","0",67," "," ","0",61," "," ","0",44," "," ","0",11," "," ","0",28," ","I","0",22," "," ","0",22," "," ","0",11," "," ","0",22," "," ","0",28," "," ","0",44," "," ","0",56," "," ","0",61," "," ","0",22," "," ","0",33," "," ","0",44," "," ","0",100," "," ","0",89," "," ","0",89," "," ","0",39," "," ","0",89," ","I","0",94," "," ","0",100," "," ","0",50," "," ","0",67," "," ","0",67," "," ","0",61," "," ","0",67," "," ","0",50," "," ","0",72," ","I","0"
"2175","USC00359461",1999,5,"TOBS",106," "," ","0",67," "," ","0",61," "," ","0",50," "," ","0",11," ","I","0",56," "," ","0",22," "," ","0",22," "," ","0",17," "," ","0",50," "," ","0",39," "," ","0",72," "," ","0",61," "," ","0",61," "," ","0",28," "," ","0",44," "," ","0",100," "," ","0",100," "," ","0",89," "," ","0",100," "," ","0",50," ","I","0",106," "," ","0",111," "," ","0",128," "," ","0",156," "," ","0",89," "," ","0",67," "," ","0",61," "," ","0",72," "," ","0",50," ","I","0",72," "," ","0"
"2176","USC00359461",1999,5,"PRCP",0," "," ","0",20," "," ","0",43," "," ","0",53," "," ","0",15," "," ","0",0," "," ","0",13," "," ","0",5," "," ","0",13," "," ","0",0," "," ","0",25," "," ","0",38," "," ","0",8," "," ","0",15," "," ","0",10," "," ","0",0," "," ","0",41," "," ","0",36," "," ","0",0," "," ","0",0," "," ","0",0," "," ","0",0," "," ","0",0," "," ","0",0," "," ","0",0," "," ","0",0," "," ","0",0," "," ","0",0," "," ","0",0," "," ","0",0," "," ","0",0," "," ","0"
"2177","USC00359461",1999,5,"SNOW",0,"P"," ","0",0,"P"," ","0",0,"P"," ","0",0,"P"," ","0",0,"P"," ","0",0,"P"," ","0",0,"P"," ","0",0,"P"," ","0",0,"P"," ","0",0,"P"," ","0",0,"P"," ","0",0,"P"," ","0",0,"P"," ","0",0,"P"," ","0",0,"P"," ","0",0,"P"," ","0",0,"P"," ","0",0,"P"," ","0",0,"P"," ","0",0,"P"," ","0",0,"P"," ","0",0,"P"," ","0",0,"P"," ","0",0,"P"," ","0",0,"P"," ","0",0,"P"," ","0",0,"P"," ","0",0,"P"," ","0",0,"P"," ","0",0,"P"," ","0",0,"P"," ","0"
"2178","USC00359461",1999,5,"SNWD",0,"P"," ","0",0,"P"," ","0",0,"P"," ","0",0,"P"," ","0",0,"P"," ","0",0,"P"," ","0",0,"P"," ","0",0,"P"," ","0",0,"P"," ","0",0,"P"," ","0",0,"P"," ","0",0,"P"," ","0",0,"P"," ","0",0,"P"," ","0",0,"P"," ","0",0,"P"," ","0",0,"P"," ","0",0,"P"," ","0",0,"P"," ","0",0,"P"," ","0",0,"P"," ","0",0,"P"," ","0",0,"P"," ","0",0,"P"," ","0",0,"P"," ","0",0,"P"," ","0",0,"P"," ","0",0,"P"," ","0",0,"P"," ","0",0,"P"," ","0",0,"P"," ","0"
"2179","USC00359461",1999,6,"TMAX",261," "," ","0",183," "," ","0",183," "," ","0",211," "," ","0",239," "," ","0",194," "," ","0",167," "," ","0",172," "," ","0",194," "," ","0",217," "," ","0",256," "," ","0",300," "," ","0",300," "," ","0",300," "," ","0",289," "," ","0",228," "," ","0",261," "," ","0",228," "," ","0",256," "," ","0",233," "," ","0",239," "," ","0",233," "," ","0",267," "," ","0",300," "," ","0",194," "," ","0",200," "," ","0",189," "," ","0",233," "," ","0",283," "," ","0",311," "," ","0",NA," "," "," "
"2180","USC00359461",1999,6,"TMIN",56," "," ","0",61," "," ","0",39," "," ","0",56," "," ","0",94," "," ","0",72," "," ","0",22," "," ","0",44," "," ","0",39," "," ","0",56," "," ","0",78," "," ","0",106," "," ","0",139," "," ","0",117," "," ","0",139," "," ","0",89," "," ","0",133," ","I","0",78," "," ","0",94," "," ","0",94," "," ","0",100," "," ","0",117," "," ","0",106," "," ","0",106," "," ","0",89," "," ","0",100," ","I","0",67," "," ","0",89," ","I","0",106," ","I","0",122," ","I","0",NA," "," "," "
"2181","USC00359461",1999,6,"TOBS",111," "," ","0",67," "," ","0",50," "," ","0",89," "," ","0",128," "," ","0",78," "," ","0",44," "," ","0",72," "," ","0",67," "," ","0",78," "," ","0",111," "," ","0",133," "," ","0",150," "," ","0",139," "," ","0",139," "," ","0",117," ","I","0",139," "," ","0",89," "," ","0",128," "," ","0",94," "," ","0",122," "," ","0",128," "," ","0",111," "," ","0",139," "," ","0",89," ","I","0",100," "," ","0",67," ","I","0",89," ","I","0",106," ","I","0",150," "," ","0",NA," "," "," "
"2182","USC00359461",1999,6,"PRCP",0," "," ","0",0," "," ","0",0," "," ","0",0," "," ","0",0," "," ","0",0," "," ","0",3," "," ","0",3," "," ","0",0," "," ","0",0," "," ","0",0," "," ","0",0," "," ","0",0," "," ","0",0," "," ","0",0," "," ","0",0," "," ","0",0," "," ","0",0," "," ","0",0," "," ","0",0," "," ","0",13," "," ","0",3," "," ","0",0," "," ","0",0," "," ","0",5," "," ","0",0," "," ","0",0," "," ","0",0," "," ","0",0," "," ","0",0," "," ","0",NA," "," "," "
"2183","USC00359461",1999,6,"SNOW",0,"P"," ","0",0,"P"," ","0",0,"P"," ","0",0,"P"," ","0",0,"P"," ","0",0,"P"," ","0",0,"P"," ","0",0,"P"," ","0",0,"P"," ","0",0,"P"," ","0",0,"P"," ","0",0,"P"," ","0",0,"P"," ","0",0,"P"," ","0",0,"P"," ","0",0,"P"," ","0",0,"P"," ","0",0,"P"," ","0",0,"P"," ","0",0,"P"," ","0",0,"P"," ","0",0,"P"," ","0",0,"P"," ","0",0,"P"," ","0",0,"P"," ","0",0,"P"," ","0",0,"P"," ","0",0,"P"," ","0",0,"P"," ","0",0,"P"," ","0",NA," "," "," "
"2184","USC00359461",1999,6,"SNWD",0,"P"," ","0",0,"P"," ","0",0,"P"," ","0",0,"P"," ","0",0,"P"," ","0",0,"P"," ","0",0,"P"," ","0",0,"P"," ","0",0,"P"," ","0",0,"P"," ","0",0,"P"," ","0",0,"P"," ","0",0,"P"," ","0",0,"P"," ","0",0,"P"," ","0",0,"P"," ","0",0,"P"," ","0",0,"P"," ","0",0,"P"," ","0",0,"P"," ","0",0,"P"," ","0",0,"P"," ","0",0,"P"," ","0",0,"P"," ","0",0,"P"," ","0",0,"P"," ","0",0,"P"," ","0",0,"P"," ","0",0,"P"," ","0",0,"P"," ","0",NA," "," "," "
"2185","USC00359461",1999,7,"TMAX",267," "," ","0",228," "," ","0",206," "," ","0",206," "," ","0",211," "," ","0",294," "," ","0",194," "," ","0",200," "," ","0",256," "," ","0",333," "," ","0",317," "," ","0",317," "," ","0",322," "," ","0",317," "," ","0",261," "," ","0",306," "," ","0",222," "," ","0",239," "," ","0",294," "," ","0",328," "," ","0",294," "," ","0",267," "," ","0",317," "," ","0",300," "," ","0",250," "," ","0",278," "," ","0",317," "," ","0",328," "," ","0",294," "," ","0",283," "," ","0",306," "," ","0"
"2186","USC00359461",1999,7,"TMIN",128," "," ","0",106," "," ","0",72," "," ","0",100," ","I","0",67," "," ","0",89," ","I","0",111," "," ","0",189," ","I","0",100," "," ","0",111," "," ","0",111," "," ","0",139," ","I","0",156," "," ","0",111," "," ","0",89," "," ","0",94," "," ","0",106," "," ","0",89," "," ","0",106," ","I","0",122," "," ","0",122," "," ","0",122," "," ","0",128," "," ","0",122," "," ","0",100," "," ","0",100," "," ","0",117," ","I","0",128," "," ","0",117," "," ","0",117," "," ","0",122," "," ","0"
"2187","USC00359461",1999,7,"TOBS",128," "," ","0",106," "," ","0",89," ","I","0",122," "," ","0",78," ","I","0",133," "," ","0",117," "," ","0",122," "," ","0",106," "," ","0",133," "," ","0",122," ","I","0",156," "," ","0",167," "," ","0",122," "," ","0",94," "," ","0",106," "," ","0",117," "," ","0",94," ","I","0",133," "," ","0",122," "," ","0",122," "," ","0",122," "," ","0",128," "," ","0",122," "," ","0",111," "," ","0",100," ","I","0",122," "," ","0",128," "," ","0",122," "," ","0",122," "," ","0",133," "," ","0"
"2188","USC00359461",1999,7,"PRCP",0," "," ","0",0," "," ","0",0," "," ","0",5," "," ","0",0," "," ","0",0," "," ","0",0," "," ","0",0," "," ","0",0," "," ","0",0," "," ","0",0," "," ","0",0," "," ","0",0," "," ","0",0," "," ","0",0," "," ","0",0," "," ","0",0," "," ","0",0," "," ","0",0," "," ","0",0," "," ","0",0," "," ","0",0," "," ","0",0," "," ","0",0," "," ","0",0," "," ","0",0," "," ","0",0," "," ","0",0," "," ","0",0," "," ","0",0," "," ","0",0," "," ","0"
"2189","USC00359461",1999,7,"SNOW",0,"P"," ","0",0,"P"," ","0",0,"P"," ","0",0,"P"," ","0",0,"P"," ","0",0,"P"," ","0",0,"P"," ","0",0,"P"," ","0",0,"P"," ","0",0,"P"," ","0",0,"P"," ","0",0,"P"," ","0",0,"P"," ","0",0,"P"," ","0",0,"P"," ","0",0,"P"," ","0",0,"P"," ","0",0,"P"," ","0",0,"P"," ","0",0,"P"," ","0",0,"P"," ","0",0,"P"," ","0",0,"P"," ","0",0,"P"," ","0",0,"P"," ","0",0,"P"," ","0",0,"P"," ","0",0,"P"," ","0",0,"P"," ","0",0,"P"," ","0",0,"P"," ","0"
"2190","USC00359461",1999,7,"SNWD",0,"P"," ","0",0,"P"," ","0",0,"P"," ","0",0,"P"," ","0",0,"P"," ","0",0,"P"," ","0",0,"P"," ","0",0,"P"," ","0",0,"P"," ","0",0,"P"," ","0",0,"P"," ","0",0,"P"," ","0",0,"P"," ","0",0,"P"," ","0",0,"P"," ","0",0,"P"," ","0",0,"P"," ","0",0,"P"," ","0",0,"P"," ","0",0,"P"," ","0",0,"P"," ","0",0,"P"," ","0",0,"P"," ","0",0,"P"," ","0",0,"P"," ","0",0,"P"," ","0",0,"P"," ","0",0,"P"," ","0",0,"P"," ","0",0,"P"," ","0",0,"P"," ","0"
"2191","USC00359461",1999,8,"TMAX",278," "," ","0",278," "," ","0",317," "," ","0",311," "," ","0",267," "," ","0",222," "," ","0",206," "," ","0",206," "," ","0",256," "," ","0",294," "," ","0",311," "," ","0",217," "," ","0",222," "," ","0",222," "," ","0",233," "," ","0",267," "," ","0",328," "," ","0",311," "," ","0",283," "," ","0",261," "," ","0",278," "," ","0",283," "," ","0",306," "," ","0",300," "," ","0",322," "," ","0",328," "," ","0",322," "," ","0",350," "," ","0",306," "," ","0",239," "," ","0",206," "," ","0"
"2192","USC00359461",1999,8,"TMIN",117," "," ","0",111," "," ","0",111," "," ","0",139," "," ","0",144," "," ","0",150," "," ","0",144," "," ","0",133," "," ","0",117," "," ","0",128," "," ","0",133," "," ","0",139," "," ","0",144," "," ","0",128," "," ","0",78," "," ","0",89," "," ","0",106," ","I","0",139," "," ","0",133," "," ","0",133," "," ","0",128," "," ","0",128," "," ","0",128," "," ","0",139," "," ","0",122," "," ","0",122," "," ","0",144," "," ","0",150," "," ","0",150," "," ","0",106," "," ","0",72," "," ","0"
"2193","USC00359461",1999,8,"TOBS",122," "," ","0",111," "," ","0",133," "," ","0",144," "," ","0",144," "," ","0",150," "," ","0",144," "," ","0",133," "," ","0",122," "," ","0",156," "," ","0",133," "," ","0",156," "," ","0",161," "," ","0",150," "," ","0",100," "," ","0",94," ","I","0",156," "," ","0",156," "," ","0",144," "," ","0",150," "," ","0",133," "," ","0",128," "," ","0",133," "," ","0",139," "," ","0",122," "," ","0",156," "," ","0",144," "," ","0",178," "," ","0",150," "," ","0",106," "," ","0",72," "," ","0"
"2194","USC00359461",1999,8,"PRCP",0," "," ","0",0," "," ","0",0," "," ","0",0," "," ","0",0,"T"," ","0",0," "," ","0",38," "," ","0",46," "," ","0",0," "," ","0",0," "," ","0",0," "," ","0",0," "," ","0",0," "," ","0",0," "," ","0",0," "," ","0",0," "," ","0",0," "," ","0",0," "," ","0",0," "," ","0",0," "," ","0",0," "," ","0",0," "," ","0",0," "," ","0",0," "," ","0",0," "," ","0",0," "," ","0",0," "," ","0",0," "," ","0",0," "," ","0",117," "," ","0",0,"T"," ","0"
"2195","USC00359461",1999,8,"SNOW",0,"P"," ","0",0,"P"," ","0",0,"P"," ","0",0,"P"," ","0",0,"P"," ","0",0,"P"," ","0",0,"P"," ","0",0,"P"," ","0",0,"P"," ","0",0,"P"," ","0",0,"P"," ","0",0,"P"," ","0",0,"P"," ","0",0,"P"," ","0",0,"P"," ","0",0,"P"," ","0",0,"P"," ","0",0,"P"," ","0",0,"P"," ","0",0,"P"," ","0",0,"P"," ","0",0,"P"," ","0",0,"P"," ","0",0,"P"," ","0",0,"P"," ","0",0,"P"," ","0",0,"P"," ","0",0,"P"," ","0",0,"P"," ","0",0,"P"," ","0",0,"P"," ","0"
"2196","USC00359461",1999,8,"SNWD",0,"P"," ","0",0,"P"," ","0",0,"P"," ","0",0,"P"," ","0",0,"P"," ","0",0,"P"," ","0",0,"P"," ","0",0,"P"," ","0",0,"P"," ","0",0,"P"," ","0",0,"P"," ","0",0,"P"," ","0",0,"P"," ","0",0,"P"," ","0",0,"P"," ","0",0,"P"," ","0",0,"P"," ","0",0,"P"," ","0",0,"P"," ","0",0,"P"," ","0",0,"P"," ","0",0,"P"," ","0",0,"P"," ","0",0,"P"," ","0",0,"P"," ","0",0,"P"," ","0",0,"P"," ","0",0,"P"," ","0",0,"P"," ","0",0,"P"," ","0",0,"P"," ","0"
"2197","USC00359461",1999,9,"TMAX",222," "," ","0",239," "," ","0",267," "," ","0",278," "," ","0",294," "," ","0",283," "," ","0",233," "," ","0",261," "," ","0",339," "," ","0",250," "," ","0",244," "," ","0",283," "," ","0",361," "," ","0",361," "," ","0",339," "," ","0",244," "," ","0",256," "," ","0",244," "," ","0",300," "," ","0",311," "," ","0",311," "," ","0",333," "," ","0",328," "," ","0",283," "," ","0",256," "," ","0",211," "," ","0",200," "," ","0",194," "," ","0",261," "," ","0",283," "," ","0",NA," "," "," "
"2198","USC00359461",1999,9,"TMIN",61," "," ","0",67," "," ","0",67," "," ","0",72," "," ","0",83," ","I","0",111," ","I","0",89," "," ","0",78," "," ","0",89," ","I","0",94," "," ","0",61," "," ","0",67," "," ","0",83," ","I","0",89," "," ","0",89," "," ","0",83," "," ","0",72," "," ","0",72," "," ","0",72," "," ","0",94," ","I","0",89," "," ","0",100," ","I","0",94," "," ","0",100," "," ","0",106," "," ","0",56," "," ","0",33," "," ","0",17," "," ","0",17," "," ","0",44," ","I","0",NA," "," "," "
"2199","USC00359461",1999,9,"TOBS",61," "," ","0",67," "," ","0",67," "," ","0",72," ","I","0",94," ","I","0",133," "," ","0",89," "," ","0",78," ","I","0",117," "," ","0",94," "," ","0",61," "," ","0",72," ","I","0",89," "," ","0",106," "," ","0",111," "," ","0",106," "," ","0",72," "," ","0",94," "," ","0",72," ","I","0",94," "," ","0",89," ","I","0",100," "," ","0",94," "," ","0",106," "," ","0",128," "," ","0",56," "," ","0",33," "," ","0",17," "," ","0",33," ","I","0",61," "," ","0",NA," "," "," "
"2200","USC00359461",1999,9,"PRCP",0," "," ","0",0," "," ","0",0," "," ","0",0," "," ","0",0," "," ","0",0," "," ","0",0," "," ","0",0," "," ","0",0," "," ","0",0," "," ","0",0," "," ","0",0," "," ","0",0," "," ","0",0," "," ","0",0," "," ","0",0," "," ","0",0," "," ","0",0," "," ","0",0," "," ","0",0," "," ","0",0," "," ","0",0," "," ","0",0," "," ","0",0," "," ","0",0," "," ","0",0," "," ","0",0," "," ","0",0," "," ","0",0," "," ","0",0," "," ","0",NA," "," "," "
"2201","USC00359461",1999,9,"SNOW",0,"P"," ","0",0,"P"," ","0",0,"P"," ","0",0,"P"," ","0",0,"P"," ","0",0,"P"," ","0",0,"P"," ","0",0,"P"," ","0",0,"P"," ","0",0,"P"," ","0",0,"P"," ","0",0,"P"," ","0",0,"P"," ","0",0,"P"," ","0",0,"P"," ","0",0,"P"," ","0",0,"P"," ","0",0,"P"," ","0",0,"P"," ","0",0,"P"," ","0",0,"P"," ","0",0,"P"," ","0",0,"P"," ","0",0,"P"," ","0",0,"P"," ","0",0,"P"," ","0",0,"P"," ","0",0,"P"," ","0",0,"P"," ","0",0,"P"," ","0",NA," "," "," "
"2202","USC00359461",1999,9,"SNWD",0,"P"," ","0",0,"P"," ","0",0,"P"," ","0",0,"P"," ","0",0,"P"," ","0",0,"P"," ","0",0,"P"," ","0",0,"P"," ","0",0,"P"," ","0",0,"P"," ","0",0,"P"," ","0",0,"P"," ","0",0,"P"," ","0",0,"P"," ","0",0,"P"," ","0",0,"P"," ","0",0,"P"," ","0",0,"P"," ","0",0,"P"," ","0",0,"P"," ","0",0,"P"," ","0",0,"P"," ","0",0,"P"," ","0",0,"P"," ","0",0,"P"," ","0",0,"P"," ","0",0,"P"," ","0",0,"P"," ","0",0,"P"," ","0",0,"P"," ","0",NA," "," "," "
"2203","USC00359461",1999,10,"TMAX",250," "," ","0",244," "," ","0",244," "," ","0",272," "," ","0",167," "," ","0",189," "," ","0",183," "," ","0",217," "," ","0",239," "," ","0",200," "," ","0",222," "," ","0",278," "," ","0",267," "," ","0",267," "," ","0",172," "," ","0",150," "," ","0",206," "," ","0",228," "," ","0",228," "," ","0",233," "," ","0",256," "," ","0",267," "," ","0",267," "," ","0",267," "," ","0",189," "," ","0",211," "," ","0",128," "," ","0",150," "," ","0",139," "," ","0",167," "," ","0",178," "," ","0"
"2204","USC00359461",1999,10,"TMIN",28," "," ","0",28," "," ","0",28," "," ","0",33," "," ","0",50," "," ","0",94," "," ","0",61," "," ","0",56," "," ","0",72," "," ","0",33," "," ","0",50," "," ","0",33," "," ","0",33," "," ","0",56," "," ","0",56," "," ","0",6," "," ","0",6," "," ","0",6," "," ","0",6," "," ","0",28," ","I","0",39," "," ","0",39," "," ","0",39," "," ","0",39," "," ","0",72," "," ","0",56," "," ","0",50," "," ","0",89," ","I","0",78," "," ","0",50," "," ","0",67," "," ","0"
"2205","USC00359461",1999,10,"TOBS",28," "," ","0",28," "," ","0",28," "," ","0",44," "," ","0",100," "," ","0",94," "," ","0",100," "," ","0",89," "," ","0",111," "," ","0",72," "," ","0",89," "," ","0",56," "," ","0",67," "," ","0",89," "," ","0",56," "," ","0",11," "," ","0",6," "," ","0",28," "," ","0",11," ","I","0",33," "," ","0",39," "," ","0",39," "," ","0",39," "," ","0",100," "," ","0",89," "," ","0",94," "," ","0",61," ","I","0",106," "," ","0",78," "," ","0",61," "," ","0",67," "," ","0"
"2206","USC00359461",1999,10,"PRCP",0," "," ","0",0," "," ","0",0," "," ","0",0," "," ","0",0," "," ","0",53," "," ","0",5," "," ","0",0," "," ","0",0," "," ","0",0," "," ","0",0," "," ","0",0," "," ","0",0," "," ","0",0," "," ","0",0," "," ","0",0," "," ","0",0," "," ","0",0," "," ","0",0," "," ","0",0," "," ","0",0," "," ","0",0," "," ","0",0," "," ","0",3," "," ","0",0," "," ","0",5," "," ","0",147," "," ","0",277," "," ","0",64," "," ","0",3," "," ","0",5," "," ","0"
"2207","USC00359461",1999,10,"SNOW",0,"P"," ","0",0,"P"," ","0",0,"P"," ","0",0,"P"," ","0",0,"P"," ","0",0,"P"," ","0",0,"P"," ","0",0,"P"," ","0",0,"P"," ","0",0,"P"," ","0",0,"P"," ","0",0,"P"," ","0",0,"P"," ","0",0,"P"," ","0",0,"P"," ","0",0,"P"," ","0",0,"P"," ","0",0,"P"," ","0",0,"P"," ","0",0,"P"," ","0",0,"P"," ","0",0,"P"," ","0",0,"P"," ","0",0,"P"," ","0",0,"P"," ","0",0,"P"," ","0",0,"P"," ","0",0,"P"," ","0",0,"P"," ","0",0,"P"," ","0",0,"P"," ","0"
"2208","USC00359461",1999,10,"SNWD",0,"P"," ","0",0,"P"," ","0",0,"P"," ","0",0,"P"," ","0",0,"P"," ","0",0,"P"," ","0",0,"P"," ","0",0,"P"," ","0",0,"P"," ","0",0,"P"," ","0",0,"P"," ","0",0,"P"," ","0",0,"P"," ","0",0,"P"," ","0",0,"P"," ","0",0,"P"," ","0",0,"P"," ","0",0,"P"," ","0",0,"P"," ","0",0,"P"," ","0",0,"P"," ","0",0,"P"," ","0",0,"P"," ","0",0,"P"," ","0",0,"P"," ","0",0,"P"," ","0",0,"P"," ","0",0,"P"," ","0",0,"P"," ","0",0,"P"," ","0",0,"P"," ","0"
"2209","USC00359461",1999,11,"TMAX",144," "," ","0",122," "," ","0",139," "," ","0",156," "," ","0",111," "," ","0",117," "," ","0",206," "," ","0",144," "," ","0",156," "," ","0",178," "," ","0",128," "," ","0",222," "," ","0",239," "," ","0",239," "," ","0",233," "," ","0",189," "," ","0",128," "," ","0",128," "," ","0",94," "," ","0",139," "," ","0",128," "," ","0",94," "," ","0",83," "," ","0",106," "," ","0",122," "," ","0",156," "," ","0",122," "," ","0",122," "," ","0",72," "," ","0",156," "," ","0",NA," "," "," "
"2210","USC00359461",1999,11,"TMIN",0," "," ","0",11," ","I","0",39," ","I","0",106," ","I","0",72," "," ","0",72," "," ","0",78," "," ","0",78," "," ","0",78," "," ","0",89," "," ","0",100," "," ","0",106," "," ","0",106," "," ","0",72," "," ","0",78," "," ","0",78," "," ","0",17," "," ","0",39," "," ","0",56," ","I","0",39," "," ","0",50," ","I","0",22," "," ","0",44," "," ","0",56," "," ","0",78," ","I","0",106," "," ","0",72," "," ","0",44," "," ","0",44," "," ","0",56," "," ","0",NA," "," "," "
"2211","USC00359461",1999,11,"TOBS",0," ","I","0",28," ","I","0",44," "," ","0",56," ","I","0",83," "," ","0",83," "," ","0",89," "," ","0",117," "," ","0",111," "," ","0",111," "," ","0",100," "," ","0",122," "," ","0",133," "," ","0",78," "," ","0",106," "," ","0",106," "," ","0",72," "," ","0",44," ","I","0",94," "," ","0",39," ","I","0",50," "," ","0",39," "," ","0",50," "," ","0",67," ","I","0",117," "," ","0",106," "," ","0",72," "," ","0",44," "," ","0",61," "," ","0",56," "," ","0",NA," "," "," "
"2212","USC00359461",1999,11,"PRCP",0," "," ","0",0,"T"," ","0",3," "," ","0",0,"T"," ","0",5," "," ","0",53," "," ","0",0,"T"," ","0",23," "," ","0",30," "," ","0",86," "," ","0",20," "," ","0",20," "," ","0",5," "," ","0",0," "," ","0",5," "," ","0",10," "," ","0",175," "," ","0",13," "," ","0",5," "," ","0",193," "," ","0",127," "," ","0",89," "," ","0",107," "," ","0",8," "," ","0",119," "," ","0",84," "," ","0",15," "," ","0",3," "," ","0",0," "," ","0",36," "," ","0",NA," "," "," "
"2213","USC00359461",1999,11,"SNOW",0,"P"," ","0",0,"P"," ","0",0,"P"," ","0",0,"P"," ","0",0,"P"," ","0",0,"P"," ","0",0,"P"," ","0",0,"P"," ","0",0,"P"," ","0",0,"P"," ","0",0,"P"," ","0",0,"P"," ","0",0,"P"," ","0",0,"P"," ","0",0,"P"," ","0",0,"P"," ","0",0,"P"," ","0",0,"P"," ","0",0,"P"," ","0",0,"P"," ","0",0,"P"," ","0",0,"P"," ","0",0,"P"," ","0",0,"P"," ","0",0,"P"," ","0",0,"P"," ","0",0,"P"," ","0",0,"P"," ","0",0,"P"," ","0",0,"P"," ","0",NA," "," "," "
"2214","USC00359461",1999,11,"SNWD",0,"P"," ","0",0,"P"," ","0",0,"P"," ","0",0,"P"," ","0",0,"P"," ","0",0,"P"," ","0",0,"P"," ","0",0,"P"," ","0",0,"P"," ","0",0,"P"," ","0",0,"P"," ","0",0,"P"," ","0",0,"P"," ","0",0,"P"," ","0",0,"P"," ","0",0,"P"," ","0",0,"P"," ","0",0,"P"," ","0",0,"P"," ","0",0,"P"," ","0",0,"P"," ","0",0,"P"," ","0",0,"P"," ","0",0,"P"," ","0",0,"P"," ","0",0,"P"," ","0",0,"P"," ","0",0,"P"," ","0",0,"P"," ","0",0,"P"," ","0",NA," "," "," "
"2215","USC00359461",1999,12,"TMAX",133," "," ","0",117," "," ","0",94," "," ","0",94," "," ","0",106," "," ","0",111," "," ","0",133," "," ","0",72," "," ","0",94," "," ","0",72," "," ","0",83," "," ","0",100," "," ","0",94," "," ","0",72," "," ","0",78," "," ","0",128," "," ","0",122," "," ","0",150," "," ","0",111," "," ","0",111," "," ","0",89," "," ","0",72," "," ","0",94," "," ","0",39," "," ","0",28," "," ","0",28," "," ","0",22," "," ","0",28," "," ","0",28," "," ","0",22," "," ","0",22," "," ","0"
"2216","USC00359461",1999,12,"TMIN",11," "," ","0",33," "," ","0",17," "," ","0",6," "," ","0",17," "," ","0",61," "," ","0",50," "," ","0",22," "," ","0",44," ","I","0",28," "," ","0",50," ","I","0",44," "," ","0",22," "," ","0",33," "," ","0",39," "," ","0",61," ","I","0",67," "," ","0",67," "," ","0",61," "," ","0",44," "," ","0",50," "," ","0",33," "," ","0",6," "," ","0",6," "," ","0",11," "," ","0",6," "," ","0",-6," "," ","0",-6," "," ","0",-6," "," ","0",-6," "," ","0",6," "," ","0"
"2217","USC00359461",1999,12,"TOBS",33," "," ","0",67," "," ","0",22," "," ","0",11," "," ","0",61," "," ","0",94," "," ","0",56," "," ","0",33," ","I","0",56," "," ","0",28," ","I","0",56," "," ","0",44," "," ","0",28," "," ","0",39," "," ","0",50," ","I","0",78," "," ","0",78," "," ","0",67," "," ","0",61," "," ","0",67," "," ","0",50," "," ","0",33," "," ","0",6," "," ","0",11," "," ","0",11," "," ","0",6," "," ","0",-6," "," ","0",-6," "," ","0",0," "," ","0",11," "," ","0",17," "," ","0"
"2218","USC00359461",1999,12,"PRCP",13," "," ","0",142," "," ","0",58," "," ","0",0,"T"," ","0",30," "," ","0",3," "," ","0",130," "," ","0",51," "," ","0",18," "," ","0",69," "," ","0",23," "," ","0",10," "," ","0",104," "," ","0",36," "," ","0",10," "," ","0",13," "," ","0",10," "," ","0",53," "," ","0",3," "," ","0",0," "," ","0",0," "," ","0",0," "," ","0",3," "," ","0",3," "," ","0",0," "," ","0",0," "," ","0",0," "," ","0",0," "," ","0",3," "," ","0",0,"T"," ","0",0," "," ","0"
"2219","USC00359461",1999,12,"SNOW",0,"P"," ","0",0,"P"," ","0",0,"P"," ","0",0,"P"," ","0",0,"P"," ","0",0,"P"," ","0",0,"P"," ","0",0,"P"," ","0",0,"P"," ","0",0,"P"," ","0",0,"P"," ","0",0,"P"," ","0",0,"P"," ","0",0,"P"," ","0",0,"P"," ","0",0,"P"," ","0",0,"P"," ","0",0,"P"," ","0",0,"P"," ","0",0,"P"," ","0",0,"P"," ","0",0,"P"," ","0",0,"P"," ","0",0,"P"," ","0",0,"P"," ","0",0,"P"," ","0",0,"P"," ","0",0,"P"," ","0",0,"P"," ","0",0,"P"," ","0",0,"P"," ","0"
"2220","USC00359461",1999,12,"SNWD",0,"P"," ","0",0,"P"," ","0",0,"P"," ","0",0,"P"," ","0",0,"P"," ","0",0,"P"," ","0",0,"P"," ","0",0,"P"," ","0",0,"P"," ","0",0,"P"," ","0",0,"P"," ","0",0,"P"," ","0",0,"P"," ","0",0,"P"," ","0",0,"P"," ","0",0,"P"," ","0",0,"P"," ","0",0,"P"," ","0",0,"P"," ","0",0,"P"," ","0",0,"P"," ","0",0,"P"," ","0",0,"P"," ","0",0,"P"," ","0",0,"P"," ","0",0,"P"," ","0",0,"P"," ","0",0,"P"," ","0",0,"P"," ","0",0,"P"," ","0",0,"P"," ","0"
"2221","USC00359461",2000,1,"TMAX",44," "," ","0",89," "," ","0",61," "," ","0",94," "," ","0",106," "," ","0",83," "," ","0",56," "," ","0",128," "," ","0",111," "," ","0",122," "," ","0",100," "," ","0",94," "," ","0",83," "," ","0",61," "," ","0",122," "," ","0",83," "," ","0",94," "," ","0",39," "," ","0",56," "," ","0",67," "," ","0",83," "," ","0",78," "," ","0",94," "," ","0",61," "," ","0",89," "," ","0",94," "," ","0",89," "," ","0",44," "," ","0",106," "," ","0",94," "," ","0",128," "," ","0"
"2222","USC00359461",2000,1,"TMIN",11," "," ","0",33," "," ","0",39," "," ","0",39," "," ","0",39," "," ","0",6," "," ","0",17," "," ","0",44," "," ","0",44," "," ","0",44," "," ","0",44," "," ","0",44," "," ","0",28," "," ","0",28," "," ","0",22," "," ","0",22," "," ","0",0," "," ","0",6," "," ","0",17," "," ","0",33," "," ","0",0," "," ","0",0," "," ","0",28," "," ","0",39," "," ","0",50," "," ","0",33," "," ","0",-6," "," ","0",-6," "," ","0",-17," "," ","0",-17," "," ","0",0," "," ","0"
"2223","USC00359461",2000,1,"TOBS",39," "," ","0",44," "," ","0",39," "," ","0",72," "," ","0",50," "," ","0",17," "," ","0",50," "," ","0",100," "," ","0",56," "," ","0",44," "," ","0",56," "," ","0",56," "," ","0",33," "," ","0",50," "," ","0",22," "," ","0",61," "," ","0",6," "," ","0",17," "," ","0",28," "," ","0",33," "," ","0",6," "," ","0",33," "," ","0",33," "," ","0",56," "," ","0",61," "," ","0",39," "," ","0",11," "," ","0",11," "," ","0",-11," "," ","0",6," "," ","0",22," "," ","0"
"2224","USC00359461",2000,1,"PRCP",0,"T"," ","0",203," "," ","0",102," "," ","0",41," "," ","0",23," "," ","0",5," "," ","0",8," "," ","0",3," "," ","0",30," "," ","0",132," "," ","0",472," "," ","0",157," "," ","0",183," "," ","0",500," "," ","0",18," "," ","0",109," "," ","0",64," "," ","0",0,"T"," ","0",25," "," ","0",71," "," ","0",30," "," ","0",84," "," ","0",13," "," ","0",99," "," ","0",51," "," ","0",13," "," ","0",5," "," ","0",0," "," ","0",0," "," ","0",0," "," ","0",15," "," ","0"
"2225","USC00359461",2000,1,"SNOW",0,"P"," ","0",0,"P"," ","0",0,"P"," ","0",0,"P"," ","0",0,"P"," ","0",0,"P"," ","0",0,"P"," ","0",0,"P"," ","0",0,"P"," ","0",0,"P"," ","0",0,"P"," ","0",0,"P"," ","0",0,"P"," ","0",0,"P"," ","0",0,"P"," ","0",0,"P"," ","0",0,"P"," ","0",0,"P"," ","0",0,"P"," ","0",0,"P"," ","0",0,"P"," ","0",0,"P"," ","0",0,"P"," ","0",0,"P"," ","0",0,"P"," ","0",0,"P"," ","0",0,"P"," ","0",0,"P"," ","0",0,"P"," ","0",0,"P"," ","0",0,"P"," ","0"
"2226","USC00359461",2000,1,"SNWD",0,"P"," ","0",0,"P"," ","0",0,"P"," ","0",0,"P"," ","0",0,"P"," ","0",0,"P"," ","0",0,"P"," ","0",0,"P"," ","0",0,"P"," ","0",0,"P"," ","0",0,"P"," ","0",0,"P"," ","0",0,"P"," ","0",0,"P"," ","0",0,"P"," ","0",0,"P"," ","0",0,"P"," ","0",0,"P"," ","0",0,"P"," ","0",0,"P"," ","0",0,"P"," ","0",0,"P"," ","0",0,"P"," ","0",0,"P"," ","0",0,"P"," ","0",0,"P"," ","0",0,"P"," ","0",0,"P"," ","0",0,"P"," ","0",0,"P"," ","0",0,"P"," ","0"
"2227","USC00359461",2000,2,"TMAX",139," "," ","0",144," "," ","0",89," "," ","0",83," "," ","0",106," "," ","0",117," "," ","0",122," "," ","0",111," "," ","0",128," "," ","0",111," "," ","0",117," "," ","0",94," "," ","0",111," "," ","0",139," "," ","0",106," "," ","0",144," "," ","0",144," "," ","0",111," "," ","0",133," "," ","0",156," "," ","0",83," "," ","0",144," "," ","0",106," "," ","0",100," "," ","0",106," "," ","0",100," "," ","0",139," "," ","0",111," "," ","0",122," "," ","0",NA," "," "," ",NA," "," "," "
"2228","USC00359461",2000,2,"TMIN",17," "," ","0",67," "," ","0",67," "," ","0",61," "," ","0",61," "," ","0",56," "," ","0",61," "," ","0",61," "," ","0",61," "," ","0",72," "," ","0",44," "," ","0",56," "," ","0",56," "," ","0",50," "," ","0",39," "," ","0",22," "," ","0",44," "," ","0",11," "," ","0",6," "," ","0",6," "," ","0",44," "," ","0",56," "," ","0",28," "," ","0",28," "," ","0",22," "," ","0",56," "," ","0",61," "," ","0",50," "," ","0",56," "," ","0",NA," "," "," ",NA," "," "," "
"2229","USC00359461",2000,2,"TOBS",133," "," ","0",72," "," ","0",67," "," ","0",61," "," ","0",61," "," ","0",56," "," ","0",67," "," ","0",61," "," ","0",67," "," ","0",72," "," ","0",50," "," ","0",61," "," ","0",56," "," ","0",78," "," ","0",39," "," ","0",44," "," ","0",56," "," ","0",22," "," ","0",11," "," ","0",39," "," ","0",56," "," ","0",89," "," ","0",28," "," ","0",33," "," ","0",56," "," ","0",67," "," ","0",67," "," ","0",56," "," ","0",72," "," ","0",NA," "," "," ",NA," "," "," "
"2230","USC00359461",2000,2,"PRCP",13," "," ","0",89," "," ","0",0,"T"," ","0",28," "," ","0",13," "," ","0",10," "," ","0",0," "," ","0",0," "," ","0",25," "," ","0",0,"T"," ","0",56," "," ","0",135," "," ","0",64," "," ","0",241," "," ","0",76," "," ","0",0,"T"," ","0",0," "," ","0",0," "," ","0",0," "," ","0",10," "," ","0",28," "," ","0",23," "," ","0",84," "," ","0",36," "," ","0",8," "," ","0",135," "," ","0",89," "," ","0",23," "," ","0",84," "," ","0",NA," "," "," ",NA," "," "," "
"2231","USC00359461",2000,2,"SNOW",0,"P"," ","0",0,"P"," ","0",0,"P"," ","0",0,"P"," ","0",0,"P"," ","0",0,"P"," ","0",0,"P"," ","0",0,"P"," ","0",0,"P"," ","0",0,"P"," ","0",0,"P"," ","0",0,"P"," ","0",0,"P"," ","0",0,"P"," ","0",0,"P"," ","0",0,"P"," ","0",0,"P"," ","0",0,"P"," ","0",0,"P"," ","0",0,"P"," ","0",0,"P"," ","0",0,"P"," ","0",0,"P"," ","0",0,"P"," ","0",0,"P"," ","0",0,"P"," ","0",0,"P"," ","0",0,"P"," ","0",0,"P"," ","0",NA," "," "," ",NA," "," "," "
"2232","USC00359461",2000,2,"SNWD",0,"P"," ","0",0,"P"," ","0",0,"P"," ","0",0,"P"," ","0",0,"P"," ","0",0,"P"," ","0",0,"P"," ","0",0,"P"," ","0",0,"P"," ","0",0,"P"," ","0",0,"P"," ","0",0,"P"," ","0",0,"P"," ","0",0,"P"," ","0",0,"P"," ","0",0,"P"," ","0",0,"P"," ","0",0,"P"," ","0",0,"P"," ","0",0,"P"," ","0",0,"P"," ","0",0,"P"," ","0",0,"P"," ","0",0,"P"," ","0",0,"P"," ","0",0,"P"," ","0",0,"P"," ","0",0,"P"," ","0",0,"P"," ","0",NA," "," "," ",NA," "," "," "
"2233","USC00359461",2000,3,"TMAX",111," "," ","0",106," "," ","0",139," "," ","0",156," "," ","0",89," "," ","0",61," "," ","0",117," "," ","0",83," "," ","0",150," "," ","0",128," "," ","0",139," "," ","0",133," "," ","0",156," "," ","0",128," "," ","0",161," "," ","0",150," "," ","0",122," "," ","0",117," "," ","0",111," "," ","0",89," "," ","0",128," "," ","0",189," "," ","0",128," "," ","0",128," "," ","0",178," "," ","0",128," "," ","0",189," "," ","0",111," "," ","0",128," "," ","0",128," "," ","0",178," "," ","0"
"2234","USC00359461",2000,3,"TMIN",11," "," ","0",33," "," ","0",50," "," ","0",67," "," ","0",33," "," ","0",28," "," ","0",0," "," ","0",11," "," ","0",39," "," ","0",33," "," ","0",22," "," ","0",0," "," ","0",6," "," ","0",39," "," ","0",6," "," ","0",6," "," ","0",17," "," ","0",22," "," ","0",33," "," ","0",44," "," ","0",11," "," ","0",22," "," ","0",11," "," ","0",0," "," ","0",6," "," ","0",17," "," ","0",22," "," ","0",39," "," ","0",0," "," ","0",0," "," ","0",-6," "," ","0"
"2235","USC00359461",2000,3,"TOBS",33," "," ","0",61," "," ","0",61," "," ","0",89," "," ","0",33," "," ","0",28," "," ","0",11," "," ","0",44," "," ","0",44," "," ","0",33," "," ","0",28," "," ","0",6," "," ","0",44," "," ","0",39," "," ","0",6," "," ","0",94," "," ","0",28," "," ","0",50," "," ","0",44," "," ","0",50," "," ","0",22," "," ","0",72," "," ","0",22," "," ","0",11," "," ","0",72," "," ","0",28," "," ","0",78," "," ","0",39," "," ","0",17," "," ","0",11," "," ","0",17," "," ","0"
"2236","USC00359461",2000,3,"PRCP",8," "," ","0",23," "," ","0",5," "," ","0",8," "," ","0",109," "," ","0",0," "," ","0",0," "," ","0",18," "," ","0",18," "," ","0",10," "," ","0",23," "," ","0",0," "," ","0",0," "," ","0",48," "," ","0",0," "," ","0",25," "," ","0",33," "," ","0",0," "," ","0",81," "," ","0",33," "," ","0",0," "," ","0",0," "," ","0",13," "," ","0",0," "," ","0",0," "," ","0",0," "," ","0",0," "," ","0",25," "," ","0",0," "," ","0",0," "," ","0",0," "," ","0"
"2237","USC00359461",2000,3,"SNOW",0,"P"," ","0",0,"P"," ","0",0,"P"," ","0",0,"P"," ","0",0,"P"," ","0",0,"P"," ","0",0,"P"," ","0",0,"P"," ","0",0,"P"," ","0",0,"P"," ","0",0,"P"," ","0",0,"P"," ","0",0,"P"," ","0",0,"P"," ","0",0,"P"," ","0",0,"P"," ","0",0,"P"," ","0",0,"P"," ","0",0,"P"," ","0",0,"P"," ","0",0,"P"," ","0",0,"P"," ","0",0,"P"," ","0",0,"P"," ","0",0,"P"," ","0",0,"P"," ","0",0,"P"," ","0",0,"P"," ","0",0,"P"," ","0",0,"P"," ","0",0,"P"," ","0"
"2238","USC00359461",2000,3,"SNWD",0,"P"," ","0",0,"P"," ","0",0,"P"," ","0",0,"P"," ","0",0,"P"," ","0",0,"P"," ","0",0,"P"," ","0",0,"P"," ","0",0,"P"," ","0",0,"P"," ","0",0,"P"," ","0",0,"P"," ","0",0,"P"," ","0",0,"P"," ","0",0,"P"," ","0",0,"P"," ","0",0,"P"," ","0",0,"P"," ","0",0,"P"," ","0",0,"P"," ","0",0,"P"," ","0",0,"P"," ","0",0,"P"," ","0",0,"P"," ","0",0,"P"," ","0",0,"P"," ","0",0,"P"," ","0",0,"P"," ","0",0,"P"," ","0",0,"P"," ","0",0,"P"," ","0"
"2239","USC00359461",2000,4,"TMAX",206," "," ","0",239," "," ","0",244," "," ","0",272," "," ","0",139," "," ","0",167," "," ","0",150," "," ","0",222," "," ","0",183," "," ","0",156," "," ","0",222," "," ","0",261," "," ","0",211," "," ","0",172," "," ","0",178," "," ","0",139," "," ","0",144," "," ","0",194," "," ","0",128," "," ","0",139," "," ","0",228," "," ","0",211," "," ","0",150," "," ","0",150," "," ","0",172," "," ","0",161," "," ","0",244," "," ","0",144," "," ","0",139," "," ","0",189," "," ","0",NA," "," "," "
"2240","USC00359461",2000,4,"TMIN",17," "," ","0",44," "," ","0",56," "," ","0",56," "," ","0",67," "," ","0",50," "," ","0",22," "," ","0",22," "," ","0",56," "," ","0",39," "," ","0",44," "," ","0",56," "," ","0",44," "," ","0",94," "," ","0",89," "," ","0",72," "," ","0",72," "," ","0",72," "," ","0",50," "," ","0",44," "," ","0",56," "," ","0",56," "," ","0",61," "," ","0",22," "," ","0",22," "," ","0",56," "," ","0",56," "," ","0",50," "," ","0",39," "," ","0",39," "," ","0",NA," "," "," "
"2241","USC00359461",2000,4,"TOBS",44," "," ","0",61," "," ","0",61," "," ","0",106," "," ","0",67," "," ","0",72," "," ","0",28," "," ","0",61," "," ","0",89," "," ","0",50," "," ","0",61," "," ","0",117," "," ","0",106," "," ","0",94," "," ","0",89," "," ","0",72," "," ","0",106," "," ","0",72," "," ","0",50," "," ","0",72," "," ","0",61," "," ","0",83," "," ","0",72," "," ","0",28," "," ","0",94," "," ","0",67," "," ","0",89," "," ","0",56," "," ","0",39," "," ","0",50," "," ","0",NA," "," "," "
"2242","USC00359461",2000,4,"PRCP",0," "," ","0",0," "," ","0",0," "," ","0",0," "," ","0",0," "," ","0",0," "," ","0",0," "," ","0",0," "," ","0",0," "," ","0",0," "," ","0",0," "," ","0",0," "," ","0",556," "," ","0",79," "," ","0",51," "," ","0",89," "," ","0",30," "," ","0",312," "," ","0",23," "," ","0",3," "," ","0",0," "," ","0",18," "," ","0",3," "," ","0",41," "," ","0",13," "," ","0",8," "," ","0",0," "," ","0",20," "," ","0",36," "," ","0",0," "," ","0",NA," "," "," "
"2243","USC00359461",2000,4,"SNOW",0,"P"," ","0",0,"P"," ","0",0,"P"," ","0",0,"P"," ","0",0,"P"," ","0",0,"P"," ","0",0,"P"," ","0",0,"P"," ","0",0,"P"," ","0",0,"P"," ","0",0,"P"," ","0",0,"P"," ","0",0,"P"," ","0",0,"P"," ","0",0,"P"," ","0",0,"P"," ","0",0,"P"," ","0",0,"P"," ","0",0,"P"," ","0",0,"P"," ","0",0,"P"," ","0",0,"P"," ","0",0,"P"," ","0",0,"P"," ","0",0,"P"," ","0",0,"P"," ","0",0,"P"," ","0",0,"P"," ","0",0,"P"," ","0",0,"P"," ","0",NA," "," "," "
"2244","USC00359461",2000,4,"SNWD",0,"P"," ","0",0,"P"," ","0",0,"P"," ","0",0,"P"," ","0",0,"P"," ","0",0,"P"," ","0",0,"P"," ","0",0,"P"," ","0",0,"P"," ","0",0,"P"," ","0",0,"P"," ","0",0,"P"," ","0",0,"P"," ","0",0,"P"," ","0",0,"P"," ","0",0,"P"," ","0",0,"P"," ","0",0,"P"," ","0",0,"P"," ","0",0,"P"," ","0",0,"P"," ","0",0,"P"," ","0",0,"P"," ","0",0,"P"," ","0",0,"P"," ","0",0,"P"," ","0",0,"P"," ","0",0,"P"," ","0",0,"P"," ","0",0,"P"," ","0",NA," "," "," "
"2245","USC00359461",2000,5,"TMAX",222," "," ","0",206," "," ","0",239," "," ","0",150," "," ","0",172," "," ","0",156," "," ","0",183," "," ","0",189," "," ","0",194," "," ","0",156," "," ","0",100," "," ","0",133," "," ","0",172," "," ","0",189," "," ","0",244," "," ","0",200," "," ","0",167," "," ","0",211," "," ","0",256," "," ","0",267," "," ","0",283," "," ","0",294," "," ","0",261," "," ","0",250," "," ","0",206," "," ","0",211," "," ","0",250," "," ","0",194," "," ","0",172," "," ","0",167," "," ","0",144," "," ","0"
"2246","USC00359461",2000,5,"TMIN",44," "," ","0",56," "," ","0",56," "," ","0",89," "," ","0",72," "," ","0",67," "," ","0",67," "," ","0",89," "," ","0",111," "," ","0",50," "," ","0",50," "," ","0",39," "," ","0",44," "," ","0",78," "," ","0",89," "," ","0",78," "," ","0",61," "," ","0",78," "," ","0",111," ","I","0",106," "," ","0",106," "," ","0",111," "," ","0",117," "," ","0",128," "," ","0",106," "," ","0",106," "," ","0",139," "," ","0",100," "," ","0",89," "," ","0",89," "," ","0",61," "," ","0"
"2247","USC00359461",2000,5,"TOBS",56," "," ","0",111," "," ","0",111," "," ","0",89," "," ","0",72," "," ","0",67," "," ","0",94," "," ","0",122," "," ","0",117," "," ","0",56," "," ","0",67," "," ","0",50," "," ","0",83," "," ","0",94," "," ","0",89," "," ","0",106," "," ","0",72," "," ","0",78," ","I","0",122," "," ","0",122," "," ","0",117," "," ","0",94," ","I","0",139," "," ","0",139," "," ","0",106," "," ","0",133," "," ","0",144," "," ","0",106," "," ","0",89," "," ","0",89," "," ","0",72," "," ","0"
"2248","USC00359461",2000,5,"PRCP",0," "," ","0",28," "," ","0",10," "," ","0",25," "," ","0",28," "," ","0",0," "," ","0",0," "," ","0",48," "," ","0",5," "," ","0",69," "," ","0",86," "," ","0",28," "," ","0",0," "," ","0",0," "," ","0",71," "," ","0",81," "," ","0",0," "," ","0",0," "," ","0",0," "," ","0",0," "," ","0",0," "," ","0",0," "," ","0",0," "," ","0",0," "," ","0",0," "," ","0",0," "," ","0",0," "," ","0",10," "," ","0",0," "," ","0",5," "," ","0",28," "," ","0"
"2249","USC00359461",2000,5,"SNOW",0,"P"," ","0",0,"P"," ","0",0,"P"," ","0",0,"P"," ","0",0,"P"," ","0",0,"P"," ","0",0,"P"," ","0",0,"P"," ","0",0,"P"," ","0",0,"P"," ","0",0,"P"," ","0",0,"P"," ","0",0,"P"," ","0",0,"P"," ","0",0,"P"," ","0",0,"P"," ","0",0,"P"," ","0",0,"P"," ","0",0,"P"," ","0",0,"P"," ","0",0,"P"," ","0",0,"P"," ","0",0,"P"," ","0",0,"P"," ","0",0,"P"," ","0",0,"P"," ","0",0,"P"," ","0",0,"P"," ","0",0,"P"," ","0",0,"P"," ","0",0,"P"," ","0"
"2250","USC00359461",2000,5,"SNWD",0,"P"," ","0",0,"P"," ","0",0,"P"," ","0",0,"P"," ","0",0,"P"," ","0",0,"P"," ","0",0,"P"," ","0",0,"P"," ","0",0,"P"," ","0",0,"P"," ","0",0,"P"," ","0",0,"P"," ","0",0,"P"," ","0",0,"P"," ","0",0,"P"," ","0",0,"P"," ","0",0,"P"," ","0",0,"P"," ","0",0,"P"," ","0",0,"P"," ","0",0,"P"," ","0",0,"P"," ","0",0,"P"," ","0",0,"P"," ","0",0,"P"," ","0",0,"P"," ","0",0,"P"," ","0",0,"P"," ","0",0,"P"," ","0",0,"P"," ","0",0,"P"," ","0"
"2251","USC00359461",2000,6,"TMAX",183," "," ","0",244," "," ","0",289," "," ","0",306," "," ","0",294," "," ","0",222," "," ","0",228," "," ","0",178," "," ","0",167," "," ","0",167," "," ","0",161," "," ","0",161," "," ","0",183," "," ","0",272," "," ","0",300," "," ","0",250," "," ","0",267," "," ","0",306," "," ","0",250," "," ","0",233," "," ","0",278," "," ","0",300," "," ","0",256," "," ","0",261," "," ","0",289," "," ","0",300," "," ","0",328," "," ","0",361," "," ","0",350," "," ","0",328," "," ","0",NA," "," "," "
"2252","USC00359461",2000,6,"TMIN",72," "," ","0",83," "," ","0",100," "," ","0",100," "," ","0",111," "," ","0",111," "," ","0",122," "," ","0",122," "," ","0",89," "," ","0",72," "," ","0",83," "," ","0",94," "," ","0",122," "," ","0",117," "," ","0",133," "," ","0",117," "," ","0",117," "," ","0",122," "," ","0",122," "," ","0",122," "," ","0",133," "," ","0",128," "," ","0",122," "," ","0",122," "," ","0",144," "," ","0",144," "," ","0",133," "," ","0",133," "," ","0",133," "," ","0",111," "," ","0",NA," "," "," "
"2253","USC00359461",2000,6,"TOBS",83," "," ","0",106," "," ","0",106," "," ","0",111," "," ","0",111," "," ","0",128," "," ","0",133," "," ","0",122," "," ","0",94," "," ","0",89," "," ","0",100," "," ","0",144," "," ","0",133," "," ","0",128," "," ","0",161," "," ","0",133," "," ","0",156," "," ","0",150," "," ","0",128," "," ","0",139," "," ","0",156," "," ","0",133," "," ","0",122," "," ","0",144," "," ","0",144," "," ","0",144," "," ","0",139," "," ","0",150," "," ","0",144," "," ","0",128," "," ","0",NA," "," "," "
"2254","USC00359461",2000,6,"PRCP",0," "," ","0",0," "," ","0",0," "," ","0",0," "," ","0",0," "," ","0",0," "," ","0",0," "," ","0",46," "," ","0",0," "," ","0",18," "," ","0",3," "," ","0",13," "," ","0",0," "," ","0",0," "," ","0",0," "," ","0",0," "," ","0",0," "," ","0",0," "," ","0",0," "," ","0",0," "," ","0",0," "," ","0",0," "," ","0",0," "," ","0",0," "," ","0",0," "," ","0",0," "," ","0",0," "," ","0",0," "," ","0",0," "," ","0",0," "," ","0",NA," "," "," "
"2255","USC00359461",2000,6,"SNOW",0,"P"," ","0",0,"P"," ","0",0,"P"," ","0",0,"P"," ","0",0,"P"," ","0",0,"P"," ","0",0,"P"," ","0",0,"P"," ","0",0,"P"," ","0",0,"P"," ","0",0,"P"," ","0",0,"P"," ","0",0,"P"," ","0",0,"P"," ","0",0,"P"," ","0",0,"P"," ","0",0,"P"," ","0",0,"P"," ","0",0,"P"," ","0",0,"P"," ","0",0,"P"," ","0",0,"P"," ","0",0,"P"," ","0",0,"P"," ","0",0,"P"," ","0",0,"P"," ","0",0,"P"," ","0",0,"P"," ","0",0,"P"," ","0",0,"P"," ","0",NA," "," "," "
"2256","USC00359461",2000,6,"SNWD",0,"P"," ","0",0,"P"," ","0",0,"P"," ","0",0,"P"," ","0",0,"P"," ","0",0,"P"," ","0",0,"P"," ","0",0,"P"," ","0",0,"P"," ","0",0,"P"," ","0",0,"P"," ","0",0,"P"," ","0",0,"P"," ","0",0,"P"," ","0",0,"P"," ","0",0,"P"," ","0",0,"P"," ","0",0,"P"," ","0",0,"P"," ","0",0,"P"," ","0",0,"P"," ","0",0,"P"," ","0",0,"P"," ","0",0,"P"," ","0",0,"P"," ","0",0,"P"," ","0",0,"P"," ","0",0,"P"," ","0",0,"P"," ","0",0,"P"," ","0",NA," "," "," "
"2257","USC00359461",2000,7,"TMAX",267," "," ","0",228," "," ","0",239," "," ","0",222," "," ","0",183," "," ","0",183," "," ","0",256," "," ","0",278," "," ","0",233," "," ","0",267," "," ","0",272," "," ","0",239," "," ","0",300," "," ","0",261," "," ","0",239," "," ","0",283," "," ","0",306," "," ","0",261," "," ","0",256," "," ","0",261," "," ","0",317," "," ","0",289," "," ","0",244," "," ","0",283," "," ","0",311," "," ","0",267," "," ","0",261," "," ","0",322," "," ","0",294," "," ","0",333," "," ","0",333," "," ","0"
"2258","USC00359461",2000,7,"TMIN",128," "," ","0",100," "," ","0",117," "," ","0",89," "," ","0",100," "," ","0",100," "," ","0",128," "," ","0",122," "," ","0",144," ","I","0",139," "," ","0",117," "," ","0",117," "," ","0",111," "," ","0",133," "," ","0",122," "," ","0",122," "," ","0",128," "," ","0",139," "," ","0",139," "," ","0",128," "," ","0",133," "," ","0",144," "," ","0",122," "," ","0",122," "," ","0",122," "," ","0",122," "," ","0",111," "," ","0",117," "," ","0",133," "," ","0",139," "," ","0",161," "," ","0"
"2259","USC00359461",2000,7,"TOBS",150," "," ","0",122," "," ","0",122," "," ","0",100," "," ","0",139," "," ","0",139," "," ","0",150," "," ","0",122," ","I","0",144," "," ","0",150," "," ","0",139," "," ","0",133," "," ","0",144," "," ","0",156," "," ","0",133," "," ","0",139," "," ","0",178," "," ","0",150," "," ","0",150," "," ","0",139," "," ","0",150," "," ","0",144," "," ","0",122," "," ","0",128," "," ","0",128," "," ","0",156," "," ","0",117," "," ","0",156," "," ","0",139," "," ","0",167," "," ","0",161," "," ","0"
"2260","USC00359461",2000,7,"PRCP",0," "," ","0",0," "," ","0",0," "," ","0",0," "," ","0",28," "," ","0",0," "," ","0",0," "," ","0",0," "," ","0",0," "," ","0",0," "," ","0",0," "," ","0",0," "," ","0",0," "," ","0",0," "," ","0",0," "," ","0",0," "," ","0",0," "," ","0",0," "," ","0",0," "," ","0",0," "," ","0",0," "," ","0",0," "," ","0",0," "," ","0",0," "," ","0",0," "," ","0",0," "," ","0",0," "," ","0",0," "," ","0",0," "," ","0",0," "," ","0",0," "," ","0"
"2261","USC00359461",2000,7,"SNOW",0,"P"," ","0",0,"P"," ","0",0,"P"," ","0",0,"P"," ","0",0,"P"," ","0",0,"P"," ","0",0,"P"," ","0",0,"P"," ","0",0,"P"," ","0",0,"P"," ","0",0,"P"," ","0",0,"P"," ","0",0,"P"," ","0",0,"P"," ","0",0,"P"," ","0",0,"P"," ","0",0,"P"," ","0",0,"P"," ","0",0,"P"," ","0",0,"P"," ","0",0,"P"," ","0",0,"P"," ","0",0,"P"," ","0",0,"P"," ","0",0,"P"," ","0",0,"P"," ","0",0,"P"," ","0",0,"P"," ","0",0,"P"," ","0",0,"P"," ","0",0,"P"," ","0"
"2262","USC00359461",2000,7,"SNWD",0,"P"," ","0",0,"P"," ","0",0,"P"," ","0",0,"P"," ","0",0,"P"," ","0",0,"P"," ","0",0,"P"," ","0",0,"P"," ","0",0,"P"," ","0",0,"P"," ","0",0,"P"," ","0",0,"P"," ","0",0,"P"," ","0",0,"P"," ","0",0,"P"," ","0",0,"P"," ","0",0,"P"," ","0",0,"P"," ","0",0,"P"," ","0",0,"P"," ","0",0,"P"," ","0",0,"P"," ","0",0,"P"," ","0",0,"P"," ","0",0,"P"," ","0",0,"P"," ","0",0,"P"," ","0",0,"P"," ","0",0,"P"," ","0",0,"P"," ","0",0,"P"," ","0"
"2263","USC00359461",2000,8,"TMAX",322," "," ","0",306," "," ","0",306," "," ","0",317," "," ","0",311," "," ","0",300," "," ","0",311," "," ","0",322," "," ","0",344," "," ","0",306," "," ","0",239," "," ","0",267," "," ","0",267," "," ","0",239," "," ","0",261," "," ","0",267," "," ","0",272," "," ","0",272," "," ","0",256," "," ","0",239," "," ","0",261," "," ","0",283," "," ","0",322," "," ","0",322," "," ","0",289," "," ","0",244," "," ","0",250," "," ","0",239," "," ","0",278," "," ","0",317," "," ","0",250," "," ","0"
"2264","USC00359461",2000,8,"TMIN",161," "," ","0",161," "," ","0",139," "," ","0",133," "," ","0",144," "," ","0",139," "," ","0",144," "," ","0",156," ","I","0",150," "," ","0",144," "," ","0",111," "," ","0",100," "," ","0",89," "," ","0",94," "," ","0",89," "," ","0",94," "," ","0",89," "," ","0",89," "," ","0",89," "," ","0",94," "," ","0",100," "," ","0",117," "," ","0",122," "," ","0",128," "," ","0",122," "," ","0",133," "," ","0",117," "," ","0",94," "," ","0",89," "," ","0",94," "," ","0",133," "," ","0"
"2265","USC00359461",2000,8,"TOBS",178," "," ","0",167," "," ","0",139," "," ","0",139," "," ","0",144," "," ","0",144," "," ","0",144," ","I","0",172," "," ","0",150," "," ","0",144," "," ","0",133," "," ","0",111," "," ","0",100," "," ","0",156," "," ","0",100," "," ","0",100," "," ","0",94," "," ","0",89," "," ","0",150," "," ","0",94," "," ","0",111," "," ","0",122," "," ","0",133," "," ","0",150," "," ","0",133," "," ","0",161," "," ","0",117," "," ","0",100," "," ","0",94," "," ","0",161," "," ","0",144," "," ","0"
"2266","USC00359461",2000,8,"PRCP",0," "," ","0",0," "," ","0",0," "," ","0",0," "," ","0",0," "," ","0",0," "," ","0",0," "," ","0",0," "," ","0",0," "," ","0",0," "," ","0",0," "," ","0",0," "," ","0",0," "," ","0",0," "," ","0",0," "," ","0",0," "," ","0",0," "," ","0",0," "," ","0",0," "," ","0",0," "," ","0",0," "," ","0",0," "," ","0",0," "," ","0",0," "," ","0",0," "," ","0",0," "," ","0",0," "," ","0",0," "," ","0",0," "," ","0",0," "," ","0",0," "," ","0"
"2267","USC00359461",2000,8,"SNOW",0,"P"," ","0",0,"P"," ","0",0,"P"," ","0",0,"P"," ","0",0,"P"," ","0",0,"P"," ","0",0,"P"," ","0",0,"P"," ","0",0,"P"," ","0",0,"P"," ","0",0,"P"," ","0",0,"P"," ","0",0,"P"," ","0",0,"P"," ","0",0,"P"," ","0",0,"P"," ","0",0,"P"," ","0",0,"P"," ","0",0,"P"," ","0",0,"P"," ","0",0,"P"," ","0",0,"P"," ","0",0,"P"," ","0",0,"P"," ","0",0,"P"," ","0",0,"P"," ","0",0,"P"," ","0",0,"P"," ","0",0,"P"," ","0",0,"P"," ","0",0,"P"," ","0"
"2268","USC00359461",2000,8,"SNWD",0,"P"," ","0",0,"P"," ","0",0,"P"," ","0",0,"P"," ","0",0,"P"," ","0",0,"P"," ","0",0,"P"," ","0",0,"P"," ","0",0,"P"," ","0",0,"P"," ","0",0,"P"," ","0",0,"P"," ","0",0,"P"," ","0",0,"P"," ","0",0,"P"," ","0",0,"P"," ","0",0,"P"," ","0",0,"P"," ","0",0,"P"," ","0",0,"P"," ","0",0,"P"," ","0",0,"P"," ","0",0,"P"," ","0",0,"P"," ","0",0,"P"," ","0",0,"P"," ","0",0,"P"," ","0",0,"P"," ","0",0,"P"," ","0",0,"P"," ","0",0,"P"," ","0"
"2269","USC00359461",2000,9,"TMAX",189," "," ","0",183," "," ","0",172," "," ","0",189," "," ","0",200," "," ","0",233," "," ","0",250," "," ","0",283," "," ","0",189," "," ","0",239," "," ","0",256," "," ","0",294," "," ","0",328," "," ","0",317," "," ","0",272," "," ","0",211," "," ","0",250," "," ","0",267," "," ","0",300," "," ","0",272," "," ","0",283," "," ","0",211," "," ","0",228," "," ","0",267," "," ","0",278," "," ","0",283," "," ","0",311," "," ","0",272," "," ","0",239," "," ","0",272," "," ","0",NA," "," "," "
"2270","USC00359461",2000,9,"TMIN",106," "," ","0",100," "," ","0",106," "," ","0",94," "," ","0",83," "," ","0",100," ","I","0",89," "," ","0",94," "," ","0",72," "," ","0",89," "," ","0",100," "," ","0",128," "," ","0",128," "," ","0",133," "," ","0",150," "," ","0",161," "," ","0",117," "," ","0",111," "," ","0",128," "," ","0",133," "," ","0",128," "," ","0",106," "," ","0",33," "," ","0",33," "," ","0",33," "," ","0",50," "," ","0",56," "," ","0",78," "," ","0",100," "," ","0",100," "," ","0",NA," "," "," "
"2271","USC00359461",2000,9,"TOBS",106," "," ","0",100," "," ","0",106," "," ","0",100," "," ","0",83," ","I","0",100," "," ","0",106," "," ","0",128," "," ","0",94," "," ","0",111," "," ","0",144," "," ","0",139," "," ","0",144," "," ","0",150," "," ","0",161," "," ","0",161," "," ","0",117," "," ","0",133," "," ","0",161," "," ","0",133," "," ","0",156," "," ","0",106," "," ","0",33," "," ","0",39," "," ","0",50," "," ","0",61," "," ","0",78," "," ","0",94," "," ","0",100," "," ","0",106," "," ","0",NA," "," "," "
"2272","USC00359461",2000,9,"PRCP",0," "," ","0",81," "," ","0",79," "," ","0",3," "," ","0",0," "," ","0",0," "," ","0",0," "," ","0",0," "," ","0",10," "," ","0",0," "," ","0",0," "," ","0",0," "," ","0",0," "," ","0",0," "," ","0",0," "," ","0",0," "," ","0",0," "," ","0",0," "," ","0",0," "," ","0",0," "," ","0",0," "," ","0",0," "," ","0",0," "," ","0",0," "," ","0",0," "," ","0",0," "," ","0",0," "," ","0",0," "," ","0",0," "," ","0",0," "," ","0",NA," "," "," "
"2273","USC00359461",2000,9,"SNOW",0,"P"," ","0",0,"P"," ","0",0,"P"," ","0",0,"P"," ","0",0,"P"," ","0",0,"P"," ","0",0,"P"," ","0",0,"P"," ","0",0,"P"," ","0",0,"P"," ","0",0,"P"," ","0",0,"P"," ","0",0,"P"," ","0",0,"P"," ","0",0,"P"," ","0",0,"P"," ","0",0,"P"," ","0",0,"P"," ","0",0,"P"," ","0",0,"P"," ","0",0,"P"," ","0",0,"P"," ","0",0,"P"," ","0",0,"P"," ","0",0,"P"," ","0",0,"P"," ","0",0,"P"," ","0",0,"P"," ","0",0,"P"," ","0",0,"P"," ","0",NA," "," "," "
"2274","USC00359461",2000,9,"SNWD",0,"P"," ","0",0,"P"," ","0",0,"P"," ","0",0,"P"," ","0",0,"P"," ","0",0,"P"," ","0",0,"P"," ","0",0,"P"," ","0",0,"P"," ","0",0,"P"," ","0",0,"P"," ","0",0,"P"," ","0",0,"P"," ","0",0,"P"," ","0",0,"P"," ","0",0,"P"," ","0",0,"P"," ","0",0,"P"," ","0",0,"P"," ","0",0,"P"," ","0",0,"P"," ","0",0,"P"," ","0",0,"P"," ","0",0,"P"," ","0",0,"P"," ","0",0,"P"," ","0",0,"P"," ","0",0,"P"," ","0",0,"P"," ","0",0,"P"," ","0",NA," "," "," "
"2275","USC00359461",2000,10,"TMAX",278," "," ","0",239," "," ","0",189," "," ","0",189," "," ","0",217," "," ","0",256," "," ","0",306," "," ","0",300," "," ","0",261," "," ","0",183," "," ","0",150," "," ","0",150," "," ","0",144," "," ","0",183," "," ","0",156," "," ","0",183," "," ","0",239," "," ","0",228," "," ","0",189," "," ","0",233," "," ","0",228," "," ","0",150," "," ","0",133," "," ","0",183," "," ","0",206," "," ","0",NA," "," "," ",189," "," ","0",172," "," ","0",156," "," ","0",144," "," ","0",117," "," ","0"
"2276","USC00359461",2000,10,"TMIN",106," "," ","0",89," "," ","0",56," "," ","0",44," "," ","0",50," "," ","0",44," "," ","0",56," "," ","0",44," "," ","0",117," ","I","0",67," "," ","0",83," "," ","0",67," "," ","0",78," "," ","0",106," "," ","0",111," "," ","0",50," "," ","0",50," "," ","0",56," "," ","0",100," "," ","0",100," "," ","0",67," "," ","0",28," "," ","0",33," "," ","0",17," "," ","0",33," "," ","0",NA," "," "," ",44," "," ","0",72," "," ","0",56," "," ","0",83," ","I","0",50," "," ","0"
"2277","USC00359461",2000,10,"TOBS",144," "," ","0",89," "," ","0",61," "," ","0",44," "," ","0",44," "," ","0",50," "," ","0",61," "," ","0",50," "," ","0",56," ","I","0",94," "," ","0",106," "," ","0",72," "," ","0",106," "," ","0",111," "," ","0",111," "," ","0",50," "," ","0",56," "," ","0",117," "," ","0",111," "," ","0",122," "," ","0",72," "," ","0",44," "," ","0",33," "," ","0",33," "," ","0",78," "," ","0",NA," "," "," ",94," "," ","0",78," "," ","0",61," ","I","0",83," "," ","0",72," "," ","0"
"2278","USC00359461",2000,10,"PRCP",0," "," ","0",0," "," ","0",0," "," ","0",0," "," ","0",0," "," ","0",0," "," ","0",0," "," ","0",0," "," ","0",23," "," ","0",193," "," ","0",0,"T"," ","0",0,"T"," ","0",0,"T"," ","0",5," "," ","0",0," "," ","0",0," "," ","0",0," "," ","0",18," "," ","0",8," "," ","0",23," "," ","0",193," "," ","0",3," "," ","0",0,"T"," ","0",0," "," ","0",0," "," ","0",33," "," ","0",0," "," ","0",157," "," ","0",25," "," ","0",43," "," ","0",0," "," ","0"
"2279","USC00359461",2000,10,"SNOW",0,"P"," ","0",0,"P"," ","0",0,"P"," ","0",0,"P"," ","0",0,"P"," ","0",0,"P"," ","0",0,"P"," ","0",0,"P"," ","0",0,"P"," ","0",0,"P"," ","0",0,"P"," ","0",0,"P"," ","0",0,"P"," ","0",0,"P"," ","0",0,"P"," ","0",0,"P"," ","0",0,"P"," ","0",0,"P"," ","0",0,"P"," ","0",0,"P"," ","0",0,"P"," ","0",0,"P"," ","0",0,"P"," ","0",0,"P"," ","0",0,"P"," ","0",NA," "," "," ",0,"P"," ","0",0,"P"," ","0",0,"P"," ","0",0,"P"," ","0",0,"P"," ","0"
"2280","USC00359461",2000,10,"SNWD",NA," "," "," ",0,"P"," ","0",0,"P"," ","0",0,"P"," ","0",0,"P"," ","0",0,"P"," ","0",0,"P"," ","0",0,"P"," ","0",0,"P"," ","0",0,"P"," ","0",0,"P"," ","0",0,"P"," ","0",0,"P"," ","0",0,"P"," ","0",0,"P"," ","0",0,"P"," ","0",0,"P"," ","0",0,"P"," ","0",0,"P"," ","0",0,"P"," ","0",0,"P"," ","0",0,"P"," ","0",0,"P"," ","0",0,"P"," ","0",0,"P"," ","0",NA," "," "," ",NA," "," "," ",NA," "," "," ",0,"P"," ","0",0,"P"," ","0",0,"P"," ","0"
"2281","USC00359461",2000,11,"TMAX",161," "," ","0",122," "," ","0",144," "," ","0",156," "," ","0",150," "," ","0",122," "," ","0",139," "," ","0",128," "," ","0",111," "," ","0",89," "," ","0",50," "," ","0",89," "," ","0",83," "," ","0",61," "," ","0",67," "," ","0",122," "," ","0",89," "," ","0",39," "," ","0",89," "," ","0",72," "," ","0",56," "," ","0",100," "," ","0",72," "," ","0",89," "," ","0",72," "," ","0",94," "," ","0",111," "," ","0",111," "," ","0",111," "," ","0",111," "," ","0",NA," "," "," "
"2282","USC00359461",2000,11,"TMIN",39," "," ","0",50," "," ","0",89," "," ","0",83," "," ","0",33," "," ","0",44," "," ","0",11," "," ","0",61," ","I","0",33," "," ","0",0," "," ","0",11," "," ","0",-22," "," ","0",-6," "," ","0",6," "," ","0",17," "," ","0",-11," "," ","0",-22," "," ","0",-11," "," ","0",-11," "," ","0",-11," "," ","0",6," "," ","0",-11," "," ","0",-11," "," ","0",NA," "," "," ",39," "," ","0",44," "," ","0",44," "," ","0",11," "," ","0",17," "," ","0",22," "," ","0",NA," "," "," "
"2283","USC00359461",2000,11,"TOBS",50," "," ","0",89," "," ","0",117," "," ","0",106," "," ","0",61," "," ","0",56," "," ","0",22," ","I","0",72," "," ","0",33," "," ","0",11," "," ","0",17," "," ","0",-6," "," ","0",6," "," ","0",33," "," ","0",17," "," ","0",-6," "," ","0",-6," "," ","0",6," "," ","0",-6," "," ","0",11," "," ","0",22," "," ","0",0," "," ","0",17," "," ","0",39," "," ","0",56," "," ","0",50," "," ","0",67," "," ","0",17," "," ","0",56," "," ","0",22," "," ","0",NA," "," "," "
"2284","USC00359461",2000,11,"PRCP",0," "," ","0",33," "," ","0",0,"T"," ","0",0," "," ","0",5," "," ","0",3," "," ","0",0," "," ","0",61," "," ","0",112," "," ","0",41," "," ","0",0,"T"," ","0",0," "," ","0",0," "," ","0",66," "," ","0",5," "," ","0",0," "," ","0",0," "," ","0",0," "," ","0",0," "," ","0",0," "," ","0",0," "," ","0",0," "," ","0",3," "," ","0",41," "," ","0",0,"T"," ","0",33," "," ","0",15," "," ","0",5," "," ","0",71," "," ","0",28," "," ","0",NA," "," "," "
"2285","USC00359461",2000,11,"SNOW",0,"P"," ","0",0,"P"," ","0",0,"P"," ","0",0,"P"," ","0",0,"P"," ","0",0,"P"," ","0",0,"P"," ","0",0,"P"," ","0",0,"P"," ","0",0,"P"," ","0",0,"P"," ","0",0,"P"," ","0",0,"P"," ","0",0,"P"," ","0",0,"P"," ","0",0,"P"," ","0",0,"P"," ","0",0,"P"," ","0",0,"P"," ","0",0,"P"," ","0",0,"P"," ","0",0,"P"," ","0",0,"P"," ","0",0,"P"," ","0",0,"P"," ","0",0,"P"," ","0",0,"P"," ","0",0,"P"," ","0",0,"P"," ","0",0,"P"," ","0",NA," "," "," "
"2286","USC00359461",2000,11,"SNWD",0,"P"," ","0",0,"P"," ","0",0,"P"," ","0",0,"P"," ","0",0,"P"," ","0",0,"P"," ","0",0,"P"," ","0",0,"P"," ","0",0,"P"," ","0",0,"P"," ","0",0,"P"," ","0",0,"P"," ","0",0,"P"," ","0",0,"P"," ","0",0,"P"," ","0",0,"P"," ","0",0,"P"," ","0",0,"P"," ","0",0,"P"," ","0",0,"P"," ","0",0,"P"," ","0",0,"P"," ","0",0,"P"," ","0",0,"P"," ","0",0,"P"," ","0",0,"P"," ","0",0,"P"," ","0",0,"P"," ","0",0,"P"," ","0",0,"P"," ","0",NA," "," "," "
"2287","USC00359461",2000,12,"TMAX",106," "," ","0",150," "," ","0",139," "," ","0",133," "," ","0",83," "," ","0",67," "," ","0",83," "," ","0",78," "," ","0",94," "," ","0",89," "," ","0",78," "," ","0",56," "," ","0",78," "," ","0",83," "," ","0",111," "," ","0",139," "," ","0",100," "," ","0",50," "," ","0",94," "," ","0",94," "," ","0",94," "," ","0",111," "," ","0",106," "," ","0",89," "," ","0",83," "," ","0",100," "," ","0",72," "," ","0",111," "," ","0",72," "," ","0",39," "," ","0",67," "," ","0"
"2288","USC00359461",2000,12,"TMIN",22," "," ","0",39," "," ","0",28," "," ","0",33," "," ","0",39," "," ","0",28," "," ","0",6," "," ","0",11," "," ","0",28," ","I","0",11," "," ","0",6," "," ","0",17," "," ","0",39," ","I","0",50," "," ","0",50," "," ","0",22," "," ","0",22," "," ","0",-6," "," ","0",-6," "," ","0",17," "," ","0",39," "," ","0",39," "," ","0",50," "," ","0",39," "," ","0",17," "," ","0",11," "," ","0",6," "," ","0",6," "," ","0",0," "," ","0",0," "," ","0",0," "," ","0"
"2289","USC00359461",2000,12,"TOBS",33," "," ","0",67," "," ","0",67," "," ","0",50," "," ","0",56," "," ","0",28," "," ","0",6," "," ","0",11," ","I","0",50," "," ","0",22," "," ","0",17," "," ","0",28," ","I","0",44," "," ","0",61," "," ","0",61," "," ","0",22," "," ","0",22," "," ","0",-6," "," ","0",17," "," ","0",44," "," ","0",39," "," ","0",67," "," ","0",50," "," ","0",39," "," ","0",17," "," ","0",11," "," ","0",22," "," ","0",17," "," ","0",11," "," ","0",17," "," ","0",50," "," ","0"
"2290","USC00359461",2000,12,"PRCP",3," "," ","0",0," "," ","0",3," "," ","0",3," "," ","0",0,"T"," ","0",0," "," ","0",0," "," ","0",0," "," ","0",0," "," ","0",3," "," ","0",0," "," ","0",46," "," ","0",28," "," ","0",300," "," ","0",66," "," ","0",15," "," ","0",91," "," ","0",3," "," ","0",0," "," ","0",0,"T"," ","0",13," "," ","0",206," "," ","0",25," "," ","0",51," "," ","0",3," "," ","0",3," "," ","0",0,"T"," ","0",3," "," ","0",3," "," ","0",0,"T"," ","0",3," "," ","0"
"2291","USC00359461",2000,12,"SNOW",0,"P"," ","0",0,"P"," ","0",0,"P"," ","0",0,"P"," ","0",0,"P"," ","0",0,"P"," ","0",0,"P"," ","0",0,"P"," ","0",0,"P"," ","0",0,"P"," ","0",0,"P"," ","0",0,"P"," ","0",0,"P"," ","0",0,"P"," ","0",0,"P"," ","0",0,"P"," ","0",0,"P"," ","0",0,"P"," ","0",0,"P"," ","0",0,"P"," ","0",0,"P"," ","0",0,"P"," ","0",0,"P"," ","0",0,"P"," ","0",0,"P"," ","0",0,"P"," ","0",0,"P"," ","0",0,"P"," ","0",0,"P"," ","0",0,"P"," ","0",0,"P"," ","0"
"2292","USC00359461",2000,12,"SNWD",0,"P"," ","0",0,"P"," ","0",0,"P"," ","0",0,"P"," ","0",0,"P"," ","0",0,"P"," ","0",0,"P"," ","0",0,"P"," ","0",0,"P"," ","0",0,"P"," ","0",0,"P"," ","0",0,"P"," ","0",0,"P"," ","0",0,"P"," ","0",0,"P"," ","0",0,"P"," ","0",0,"P"," ","0",0,"P"," ","0",0,"P"," ","0",0,"P"," ","0",0,"P"," ","0",0,"P"," ","0",0,"P"," ","0",0,"P"," ","0",0,"P"," ","0",0,"P"," ","0",0,"P"," ","0",0,"P"," ","0",0,"P"," ","0",0,"P"," ","0",0,"P"," ","0"
"2293","USC00359461",2001,1,"TMAX",133," "," ","0",67," "," ","0",122," "," ","0",78," "," ","0",156," "," ","0",156," "," ","0",111," "," ","0",61," "," ","0",100," "," ","0",67," "," ","0",61," "," ","0",117," "," ","0",100," "," ","0",94," "," ","0",78," "," ","0",83," "," ","0",72," "," ","0",89," "," ","0",89," "," ","0",106," "," ","0",78," "," ","0",106," "," ","0",89," "," ","0",78," "," ","0",89," "," ","0",122," "," ","0",117," "," ","0",83," "," ","0",106," "," ","0",89," "," ","0",94," "," ","0"
"2294","USC00359461",2001,1,"TMIN",17," "," ","0",22," "," ","0",17," "," ","0",11," "," ","0",22," "," ","0",39," "," ","0",39," "," ","0",44," "," ","0",17," "," ","0",0," "," ","0",-6," "," ","0",-6," "," ","0",33," "," ","0",22," "," ","0",22," "," ","0",-28," "," ","0",-33," "," ","0",-39," "," ","0",11," "," ","0",-6," "," ","0",0," "," ","0",50," "," ","0",44," "," ","0",44," "," ","0",0," "," ","0",0," "," ","0",-22," "," ","0",-33," "," ","0",-39," "," ","0",11," "," ","0",-22," "," ","0"
"2295","USC00359461",2001,1,"TOBS",33," "," ","0",44," "," ","0",28," "," ","0",28," "," ","0",72," "," ","0",61," "," ","0",39," "," ","0",50," "," ","0",17," "," ","0",17," "," ","0",0," "," ","0",33," "," ","0",39," "," ","0",28," "," ","0",22," "," ","0",-28," "," ","0",-33," "," ","0",11," "," ","0",39," "," ","0",0," "," ","0",44," "," ","0",56," "," ","0",56," "," ","0",44," "," ","0",28," "," ","0",17," "," ","0",-11," "," ","0",-22," "," ","0",44," "," ","0",22," "," ","0",6," "," ","0"
"2296","USC00359461",2001,1,"PRCP",0," "," ","0",0," "," ","0",0,"T"," ","0",3," "," ","0",0," "," ","0",0," "," ","0",0," "," ","0",23," "," ","0",43," "," ","0",28," "," ","0",3," "," ","0",5," "," ","0",53," "," ","0",28," "," ","0",33," "," ","0",3," "," ","0",0,"P"," ","0",0," "," ","0",15," "," ","0",0,"T"," ","0",15," "," ","0",20," "," ","0",3," "," ","0",61," "," ","0",33," "," ","0",0,"T"," ","0",0," "," ","0",0," "," ","0",61," "," ","0",18," "," ","0",3," "," ","0"
"2297","USC00359461",2001,1,"SNOW",0,"P"," ","0",0,"P"," ","0",0,"P"," ","0",0,"P"," ","0",0,"P"," ","0",0,"P"," ","0",0,"P"," ","0",0,"P"," ","0",0,"P"," ","0",0,"P"," ","0",0,"P"," ","0",0,"P"," ","0",0,"P"," ","0",0,"P"," ","0",0,"P"," ","0",0,"P"," ","0",0,"P"," ","0",0,"P"," ","0",0,"P"," ","0",0,"P"," ","0",0,"P"," ","0",0,"P"," ","0",0,"P"," ","0",0,"P"," ","0",0,"P"," ","0",0,"P"," ","0",0,"P"," ","0",0,"P"," ","0",0,"P"," ","0",0,"P"," ","0",0,"P"," ","0"
"2298","USC00359461",2001,1,"SNWD",0,"P"," ","0",0,"P"," ","0",0,"P"," ","0",0,"P"," ","0",0,"P"," ","0",0,"P"," ","0",0,"P"," ","0",0,"P"," ","0",0,"P"," ","0",0,"P"," ","0",0,"P"," ","0",0,"P"," ","0",0,"P"," ","0",0,"P"," ","0",0,"P"," ","0",0,"P"," ","0",0,"P"," ","0",0,"P"," ","0",0,"P"," ","0",0,"P"," ","0",0,"P"," ","0",0,"P"," ","0",0,"P"," ","0",0,"P"," ","0",0,"P"," ","0",0,"P"," ","0",0,"P"," ","0",0,"P"," ","0",0,"P"," ","0",0,"P"," ","0",0,"P"," ","0"
"2299","USC00359461",2001,2,"TMAX",72," "," ","0",133," "," ","0",122," "," ","0",78," "," ","0",156," "," ","0",94," "," ","0",72," "," ","0",78," "," ","0",39," "," ","0",72," "," ","0",83," "," ","0",56," "," ","0",83," "," ","0",89," "," ","0",94," "," ","0",128," "," ","0",128," "," ","0",144," "," ","0",117," "," ","0",122," "," ","0",128," "," ","0",139," "," ","0",94," "," ","0",100," "," ","0",83," "," ","0",128," "," ","0",133," "," ","0",139," "," ","0",NA," "," "," ",NA," "," "," ",NA," "," "," "
"2300","USC00359461",2001,2,"TMIN",-6," "," ","0",-6," "," ","0",28," "," ","0",28," "," ","0",44," "," ","0",11," "," ","0",-17," "," ","0",-39," "," ","0",-22," "," ","0",-6," "," ","0",11," "," ","0",-11," "," ","0",-11," "," ","0",-22," "," ","0",-17," "," ","0",39," ","I","0",22," "," ","0",17," "," ","0",22," "," ","0",17," "," ","0",22," "," ","0",39," "," ","0",39," "," ","0",17," "," ","0",17," "," ","0",0," "," ","0",-17," "," ","0",-22," "," ","0",NA," "," "," ",NA," "," "," ",NA," "," "," "
"2301","USC00359461",2001,2,"TOBS",0," "," ","0",106," "," ","0",28," "," ","0",50," "," ","0",56," "," ","0",17," "," ","0",-17," "," ","0",-22," "," ","0",-6," "," ","0",17," "," ","0",11," "," ","0",-6," "," ","0",-6," "," ","0",-22," "," ","0",-17," ","I","0",39," "," ","0",22," "," ","0",39," "," ","0",33," "," ","0",22," "," ","0",56," "," ","0",50," "," ","0",44," "," ","0",39," "," ","0",56," "," ","0",11," "," ","0",11," "," ","0",-6," "," ","0",NA," "," "," ",NA," "," "," ",NA," "," "," "
"2302","USC00359461",2001,2,"PRCP",0," "," ","0",3," "," ","0",10," "," ","0",104," "," ","0",3," "," ","0",0," "," ","0",15," "," ","0",0," "," ","0",23," "," ","0",3," "," ","0",71," "," ","0",33," "," ","0",0," "," ","0",0," "," ","0",0," "," ","0",0," "," ","0",0," "," ","0",53," "," ","0",3," "," ","0",3," "," ","0",20," "," ","0",23," "," ","0",56," "," ","0",0,"T"," ","0",8," "," ","0",0,"T"," ","0",0,"T"," ","0",0," "," ","0",NA," "," "," ",NA," "," "," ",NA," "," "," "
"2303","USC00359461",2001,2,"SNOW",0,"P"," ","0",0,"P"," ","0",0,"P"," ","0",0,"P"," ","0",0,"P"," ","0",0,"P"," ","0",0,"P"," ","0",0,"P"," ","0",0,"P"," ","0",0,"P"," ","0",0,"P"," ","0",0,"P"," ","0",0,"P"," ","0",0,"P"," ","0",0,"P"," ","0",0,"P"," ","0",0,"P"," ","0",0,"P"," ","0",0,"P"," ","0",0,"P"," ","0",0,"P"," ","0",0,"P"," ","0",0,"P"," ","0",0,"P"," ","0",0,"P"," ","0",0,"P"," ","0",0,"P"," ","0",0,"P"," ","0",NA," "," "," ",NA," "," "," ",NA," "," "," "
"2304","USC00359461",2001,2,"SNWD",0,"P"," ","0",0,"P"," ","0",0,"P"," ","0",0,"P"," ","0",0,"P"," ","0",0,"P"," ","0",0,"P"," ","0",0,"P"," ","0",0,"P"," ","0",0,"P"," ","0",0,"P"," ","0",0,"P"," ","0",0,"P"," ","0",0,"P"," ","0",0,"P"," ","0",0,"P"," ","0",0,"P"," ","0",0,"P"," ","0",0,"P"," ","0",0,"P"," ","0",0,"P"," ","0",0,"P"," ","0",0,"P"," ","0",0,"P"," ","0",0,"P"," ","0",0,"P"," ","0",0,"P"," ","0",0,"P"," ","0",NA," "," "," ",NA," "," "," ",NA," "," "," "
"2305","USC00359461",2001,3,"TMAX",117," "," ","0",111," "," ","0",83," "," ","0",83," "," ","0",89," "," ","0",122," "," ","0",150," "," ","0",211," "," ","0",122," "," ","0",111," "," ","0",111," "," ","0",122," "," ","0",183," "," ","0",194," "," ","0",189," "," ","0",100," "," ","0",89," "," ","0",117," "," ","0",178," "," ","0",117," "," ","0",128," "," ","0",161," "," ","0",217," "," ","0",217," "," ","0",189," "," ","0",144," "," ","0",133," "," ","0",117," "," ","0",167," "," ","0",167," "," ","0",189," "," ","0"
"2306","USC00359461",2001,3,"TMIN",-17," "," ","0",11," "," ","0",-6," "," ","0",0," "," ","0",28," "," ","0",22," "," ","0",22," "," ","0",39," "," ","0",44," "," ","0",33," "," ","0",17," "," ","0",0," "," ","0",0," "," ","0",0," "," ","0",-6," "," ","0",6," "," ","0",6," "," ","0",50," "," ","0",78," "," ","0",44," "," ","0",17," "," ","0",33," "," ","0",39," "," ","0",56," "," ","0",67," "," ","0",22," "," ","0",39," "," ","0",89," ","I","0",89," "," ","0",44," "," ","0",50," "," ","0"
"2307","USC00359461",2001,3,"TOBS",11," "," ","0",33," "," ","0",0," "," ","0",28," "," ","0",33," "," ","0",28," "," ","0",39," "," ","0",67," "," ","0",44," "," ","0",44," "," ","0",28," "," ","0",0," "," ","0",28," "," ","0",22," "," ","0",50," "," ","0",6," "," ","0",56," "," ","0",83," "," ","0",94," "," ","0",44," "," ","0",28," "," ","0",56," "," ","0",61," "," ","0",89," "," ","0",89," "," ","0",44," "," ","0",61," ","I","0",100," "," ","0",94," "," ","0",56," "," ","0",78," "," ","0"
"2308","USC00359461",2001,3,"PRCP",0," "," ","0",109," "," ","0",15," "," ","0",20," "," ","0",23," "," ","0",3," "," ","0",0," "," ","0",8," "," ","0",43," "," ","0",3," "," ","0",0," "," ","0",0," "," ","0",0," "," ","0",0," "," ","0",0," "," ","0",33," "," ","0",84," "," ","0",28," "," ","0",3," "," ","0",0,"T"," ","0",0," "," ","0",0," "," ","0",0," "," ","0",0," "," ","0",43," "," ","0",5," "," ","0",0,"T"," ","0",157," "," ","0",8," "," ","0",0," "," ","0",0," "," ","0"
"2309","USC00359461",2001,3,"SNOW",0,"P"," ","0",0,"P"," ","0",0,"P"," ","0",0,"P"," ","0",0,"P"," ","0",0,"P"," ","0",0,"P"," ","0",0,"P"," ","0",0,"P"," ","0",0,"P"," ","0",0,"P"," ","0",0,"P"," ","0",0,"P"," ","0",0,"P"," ","0",0,"P"," ","0",0,"P"," ","0",0,"P"," ","0",0,"P"," ","0",0,"P"," ","0",0,"P"," ","0",0,"P"," ","0",0,"P"," ","0",0,"P"," ","0",0,"P"," ","0",0,"P"," ","0",0,"P"," ","0",0,"P"," ","0",0,"P"," ","0",0,"P"," ","0",0,"P"," ","0",0,"P"," ","0"
"2310","USC00359461",2001,3,"SNWD",0,"P"," ","0",0,"P"," ","0",0,"P"," ","0",0,"P"," ","0",0,"P"," ","0",0,"P"," ","0",0,"P"," ","0",0,"P"," ","0",0,"P"," ","0",0,"P"," ","0",0,"P"," ","0",0,"P"," ","0",0,"P"," ","0",0,"P"," ","0",0,"P"," ","0",0,"P"," ","0",0,"P"," ","0",0,"P"," ","0",0,"P"," ","0",0,"P"," ","0",0,"P"," ","0",0,"P"," ","0",0,"P"," ","0",0,"P"," ","0",0,"P"," ","0",0,"P"," ","0",0,"P"," ","0",0,"P"," ","0",0,"P"," ","0",0,"P"," ","0",0,"P"," ","0"
"2311","USC00359461",2001,4,"TMAX",167," "," ","0",111," "," ","0",89," "," ","0",100," "," ","0",144," "," ","0",161," "," ","0",83," "," ","0",100," "," ","0",117," "," ","0",122," "," ","0",117," "," ","0",139," "," ","0",100," "," ","0",122," "," ","0",156," "," ","0",189," "," ","0",211," "," ","0",194," "," ","0",144," "," ","0",144," "," ","0",161," "," ","0",172," "," ","0",167," "," ","0",211," "," ","0",256," "," ","0",278," "," ","0",239," "," ","0",167," "," ","0",139," "," ","0",172," "," ","0",NA," "," "," "
"2312","USC00359461",2001,4,"TMIN",72," "," ","0",28," "," ","0",17," "," ","0",17," "," ","0",-6," "," ","0",6," ","I","0",11," "," ","0",11," "," ","0",11," "," ","0",22," "," ","0",44," "," ","0",17," "," ","0",22," "," ","0",-6," "," ","0",0," "," ","0",11," "," ","0",39," "," ","0",39," "," ","0",50," "," ","0",50," "," ","0",44," "," ","0",33," "," ","0",39," "," ","0",67," "," ","0",83," "," ","0",83," "," ","0",61," "," ","0",72," ","I","0",67," "," ","0",78," ","I","0",NA," "," "," "
"2313","USC00359461",2001,4,"TOBS",72," "," ","0",28," "," ","0",22," "," ","0",17," "," ","0",-6," ","I","0",61," "," ","0",11," "," ","0",22," "," ","0",22," "," ","0",50," "," ","0",44," "," ","0",22," "," ","0",33," "," ","0",6," "," ","0",17," "," ","0",56," "," ","0",39," "," ","0",83," "," ","0",67," "," ","0",67," "," ","0",61," "," ","0",50," "," ","0",89," "," ","0",83," "," ","0",94," "," ","0",111," "," ","0",61," ","I","0",72," "," ","0",67," ","I","0",117," "," ","0",NA," "," "," "
"2314","USC00359461",2001,4,"PRCP",8," "," ","0",20," "," ","0",56," "," ","0",0," "," ","0",0," "," ","0",13," "," ","0",38," "," ","0",30," "," ","0",15," "," ","0",0,"T"," ","0",43," "," ","0",0," "," ","0",13," "," ","0",0," "," ","0",0," "," ","0",0," "," ","0",5," "," ","0",0,"T"," ","0",56," "," ","0",38," "," ","0",0,"T"," ","0",0," "," ","0",0," "," ","0",0," "," ","0",0," "," ","0",3," "," ","0",0," "," ","0",46," "," ","0",15," "," ","0",3," "," ","0",NA," "," "," "
"2315","USC00359461",2001,4,"SNOW",0,"P"," ","0",0,"P"," ","0",0,"P"," ","0",0,"P"," ","0",0,"P"," ","0",0,"P"," ","0",0,"P"," ","0",0,"P"," ","0",0,"P"," ","0",0,"P"," ","0",0,"P"," ","0",0,"P"," ","0",0,"P"," ","0",0,"P"," ","0",0,"P"," ","0",0,"P"," ","0",0,"P"," ","0",0,"P"," ","0",0,"P"," ","0",0,"P"," ","0",0,"P"," ","0",0,"P"," ","0",0,"P"," ","0",0,"P"," ","0",0,"P"," ","0",0,"P"," ","0",0,"P"," ","0",0,"P"," ","0",0,"P"," ","0",0,"P"," ","0",NA," "," "," "
"2316","USC00359461",2001,4,"SNWD",0,"P"," ","0",0,"P"," ","0",0,"P"," ","0",0,"P"," ","0",0,"P"," ","0",0,"P"," ","0",0,"P"," ","0",0,"P"," ","0",0,"P"," ","0",0,"P"," ","0",0,"P"," ","0",0,"P"," ","0",0,"P"," ","0",0,"P"," ","0",0,"P"," ","0",0,"P"," ","0",0,"P"," ","0",0,"P"," ","0",0,"P"," ","0",0,"P"," ","0",0,"P"," ","0",0,"P"," ","0",0,"P"," ","0",0,"P"," ","0",0,"P"," ","0",0,"P"," ","0",0,"P"," ","0",0,"P"," ","0",0,"P"," ","0",0,"P"," ","0",NA," "," "," "
"2317","USC00359461",2001,5,"TMAX",167," "," ","0",128," "," ","0",156," "," ","0",239," "," ","0",256," "," ","0",172," "," ","0",239," "," ","0",294," "," ","0",244," "," ","0",217," "," ","0",222," "," ","0",289," "," ","0",233," "," ","0",217," "," ","0",150," "," ","0",161," "," ","0",178," "," ","0",183," "," ","0",200," "," ","0",256," "," ","0",239," "," ","0",300," "," ","0",356," "," ","0",322," "," ","0",283," "," ","0",283," "," ","0",294," "," ","0",211," "," ","0",167," "," ","0",211," "," ","0",289," "," ","0"
"2318","USC00359461",2001,5,"TMIN",39," "," ","0",17," "," ","0",22," "," ","0",44," ","I","0",72," ","I","0",28," "," ","0",39," ","I","0",67," ","I","0",78," "," ","0",39," "," ","0",44," "," ","0",83," ","I","0",78," "," ","0",100," ","I","0",111," "," ","0",72," "," ","0",44," "," ","0",56," "," ","0",61," "," ","0",72," "," ","0",89," "," ","0",122," ","I","0",139," "," ","0",106," "," ","0",122," ","I","0",106," "," ","0",100," "," ","0",106," "," ","0",44," "," ","0",72," ","I","0",89," ","I","0"
"2319","USC00359461",2001,5,"TOBS",39," "," ","0",17," "," ","0",28," ","I","0",56," ","I","0",72," "," ","0",28," ","I","0",50," ","I","0",78," "," ","0",89," "," ","0",39," "," ","0",61," ","I","0",111," "," ","0",89," ","I","0",106," "," ","0",111," "," ","0",72," "," ","0",50," "," ","0",67," "," ","0",72," "," ","0",100," "," ","0",94," ","I","0",133," "," ","0",150," "," ","0",106," ","I","0",122," "," ","0",106," "," ","0",100," "," ","0",111," "," ","0",50," ","I","0",72," ","I","0",122," "," ","0"
"2320","USC00359461",2001,5,"PRCP",3," "," ","0",13," "," ","0",0," "," ","0",0," "," ","0",0," "," ","0",0," "," ","0",0," "," ","0",0," "," ","0",0," "," ","0",0," "," ","0",0," "," ","0",0," "," ","0",0," "," ","0",13," "," ","0",216," "," ","0",28," "," ","0",0,"T"," ","0",0," "," ","0",0," "," ","0",0," "," ","0",0," "," ","0",0," "," ","0",0," "," ","0",0," "," ","0",0," "," ","0",0," "," ","0",0," "," ","0",0," "," ","0",0," "," ","0",0," "," ","0",0," "," ","0"
"2321","USC00359461",2001,5,"SNOW",0,"P"," ","0",0,"P"," ","0",0,"P"," ","0",0,"P"," ","0",0,"P"," ","0",0,"P"," ","0",0,"P"," ","0",0,"P"," ","0",0,"P"," ","0",0,"P"," ","0",0,"P"," ","0",0,"P"," ","0",0,"P"," ","0",0,"P"," ","0",0,"P"," ","0",0,"P"," ","0",0,"P"," ","0",0,"P"," ","0",0,"P"," ","0",0,"P"," ","0",0,"P"," ","0",0,"P"," ","0",0,"P"," ","0",0,"P"," ","0",0,"P"," ","0",0,"P"," ","0",0,"P"," ","0",0,"P"," ","0",0,"P"," ","0",0,"P"," ","0",0,"P"," ","0"
"2322","USC00359461",2001,5,"SNWD",0,"P"," ","0",0,"P"," ","0",0,"P"," ","0",0,"P"," ","0",0,"P"," ","0",0,"P"," ","0",0,"P"," ","0",0,"P"," ","0",0,"P"," ","0",0,"P"," ","0",0,"P"," ","0",0,"P"," ","0",0,"P"," ","0",0,"P"," ","0",0,"P"," ","0",0,"P"," ","0",0,"P"," ","0",0,"P"," ","0",0,"P"," ","0",0,"P"," ","0",0,"P"," ","0",0,"P"," ","0",0,"P"," ","0",0,"P"," ","0",0,"P"," ","0",0,"P"," ","0",0,"P"," ","0",0,"P"," ","0",0,"P"," ","0",0,"P"," ","0",0,"P"," ","0"
"2323","USC00359461",2001,6,"TMAX",339," "," ","0",167," "," ","0",161," "," ","0",161," "," ","0",194," "," ","0",172," "," ","0",239," "," ","0",272," "," ","0",267," "," ","0",183," "," ","0",217," "," ","0",178," "," ","0",189," "," ","0",239," "," ","0",222," "," ","0",222," "," ","0",228," "," ","0",222," "," ","0",244," "," ","0",278," "," ","0",306," "," ","0",317," "," ","0",239," "," ","0",211," "," ","0",183," "," ","0",222," "," ","0",167," "," ","0",256," "," ","0",211," "," ","0",233," "," ","0",NA," "," "," "
"2324","USC00359461",2001,6,"TMIN",117," "," ","0",67," "," ","0",67," "," ","0",61," "," ","0",83," ","I","0",100," "," ","0",94," "," ","0",100," "," ","0",128," ","I","0",94," "," ","0",100," "," ","0",72," "," ","0",50," "," ","0",67," ","I","0",89," "," ","0",72," "," ","0",83," "," ","0",78," "," ","0",78," "," ","0",100," "," ","0",106," "," ","0",106," "," ","0",117," ","I","0",117," "," ","0",56," "," ","0",89," ","I","0",144," ","I","0",133," "," ","0",139," "," ","0",106," "," ","0",NA," "," "," "
"2325","USC00359461",2001,6,"TOBS",117," "," ","0",72," "," ","0",72," "," ","0",72," ","I","0",94," "," ","0",100," "," ","0",94," "," ","0",117," ","I","0",128," "," ","0",100," "," ","0",106," "," ","0",72," "," ","0",50," ","I","0",106," "," ","0",111," "," ","0",117," "," ","0",128," "," ","0",128," "," ","0",122," "," ","0",128," "," ","0",106," "," ","0",106," ","I","0",128," "," ","0",117," "," ","0",61," ","I","0",133," ","I","0",144," "," ","0",133," "," ","0",139," "," ","0",111," "," ","0",NA," "," "," "
"2326","USC00359461",2001,6,"PRCP",0," "," ","0",0,"T"," ","0",13," "," ","0",33," "," ","0",51," "," ","0",76," "," ","0",0," "," ","0",0," "," ","0",8," "," ","0",0,"T"," ","0",0,"T"," ","0",38," "," ","0",0," "," ","0",0," "," ","0",0," "," ","0",0," "," ","0",0," "," ","0",0," "," ","0",0," "," ","0",0," "," ","0",0," "," ","0",0," "," ","0",0," "," ","0",0," "," ","0",3," "," ","0",0," "," ","0",157," "," ","0",5," "," ","0",0," "," ","0",0," "," ","0",NA," "," "," "
"2327","USC00359461",2001,6,"SNOW",0,"P"," ","0",0,"P"," ","0",0,"P"," ","0",0,"P"," ","0",0,"P"," ","0",0,"P"," ","0",0,"P"," ","0",0,"P"," ","0",0,"P"," ","0",0,"P"," ","0",0,"P"," ","0",0,"P"," ","0",0,"P"," ","0",0,"P"," ","0",0,"P"," ","0",0,"P"," ","0",0,"P"," ","0",0,"P"," ","0",0,"P"," ","0",0,"P"," ","0",0,"P"," ","0",0,"P"," ","0",0,"P"," ","0",0,"P"," ","0",0,"P"," ","0",0,"P"," ","0",0,"P"," ","0",0,"P"," ","0",0,"P"," ","0",0,"P"," ","0",NA," "," "," "
"2328","USC00359461",2001,6,"SNWD",0,"P"," ","0",0,"P"," ","0",0,"P"," ","0",0,"P"," ","0",0,"P"," ","0",0,"P"," ","0",0,"P"," ","0",0,"P"," ","0",0,"P"," ","0",0,"P"," ","0",0,"P"," ","0",0,"P"," ","0",0,"P"," ","0",0,"P"," ","0",0,"P"," ","0",0,"P"," ","0",0,"P"," ","0",0,"P"," ","0",0,"P"," ","0",0,"P"," ","0",0,"P"," ","0",0,"P"," ","0",0,"P"," ","0",0,"P"," ","0",0,"P"," ","0",0,"P"," ","0",0,"P"," ","0",0,"P"," ","0",0,"P"," ","0",0,"P"," ","0",NA," "," "," "
"2329","USC00359461",2001,7,"TMAX",233," "," ","0",272," "," ","0",294," "," ","0",322," "," ","0",300," "," ","0",244," "," ","0",261," "," ","0",289," "," ","0",317," "," ","0",328," "," ","0",278," "," ","0",294," "," ","0",306," "," ","0",283," "," ","0",272," "," ","0",211," "," ","0",222," "," ","0",239," "," ","0",272," "," ","0",239," "," ","0",222," "," ","0",267," "," ","0",283," "," ","0",300," "," ","0",294," "," ","0",294," "," ","0",306," "," ","0",294," "," ","0",256," "," ","0",211," "," ","0",211," "," ","0"
"2330","USC00359461",2001,7,"TMIN",111," "," ","0",100," "," ","0",106," "," ","0",144," ","I","0",128," "," ","0",100," "," ","0",117," ","I","0",106," "," ","0",111," "," ","0",139," ","I","0",156," "," ","0",133," "," ","0",128," "," ","0",111," "," ","0",100," "," ","0",133," ","I","0",94," "," ","0",111," "," ","0",133," "," ","0",139," "," ","0",106," "," ","0",122," ","I","0",133," ","I","0",144," "," ","0",156," ","I","0",128," "," ","0",122," "," ","0",133," "," ","0",111," "," ","0",122," ","I","0",117," "," ","0"
"2331","USC00359461",2001,7,"TOBS",128," "," ","0",100," "," ","0",128," ","I","0",150," "," ","0",128," "," ","0",100," ","I","0",117," "," ","0",106," "," ","0",122," ","I","0",178," "," ","0",156," "," ","0",161," "," ","0",139," "," ","0",150," "," ","0",122," ","I","0",144," "," ","0",111," "," ","0",144," "," ","0",133," "," ","0",139," "," ","0",106," ","I","0",122," ","I","0",144," "," ","0",144," ","I","0",156," "," ","0",128," "," ","0",128," "," ","0",144," "," ","0",111," ","I","0",139," "," ","0",117," ","I","0"
"2332","USC00359461",2001,7,"PRCP",0," "," ","0",0," "," ","0",0," "," ","0",0," "," ","0",0," "," ","0",0," "," ","0",0," "," ","0",0," "," ","0",0," "," ","0",0," "," ","0",0," "," ","0",0," "," ","0",0," "," ","0",0," "," ","0",0," "," ","0",0," "," ","0",0," "," ","0",0," "," ","0",0," "," ","0",0," "," ","0",0," "," ","0",0," "," ","0",0," "," ","0",0," "," ","0",0," "," ","0",0," "," ","0",0," "," ","0",0," "," ","0",0," "," ","0",97," "," ","0",0,"T"," ","0"
"2333","USC00359461",2001,7,"SNOW",0,"P"," ","0",0,"P"," ","0",0,"P"," ","0",0,"P"," ","0",0,"P"," ","0",0,"P"," ","0",0,"P"," ","0",0,"P"," ","0",0,"P"," ","0",0,"P"," ","0",0,"P"," ","0",0,"P"," ","0",0,"P"," ","0",0,"P"," ","0",0,"P"," ","0",0,"P"," ","0",0,"P"," ","0",0,"P"," ","0",0,"P"," ","0",0,"P"," ","0",0,"P"," ","0",0,"P"," ","0",0,"P"," ","0",0,"P"," ","0",0,"P"," ","0",0,"P"," ","0",0,"P"," ","0",0,"P"," ","0",0,"P"," ","0",0,"P"," ","0",0,"P"," ","0"
"2334","USC00359461",2001,7,"SNWD",0,"P"," ","0",0,"P"," ","0",0,"P"," ","0",0,"P"," ","0",0,"P"," ","0",0,"P"," ","0",0,"P"," ","0",0,"P"," ","0",0,"P"," ","0",0,"P"," ","0",0,"P"," ","0",0,"P"," ","0",0,"P"," ","0",0,"P"," ","0",0,"P"," ","0",0,"P"," ","0",0,"P"," ","0",0,"P"," ","0",0,"P"," ","0",0,"P"," ","0",0,"P"," ","0",0,"P"," ","0",0,"P"," ","0",0,"P"," ","0",0,"P"," ","0",0,"P"," ","0",0,"P"," ","0",0,"P"," ","0",0,"P"," ","0",0,"P"," ","0",0,"P"," ","0"
"2335","USC00359461",2001,8,"TMAX",256," "," ","0",272," "," ","0",294," "," ","0",244," "," ","0",239," "," ","0",294," "," ","0",306," "," ","0",294," "," ","0",317," "," ","0",372," "," ","0",322," "," ","0",322," "," ","0",350," "," ","0",289," "," ","0",356," "," ","0",278," "," ","0",272," "," ","0",267," "," ","0",244," "," ","0",272," "," ","0",256," "," ","0",256," "," ","0",206," "," ","0",239," "," ","0",267," "," ","0",283," "," ","0",294," "," ","0",294," "," ","0",294," "," ","0",278," "," ","0",289," "," ","0"
"2336","USC00359461",2001,8,"TMIN",144," ","I","0",111," "," ","0",122," ","I","0",128," "," ","0",111," "," ","0",122," ","I","0",144," ","I","0",161," "," ","0",100," "," ","0",100," "," ","0",128," "," ","0",139," "," ","0",128," "," ","0",133," "," ","0",133," "," ","0",128," "," ","0",122," "," ","0",133," "," ","0",100," "," ","0",100," "," ","0",100," "," ","0",139," ","I","0",133," "," ","0",100," "," ","0",100," "," ","0",100," "," ","0",100," "," ","0",111," "," ","0",128," "," ","0",128," "," ","0",128," "," ","0"
"2337","USC00359461",2001,8,"TOBS",144," "," ","0",111," ","I","0",122," "," ","0",161," "," ","0",111," ","I","0",122," ","I","0",172," "," ","0",161," "," ","0",172," "," ","0",178," "," ","0",139," "," ","0",183," "," ","0",144," "," ","0",139," "," ","0",128," "," ","0",128," "," ","0",128," "," ","0",144," "," ","0",106," "," ","0",111," "," ","0",100," ","I","0",150," "," ","0",139," "," ","0",100," "," ","0",100," "," ","0",100," "," ","0",106," "," ","0",128," "," ","0",161," "," ","0",128," "," ","0",128," "," ","0"
"2338","USC00359461",2001,8,"PRCP",0," "," ","0",0," "," ","0",0," "," ","0",0," "," ","0",0," "," ","0",0," "," ","0",0," "," ","0",0," "," ","0",0," "," ","0",0," "," ","0",0," "," ","0",0," "," ","0",0," "," ","0",0," "," ","0",0," "," ","0",0," "," ","0",0," "," ","0",0," "," ","0",0," "," ","0",0," "," ","0",0," "," ","0",3," "," ","0",51," "," ","0",0," "," ","0",0," "," ","0",0," "," ","0",0," "," ","0",0," "," ","0",0," "," ","0",0," "," ","0",0," "," ","0"
"2339","USC00359461",2001,8,"SNOW",0,"P"," ","0",0,"P"," ","0",0,"P"," ","0",0,"P"," ","0",0,"P"," ","0",0,"P"," ","0",0,"P"," ","0",0,"P"," ","0",0,"P"," ","0",0,"P"," ","0",0,"P"," ","0",0,"P"," ","0",0,"P"," ","0",0,"P"," ","0",0,"P"," ","0",0,"P"," ","0",0,"P"," ","0",0,"P"," ","0",0,"P"," ","0",0,"P"," ","0",0,"P"," ","0",0,"P"," ","0",0,"P"," ","0",0,"P"," ","0",0,"P"," ","0",0,"P"," ","0",0,"P"," ","0",0,"P"," ","0",0,"P"," ","0",0,"P"," ","0",0,"P"," ","0"
"2340","USC00359461",2001,8,"SNWD",0,"P"," ","0",0,"P"," ","0",0,"P"," ","0",0,"P"," ","0",0,"P"," ","0",0,"P"," ","0",0,"P"," ","0",0,"P"," ","0",0,"P"," ","0",0,"P"," ","0",0,"P"," ","0",0,"P"," ","0",0,"P"," ","0",0,"P"," ","0",0,"P"," ","0",0,"P"," ","0",0,"P"," ","0",0,"P"," ","0",0,"P"," ","0",0,"P"," ","0",0,"P"," ","0",0,"P"," ","0",0,"P"," ","0",0,"P"," ","0",0,"P"," ","0",0,"P"," ","0",0,"P"," ","0",0,"P"," ","0",0,"P"," ","0",0,"P"," ","0",0,"P"," ","0"
"2341","USC00359461",2001,9,"TMAX",278," "," ","0",283," "," ","0",272," "," ","0",283," "," ","0",250," "," ","0",211," "," ","0",239," "," ","0",250," "," ","0",306," "," ","0",311," "," ","0",283," "," ","0",311," "," ","0",267," "," ","0",283," "," ","0",322," "," ","0",300," "," ","0",267," "," ","0",278," "," ","0",256," "," ","0",250," "," ","0",283," "," ","0",239," "," ","0",256," "," ","0",261," "," ","0",239," "," ","0",206," "," ","0",161," "," ","0",189," "," ","0",222," "," ","0",261," "," ","0",NA," "," "," "
"2342","USC00359461",2001,9,"TMIN",117," "," ","0",128," ","I","0",94," "," ","0",111," ","I","0",100," "," ","0",72," "," ","0",94," "," ","0",78," "," ","0",89," "," ","0",106," "," ","0",100," "," ","0",106," "," ","0",133," ","I","0",122," "," ","0",156," ","I","0",144," "," ","0",106," "," ","0",89," "," ","0",106," ","I","0",100," "," ","0",67," "," ","0",72," "," ","0",89," ","I","0",89," "," ","0",100," ","I","0",117," "," ","0",89," "," ","0",61," "," ","0",61," "," ","0",72," ","I","0",NA," "," "," "
"2343","USC00359461",2001,9,"TOBS",117," ","I","0",161," "," ","0",94," ","I","0",111," "," ","0",100," "," ","0",89," "," ","0",111," "," ","0",89," "," ","0",106," "," ","0",117," "," ","0",111," "," ","0",117," ","I","0",133," "," ","0",128," ","I","0",161," "," ","0",150," "," ","0",122," "," ","0",89," ","I","0",106," "," ","0",106," "," ","0",72," "," ","0",78," ","I","0",89," "," ","0",89," ","I","0",128," "," ","0",122," "," ","0",100," "," ","0",61," "," ","0",61," ","I","0",78," ","I","0",NA," "," "," "
"2344","USC00359461",2001,9,"PRCP",0," "," ","0",0," "," ","0",0," "," ","0",0," "," ","0",0," "," ","0",0," "," ","0",0," "," ","0",0," "," ","0",0," "," ","0",0," "," ","0",0," "," ","0",0," "," ","0",0," "," ","0",0," "," ","0",0," "," ","0",0," "," ","0",0," "," ","0",0," "," ","0",0," "," ","0",0," "," ","0",0," "," ","0",0," "," ","0",0," "," ","0",0," "," ","0",41," "," ","0",76," "," ","0",28," "," ","0",3," "," ","0",0," "," ","0",0," "," ","0",NA," "," "," "
"2345","USC00359461",2001,9,"SNOW",0,"P"," ","0",0,"P"," ","0",0,"P"," ","0",0,"P"," ","0",0,"P"," ","0",0,"P"," ","0",0,"P"," ","0",0,"P"," ","0",0,"P"," ","0",0,"P"," ","0",0,"P"," ","0",0,"P"," ","0",0,"P"," ","0",0,"P"," ","0",0,"P"," ","0",0,"P"," ","0",0,"P"," ","0",0,"P"," ","0",0,"P"," ","0",0,"P"," ","0",0,"P"," ","0",0,"P"," ","0",0,"P"," ","0",0,"P"," ","0",0,"P"," ","0",0,"P"," ","0",0,"P"," ","0",0,"P"," ","0",0,"P"," ","0",0,"P"," ","0",NA," "," "," "
"2346","USC00359461",2001,9,"SNWD",0,"P"," ","0",0,"P"," ","0",0,"P"," ","0",0,"P"," ","0",0,"P"," ","0",0,"P"," ","0",0,"P"," ","0",0,"P"," ","0",0,"P"," ","0",0,"P"," ","0",0,"P"," ","0",0,"P"," ","0",0,"P"," ","0",0,"P"," ","0",0,"P"," ","0",0,"P"," ","0",0,"P"," ","0",0,"P"," ","0",0,"P"," ","0",0,"P"," ","0",0,"P"," ","0",0,"P"," ","0",0,"P"," ","0",0,"P"," ","0",0,"P"," ","0",0,"P"," ","0",0,"P"," ","0",0,"P"," ","0",0,"P"," ","0",0,"P"," ","0",NA," "," "," "
"2347","USC00359461",2001,10,"TMAX",294," "," ","0",339," "," ","0",278," "," ","0",267," "," ","0",278," "," ","0",244," "," ","0",183," "," ","0",172," "," ","0",161," "," ","0",167," "," ","0",156," "," ","0",172," "," ","0",217," "," ","0",183," "," ","0",228," "," ","0",228," "," ","0",206," "," ","0",150," "," ","0",150," "," ","0",211," "," ","0",133," "," ","0",172," "," ","0",106," "," ","0",139," "," ","0",144," "," ","0",178," "," ","0",222," "," ","0",139," "," ","0",106," "," ","0",117," "," ","0",144," "," ","0"
"2348","USC00359461",2001,10,"TMIN",89," ","I","0",100," ","I","0",67," "," ","0",89," ","I","0",78," "," ","0",111," ","I","0",50," "," ","0",89," ","I","0",50," "," ","0",44," "," ","0",50," "," ","0",39," "," ","0",56," ","I","0",72," "," ","0",78," "," ","0",89," "," ","0",67," "," ","0",22," "," ","0",22," "," ","0",33," ","I","0",61," "," ","0",67," "," ","0",78," "," ","0",28," "," ","0",44," "," ","0",39," "," ","0",39," "," ","0",61," "," ","0",67," "," ","0",78," ","I","0",106," "," ","0"
"2349","USC00359461",2001,10,"TOBS",89," ","I","0",100," "," ","0",67," ","I","0",89," "," ","0",78," "," ","0",78," "," ","0",61," ","I","0",100," "," ","0",56," "," ","0",50," "," ","0",83," "," ","0",39," ","I","0",111," "," ","0",78," "," ","0",89," "," ","0",89," "," ","0",78," "," ","0",22," "," ","0",22," ","I","0",100," "," ","0",78," "," ","0",106," "," ","0",83," "," ","0",44," "," ","0",72," "," ","0",50," "," ","0",94," "," ","0",67," "," ","0",67," ","I","0",100," "," ","0",106," "," ","0"
"2350","USC00359461",2001,10,"PRCP",0," "," ","0",0," "," ","0",0," "," ","0",0," "," ","0",0," "," ","0",0," "," ","0",0," "," ","0",0," "," ","0",8," "," ","0",0,"T"," ","0",28," "," ","0",0," "," ","0",5," "," ","0",3," "," ","0",0," "," ","0",0," "," ","0",0," "," ","0",0," "," ","0",0," "," ","0",0," "," ","0",0," "," ","0",5," "," ","0",127," "," ","0",13," "," ","0",0," "," ","0",0," "," ","0",0," "," ","0",46," "," ","0",20," "," ","0",99," "," ","0",69," "," ","0"
"2351","USC00359461",2001,10,"SNOW",0,"P"," ","0",0,"P"," ","0",0,"P"," ","0",0,"P"," ","0",0,"P"," ","0",0,"P"," ","0",0,"P"," ","0",0,"P"," ","0",0,"P"," ","0",0,"P"," ","0",0,"P"," ","0",0,"P"," ","0",0,"P"," ","0",0,"P"," ","0",0,"P"," ","0",0,"P"," ","0",0,"P"," ","0",0,"P"," ","0",0,"P"," ","0",0,"P"," ","0",0,"P"," ","0",0,"P"," ","0",0,"P"," ","0",0,"P"," ","0",0,"P"," ","0",0,"P"," ","0",0,"P"," ","0",0,"P"," ","0",0,"P"," ","0",0,"P"," ","0",0,"P"," ","0"
"2352","USC00359461",2001,10,"SNWD",0,"P"," ","0",0,"P"," ","0",0,"P"," ","0",0,"P"," ","0",0,"P"," ","0",0,"P"," ","0",0,"P"," ","0",0,"P"," ","0",0,"P"," ","0",0,"P"," ","0",0,"P"," ","0",0,"P"," ","0",0,"P"," ","0",0,"P"," ","0",0,"P"," ","0",0,"P"," ","0",0,"P"," ","0",0,"P"," ","0",0,"P"," ","0",0,"P"," ","0",0,"P"," ","0",0,"P"," ","0",0,"P"," ","0",0,"P"," ","0",0,"P"," ","0",0,"P"," ","0",0,"P"," ","0",0,"P"," ","0",0,"P"," ","0",0,"P"," ","0",0,"P"," ","0"
"2353","USC00359461",2001,11,"TMAX",156," "," ","0",156," "," ","0",178," "," ","0",156," "," ","0",144," "," ","0",139," "," ","0",133," "," ","0",133," "," ","0",139," "," ","0",156," "," ","0",194," "," ","0",183," "," ","0",139," "," ","0",150," "," ","0",200," "," ","0",183," "," ","0",111," "," ","0",128," "," ","0",144," "," ","0",194," "," ","0",150," "," ","0",106," "," ","0",111," "," ","0",94," "," ","0",67," "," ","0",78," "," ","0",67," "," ","0",83," "," ","0",94," "," ","0",94," "," ","0",NA," "," "," "
"2354","USC00359461",2001,11,"TMIN",100," "," ","0",106," "," ","0",100," "," ","0",89," "," ","0",44," "," ","0",11," "," ","0",-17," "," ","0",-11," "," ","0",-6," "," ","0",11," ","I","0",39," "," ","0",89," ","I","0",78," "," ","0",111," "," ","0",139," "," ","0",100," "," ","0",67," "," ","0",44," "," ","0",50," "," ","0",6," "," ","0",56," ","I","0",67," "," ","0",39," "," ","0",39," "," ","0",56," "," ","0",28," "," ","0",11," "," ","0",11," "," ","0",61," "," ","0",44," "," ","0",NA," "," "," "
"2355","USC00359461",2001,11,"TOBS",111," "," ","0",111," "," ","0",106," "," ","0",100," "," ","0",61," "," ","0",22," "," ","0",-11," "," ","0",0," "," ","0",0," ","I","0",44," "," ","0",78," ","I","0",100," "," ","0",106," "," ","0",133," "," ","0",178," "," ","0",106," "," ","0",72," "," ","0",56," "," ","0",94," "," ","0",28," ","I","0",61," "," ","0",94," "," ","0",39," "," ","0",61," "," ","0",56," "," ","0",33," "," ","0",11," "," ","0",83," "," ","0",56," "," ","0",61," "," ","0",NA," "," "," "
"2356","USC00359461",2001,11,"PRCP",58," "," ","0",0,"T"," ","0",0," "," ","0",5," "," ","0",0," "," ","0",0," "," ","0",0," "," ","0",0," "," ","0",0," "," ","0",0," "," ","0",3," "," ","0",58," "," ","0",20," "," ","0",84," "," ","0",0,"T"," ","0",236," "," ","0",79," "," ","0",3," "," ","0",10," "," ","0",5," "," ","0",84," "," ","0",198," "," ","0",140," "," ","0",33," "," ","0",234," "," ","0",127," "," ","0",3," "," ","0",122," "," ","0",363," "," ","0",10," "," ","0",NA," "," "," "
"2357","USC00359461",2001,11,"SNOW",0,"P"," ","0",0,"P"," ","0",0,"P"," ","0",0,"P"," ","0",0,"P"," ","0",0,"P"," ","0",0,"P"," ","0",0,"P"," ","0",0,"P"," ","0",0,"P"," ","0",0,"P"," ","0",0,"P"," ","0",0,"P"," ","0",0,"P"," ","0",0,"P"," ","0",0,"P"," ","0",0,"P"," ","0",0,"P"," ","0",0,"P"," ","0",0,"P"," ","0",0,"P"," ","0",0,"P"," ","0",0,"P"," ","0",0,"P"," ","0",0,"P"," ","0",0,"P"," ","0",0,"P"," ","0",0,"P"," ","0",0,"P"," ","0",0,"P"," ","0",NA," "," "," "
"2358","USC00359461",2001,11,"SNWD",0,"P"," ","0",0,"P"," ","0",0,"P"," ","0",0,"P"," ","0",0,"P"," ","0",0,"P"," ","0",0,"P"," ","0",0,"P"," ","0",0,"P"," ","0",0,"P"," ","0",0,"P"," ","0",0,"P"," ","0",0,"P"," ","0",0,"P"," ","0",0,"P"," ","0",0,"P"," ","0",0,"P"," ","0",0,"P"," ","0",0,"P"," ","0",0,"P"," ","0",0,"P"," ","0",0,"P"," ","0",0,"P"," ","0",0,"P"," ","0",0,"P"," ","0",0,"P"," ","0",0,"P"," ","0",0,"P"," ","0",0,"P"," ","0",0,"P"," ","0",NA," "," "," "
"2359","USC00359461",2001,12,"TMAX",117," "," ","0",94," "," ","0",117," "," ","0",100," "," ","0",67," "," ","0",106," "," ","0",117," "," ","0",89," "," ","0",89," "," ","0",72," "," ","0",67," "," ","0",78," "," ","0",100," "," ","0",128," "," ","0",61," "," ","0",83," "," ","0",144," "," ","0",94," "," ","0",94," "," ","0",61," "," ","0",61," "," ","0",89," "," ","0",117," "," ","0",94," "," ","0",22," "," ","0",44," "," ","0",61," "," ","0",78," "," ","0",106," "," ","0",111," "," ","0",89," "," ","0"
"2360","USC00359461",2001,12,"TMIN",56," "," ","0",33," "," ","0",33," "," ","0",28," "," ","0",28," "," ","0",33," "," ","0",28," "," ","0",0," "," ","0",11," ","I","0",0," "," ","0",22," "," ","0",39," "," ","0",39," "," ","0",39," "," ","0",28," "," ","0",33," "," ","0",39," "," ","0",28," "," ","0",22," "," ","0",33," ","I","0",39," "," ","0",6," "," ","0",11," "," ","0",-6," "," ","0",-11," "," ","0",6," "," ","0",11," "," ","0",17," "," ","0",61," ","I","0",56," "," ","0",61," "," ","0"
"2361","USC00359461",2001,12,"TOBS",67," "," ","0",39," "," ","0",44," "," ","0",39," "," ","0",39," "," ","0",89," "," ","0",28," "," ","0",0," ","I","0",28," "," ","0",17," "," ","0",39," "," ","0",39," "," ","0",94," "," ","0",39," "," ","0",28," "," ","0",78," "," ","0",61," "," ","0",89," "," ","0",22," ","I","0",39," "," ","0",39," "," ","0",33," "," ","0",11," "," ","0",-6," "," ","0",6," "," ","0",17," "," ","0",28," "," ","0",39," ","I","0",61," "," ","0",67," "," ","0",72," "," ","0"
"2362","USC00359461",2001,12,"PRCP",165," "," ","0",69," "," ","0",36," "," ","0",74," "," ","0",282," "," ","0",38," "," ","0",8," "," ","0",3," "," ","0",99," "," ","0",25," "," ","0",38," "," ","0",43," "," ","0",46," "," ","0",305," "," ","0",71," "," ","0",33," "," ","0",142," "," ","0",5," "," ","0",89," "," ","0",51," "," ","0",0," "," ","0",10," "," ","0",8," "," ","0",3," "," ","0",3," "," ","0",0," "," ","0",0," "," ","0",84," "," ","0",76," "," ","0",8," "," ","0",132," "," ","0"
"2363","USC00359461",2001,12,"SNOW",0,"P"," ","0",0,"P"," ","0",0,"P"," ","0",0,"P"," ","0",0,"P"," ","0",0,"P"," ","0",0,"P"," ","0",0,"P"," ","0",0,"P"," ","0",0,"P"," ","0",0,"P"," ","0",0,"P"," ","0",0,"P"," ","0",0,"P"," ","0",0,"P"," ","0",0,"P"," ","0",0,"P"," ","0",0,"P"," ","0",0,"P"," ","0",0,"P"," ","0",0,"P"," ","0",0,"P"," ","0",0,"P"," ","0",0,"P"," ","0",0,"P"," ","0",0,"P"," ","0",0,"P"," ","0",0,"P"," ","0",0,"P"," ","0",0,"P"," ","0",0,"P"," ","0"
"2364","USC00359461",2001,12,"SNWD",0,"P"," ","0",0,"P"," ","0",0,"P"," ","0",0,"P"," ","0",0,"P"," ","0",0,"P"," ","0",0,"P"," ","0",0,"P"," ","0",0,"P"," ","0",0,"P"," ","0",0,"P"," ","0",0,"P"," ","0",0,"P"," ","0",0,"P"," ","0",0,"P"," ","0",0,"P"," ","0",0,"P"," ","0",0,"P"," ","0",0,"P"," ","0",0,"P"," ","0",0,"P"," ","0",0,"P"," ","0",0,"P"," ","0",0,"P"," ","0",0,"P"," ","0",0,"P"," ","0",0,"P"," ","0",0,"P"," ","0",0,"P"," ","0",0,"P"," ","0",0,"P"," ","0"
"2365","USC00359461",2002,1,"TMAX",94," "," ","0",172," "," ","0",133," "," ","0",111," "," ","0",100," "," ","0",106," "," ","0",172," "," ","0",178," "," ","0",144," "," ","0",111," "," ","0",106," "," ","0",117," "," ","0",122," "," ","0",89," "," ","0",56," "," ","0",44," "," ","0",50," "," ","0",50," "," ","0",83," "," ","0",67," "," ","0",94," "," ","0",44," "," ","0",61," "," ","0",83," "," ","0",89," "," ","0",67," "," ","0",50," "," ","0",50," "," ","0",67," "," ","0",61," "," ","0",78," "," ","0"
"2366","USC00359461",2002,1,"TMIN",61," "," ","0",72," "," ","0",44," "," ","0",11," "," ","0",39," ","I","0",61," "," ","0",100," "," ","0",94," "," ","0",67," "," ","0",67," "," ","0",56," "," ","0",100," ","I","0",44," "," ","0",22," "," ","0",17," "," ","0",-11," "," ","0",-6," "," ","0",22," "," ","0",33," "," ","0",33," "," ","0",28," "," ","0",11," "," ","0",22," ","I","0",11," "," ","0",22," "," ","0",-11," "," ","0",-6," "," ","0",-6," "," ","0",0," "," ","0",-17," "," ","0",-17," "," ","0"
"2367","USC00359461",2002,1,"TOBS",78," "," ","0",111," "," ","0",39," "," ","0",17," ","I","0",56," "," ","0",94," "," ","0",172," "," ","0",94," "," ","0",67," "," ","0",67," "," ","0",56," ","I","0",100," "," ","0",50," "," ","0",33," "," ","0",39," "," ","0",0," "," ","0",17," "," ","0",28," "," ","0",39," "," ","0",33," "," ","0",28," "," ","0",11," ","I","0",22," "," ","0",72," "," ","0",28," "," ","0",-6," "," ","0",-6," "," ","0",-6," "," ","0",11," "," ","0",-6," "," ","0",-11," ","I","0"
"2368","USC00359461",2002,1,"PRCP",15," "," ","0",79," "," ","0",10," "," ","0",5," "," ","0",0," "," ","0",231," "," ","0",94," "," ","0",102," "," ","0",3," "," ","0",3," "," ","0",0," "," ","0",0," "," ","0",3," "," ","0",5," "," ","0",38," "," ","0",0," "," ","0",46," "," ","0",5," "," ","0",53," "," ","0",58," "," ","0",170," "," ","0",135," "," ","0",36," "," ","0",36," "," ","0",56," "," ","0",157," "," ","0",64," "," ","0",10," "," ","0",0,"T"," ","0",0," "," ","0",0," "," ","0"
"2369","USC00359461",2002,1,"SNOW",0,"P"," ","0",0,"P"," ","0",0,"P"," ","0",0,"P"," ","0",0,"P"," ","0",0,"P"," ","0",0,"P"," ","0",0,"P"," ","0",0,"P"," ","0",0,"P"," ","0",0,"P"," ","0",0,"P"," ","0",0,"P"," ","0",0,"P"," ","0",0,"P"," ","0",0,"P"," ","0",0,"P"," ","0",0,"P"," ","0",0,"P"," ","0",0,"P"," ","0",0,"P"," ","0",0,"P"," ","0",0,"P"," ","0",0,"P"," ","0",0,"P"," ","0",0,"P"," ","0",0,"P"," ","0",0,"P"," ","0",0,"P"," ","0",0,"P"," ","0",0,"P"," ","0"
"2370","USC00359461",2002,1,"SNWD",0,"P"," ","0",0,"P"," ","0",0,"P"," ","0",0,"P"," ","0",0,"P"," ","0",0,"P"," ","0",0,"P"," ","0",0,"P"," ","0",0,"P"," ","0",0,"P"," ","0",0,"P"," ","0",0,"P"," ","0",0,"P"," ","0",0,"P"," ","0",0,"P"," ","0",0,"P"," ","0",0,"P"," ","0",0,"P"," ","0",0,"P"," ","0",0,"P"," ","0",0,"P"," ","0",0,"P"," ","0",0,"P"," ","0",0,"P"," ","0",0,"P"," ","0",0,"P"," ","0",0,"P"," ","0",0,"P"," ","0",0,"P"," ","0",0,"P"," ","0",0,"P"," ","0"
"2371","USC00359461",2002,2,"TMAX",89," "," ","0",94," "," ","0",111," "," ","0",122," "," ","0",122," "," ","0",106," "," ","0",150," "," ","0",156," "," ","0",100," "," ","0",128," "," ","0",156," "," ","0",100," "," ","0",117," "," ","0",122," "," ","0",122," "," ","0",139," "," ","0",89," "," ","0",117," "," ","0",139," "," ","0",106," "," ","0",100," "," ","0",172," "," ","0",206," "," ","0",111," "," ","0",106," "," ","0",100," "," ","0",144," "," ","0",139," "," ","0",NA," "," "," ",NA," "," "," ",NA," "," "," "
"2372","USC00359461",2002,2,"TMIN",6," ","I","0",6," "," ","0",11," "," ","0",-17," "," ","0",-6," ","I","0",0," "," ","0",33," "," ","0",44," "," ","0",17," "," ","0",-11," "," ","0",28," ","I","0",11," "," ","0",11," "," ","0",-17," "," ","0",-17," "," ","0",-6," "," ","0",39," "," ","0",61," "," ","0",67," "," ","0",67," "," ","0",72," "," ","0",67," "," ","0",67," "," ","0",50," "," ","0",-11," "," ","0",-6," "," ","0",-22," "," ","0",-22," "," ","0",NA," "," "," ",NA," "," "," ",NA," "," "," "
"2373","USC00359461",2002,2,"TOBS",22," "," ","0",6," "," ","0",39," "," ","0",-17," ","I","0",-6," "," ","0",28," "," ","0",61," "," ","0",50," "," ","0",22," "," ","0",0," ","I","0",56," "," ","0",39," "," ","0",33," "," ","0",-17," "," ","0",-6," "," ","0",39," "," ","0",56," "," ","0",61," "," ","0",94," "," ","0",67," "," ","0",89," "," ","0",72," "," ","0",72," "," ","0",61," "," ","0",6," "," ","0",11," "," ","0",-22," "," ","0",-11," "," ","0",NA," "," "," ",NA," "," "," ",NA," "," "," "
"2374","USC00359461",2002,2,"PRCP",58," "," ","0",3," "," ","0",5," "," ","0",0," "," ","0",0," "," ","0",8," "," ","0",145," "," ","0",251," "," ","0",33," "," ","0",3," "," ","0",0," "," ","0",0," "," ","0",0," "," ","0",0," "," ","0",0," "," ","0",23," "," ","0",3," "," ","0",30," "," ","0",13," "," ","0",56," "," ","0",13," "," ","0",0,"T"," ","0",66," "," ","0",0," "," ","0",0," "," ","0",0," "," ","0",0," "," ","0",0," "," ","0",NA," "," "," ",NA," "," "," ",NA," "," "," "
"2375","USC00359461",2002,2,"SNOW",0,"P"," ","0",0,"P"," ","0",0,"P"," ","0",0,"P"," ","0",0,"P"," ","0",0,"P"," ","0",0,"P"," ","0",0,"P"," ","0",0,"P"," ","0",0,"P"," ","0",0,"P"," ","0",0,"P"," ","0",0,"P"," ","0",0,"P"," ","0",0,"P"," ","0",0,"P"," ","0",0,"P"," ","0",0,"P"," ","0",0,"P"," ","0",0,"P"," ","0",0,"P"," ","0",0,"P"," ","0",0,"P"," ","0",0,"P"," ","0",0,"P"," ","0",0,"P"," ","0",0,"P"," ","0",0,"P"," ","0",NA," "," "," ",NA," "," "," ",NA," "," "," "
"2376","USC00359461",2002,2,"SNWD",0,"P"," ","0",0,"P"," ","0",0,"P"," ","0",0,"P"," ","0",0,"P"," ","0",0,"P"," ","0",0,"P"," ","0",0,"P"," ","0",0,"P"," ","0",0,"P"," ","0",0,"P"," ","0",0,"P"," ","0",0,"P"," ","0",0,"P"," ","0",0,"P"," ","0",0,"P"," ","0",0,"P"," ","0",0,"P"," ","0",0,"P"," ","0",0,"P"," ","0",0,"P"," ","0",0,"P"," ","0",0,"P"," ","0",0,"P"," ","0",0,"P"," ","0",0,"P"," ","0",0,"P"," ","0",0,"P"," ","0",NA," "," "," ",NA," "," "," ",NA," "," "," "
"2377","USC00359461",2002,3,"TMAX",106," "," ","0",117," "," ","0",144," "," ","0",167," "," ","0",183," "," ","0",89," "," ","0",128," "," ","0",78," "," ","0",94," "," ","0",128," "," ","0",133," "," ","0",167," "," ","0",94," "," ","0",72," "," ","0",83," "," ","0",94," "," ","0",78," "," ","0",78," "," ","0",89," "," ","0",156," "," ","0",189," "," ","0",156," "," ","0",139," "," ","0",156," "," ","0",128," "," ","0",167," "," ","0",156," "," ","0",150," "," ","0",150," "," ","0",178," "," ","0",172," "," ","0"
"2378","USC00359461",2002,3,"TMIN",-33," "," ","0",-39," "," ","0",-28," ","I","0",-17," ","I","0",0," "," ","0",28," "," ","0",22," "," ","0",-11," "," ","0",-11," "," ","0",0," "," ","0",6," "," ","0",6," "," ","0",11," "," ","0",22," "," ","0",11," "," ","0",17," "," ","0",6," "," ","0",-17," "," ","0",-11," "," ","0",22," "," ","0",22," "," ","0",39," "," ","0",44," "," ","0",50," "," ","0",22," "," ","0",17," "," ","0",33," "," ","0",11," "," ","0",17," "," ","0",17," "," ","0",17," "," ","0"
"2379","USC00359461",2002,3,"TOBS",-33," "," ","0",-39," ","I","0",-28," ","I","0",-6," "," ","0",33," "," ","0",44," "," ","0",33," "," ","0",-6," "," ","0",11," "," ","0",61," "," ","0",111," "," ","0",50," "," ","0",28," "," ","0",28," "," ","0",17," "," ","0",17," "," ","0",11," "," ","0",-17," "," ","0",50," "," ","0",22," "," ","0",67," "," ","0",44," "," ","0",56," "," ","0",67," "," ","0",44," "," ","0",33," "," ","0",67," "," ","0",11," "," ","0",50," "," ","0",22," "," ","0",17," "," ","0"
"2380","USC00359461",2002,3,"PRCP",0," "," ","0",0," "," ","0",0," "," ","0",0," "," ","0",0," "," ","0",53," "," ","0",91," "," ","0",25," "," ","0",8," "," ","0",5," "," ","0",25," "," ","0",64," "," ","0",117," "," ","0",74," "," ","0",13," "," ","0",46," "," ","0",124," "," ","0",13," "," ","0",5," "," ","0",0," "," ","0",0," "," ","0",0," "," ","0",15," "," ","0",46," "," ","0",13," "," ","0",0," "," ","0",8," "," ","0",0," "," ","0",0," "," ","0",0," "," ","0",0," "," ","0"
"2381","USC00359461",2002,3,"SNOW",0,"P"," ","0",0,"P"," ","0",0,"P"," ","0",0,"P"," ","0",0,"P"," ","0",0,"P"," ","0",0,"P"," ","0",0,"P"," ","0",0,"P"," ","0",0,"P"," ","0",0,"P"," ","0",0,"P"," ","0",0,"P"," ","0",0,"P"," ","0",0,"P"," ","0",0,"P"," ","0",0,"P"," ","0",0,"P"," ","0",0,"P"," ","0",0,"P"," ","0",0,"P"," ","0",0,"P"," ","0",0,"P"," ","0",0,"P"," ","0",0,"P"," ","0",0,"P"," ","0",0,"P"," ","0",0,"P"," ","0",0,"P"," ","0",0,"P"," ","0",0,"P"," ","0"
"2382","USC00359461",2002,3,"SNWD",0,"P"," ","0",0,"P"," ","0",0,"P"," ","0",0,"P"," ","0",0,"P"," ","0",0,"P"," ","0",0,"P"," ","0",0,"P"," ","0",0,"P"," ","0",0,"P"," ","0",0,"P"," ","0",0,"P"," ","0",0,"P"," ","0",0,"P"," ","0",0,"P"," ","0",0,"P"," ","0",0,"P"," ","0",0,"P"," ","0",0,"P"," ","0",0,"P"," ","0",0,"P"," ","0",0,"P"," ","0",0,"P"," ","0",0,"P"," ","0",0,"P"," ","0",0,"P"," ","0",0,"P"," ","0",0,"P"," ","0",0,"P"," ","0",0,"P"," ","0",0,"P"," ","0"
"2383","USC00359461",2002,4,"TMAX",172," "," ","0",200," "," ","0",211," "," ","0",222," "," ","0",239," "," ","0",133," "," ","0",156," "," ","0",189," "," ","0",222," "," ","0",183," "," ","0",178," "," ","0",200," "," ","0",233," "," ","0",183," "," ","0",128," "," ","0",100," "," ","0",106," "," ","0",111," "," ","0",133," "," ","0",144," "," ","0",161," "," ","0",167," "," ","0",194," "," ","0",172," "," ","0",228," "," ","0",211," "," ","0",139," "," ","0",183," "," ","0",167," "," ","0",211," "," ","0",NA," "," "," "
"2384","USC00359461",2002,4,"TMIN",22," "," ","0",39," ","I","0",39," "," ","0",33," "," ","0",50," ","I","0",61," "," ","0",72," "," ","0",39," "," ","0",50," "," ","0",94," "," ","0",100," "," ","0",94," "," ","0",94," "," ","0",67," "," ","0",39," "," ","0",44," "," ","0",39," "," ","0",-33," "," ","0",33," "," ","0",50," "," ","0",17," "," ","0",28," "," ","0",39," "," ","0",11," "," ","0",28," ","I","0",33," "," ","0",39," "," ","0",39," "," ","0",33," "," ","0",39," "," ","0",NA," "," "," "
"2385","USC00359461",2002,4,"TOBS",22," ","I","0",39," "," ","0",39," "," ","0",39," ","I","0",100," "," ","0",100," "," ","0",83," "," ","0",50," "," ","0",106," "," ","0",106," "," ","0",100," "," ","0",94," "," ","0",133," "," ","0",67," "," ","0",39," "," ","0",44," "," ","0",39," "," ","0",33," "," ","0",61," "," ","0",72," "," ","0",28," "," ","0",67," "," ","0",50," "," ","0",17," ","I","0",39," "," ","0",39," "," ","0",44," "," ","0",39," "," ","0",33," "," ","0",78," "," ","0",NA," "," "," "
"2386","USC00359461",2002,4,"PRCP",0," "," ","0",0," "," ","0",0," "," ","0",0," "," ","0",0,"T"," ","0",8," "," ","0",0," "," ","0",0," "," ","0",0,"T"," ","0",33," "," ","0",23," "," ","0",5," "," ","0",3," "," ","0",150," "," ","0",10," "," ","0",13," "," ","0",28," "," ","0",81," "," ","0",3," "," ","0",0," "," ","0",0," "," ","0",0," "," ","0",0," "," ","0",0," "," ","0",0," "," ","0",0," "," ","0",18," "," ","0",79," "," ","0",0," "," ","0",0," "," ","0",NA," "," "," "
"2387","USC00359461",2002,4,"SNOW",0,"P"," ","0",0,"P"," ","0",0,"P"," ","0",0,"P"," ","0",0,"P"," ","0",0,"P"," ","0",0,"P"," ","0",0,"P"," ","0",0,"P"," ","0",0,"P"," ","0",0,"P"," ","0",0,"P"," ","0",0,"P"," ","0",0,"P"," ","0",0,"P"," ","0",0,"P"," ","0",0,"P"," ","0",0,"P"," ","0",0,"P"," ","0",0,"P"," ","0",0,"P"," ","0",0,"P"," ","0",0,"P"," ","0",0,"P"," ","0",0,"P"," ","0",0,"P"," ","0",0,"P"," ","0",0,"P"," ","0",0,"P"," ","0",0,"P"," ","0",NA," "," "," "
"2388","USC00359461",2002,4,"SNWD",0,"P"," ","0",0,"P"," ","0",0,"P"," ","0",0,"P"," ","0",0,"P"," ","0",0,"P"," ","0",0,"P"," ","0",0,"P"," ","0",0,"P"," ","0",0,"P"," ","0",0,"P"," ","0",0,"P"," ","0",0,"P"," ","0",0,"P"," ","0",0,"P"," ","0",0,"P"," ","0",0,"P"," ","0",0,"P"," ","0",0,"P"," ","0",0,"P"," ","0",0,"P"," ","0",0,"P"," ","0",0,"P"," ","0",0,"P"," ","0",0,"P"," ","0",0,"P"," ","0",0,"P"," ","0",0,"P"," ","0",0,"P"," ","0",0,"P"," ","0",NA," "," "," "
"2389","USC00359461",2002,5,"TMAX",139," "," ","0",178," "," ","0",161," "," ","0",183," "," ","0",172," "," ","0",156," "," ","0",139," "," ","0",156," "," ","0",194," "," ","0",133," "," ","0",167," "," ","0",228," "," ","0",278," "," ","0",150," "," ","0",194," "," ","0",211," "," ","0",261," "," ","0",200," "," ","0",161," "," ","0",183," "," ","0",172," "," ","0",167," "," ","0",183," "," ","0",217," "," ","0",267," "," ","0",256," "," ","0",256," "," ","0",189," "," ","0",222," "," ","0",244," "," ","0",228," "," ","0"
"2390","USC00359461",2002,5,"TMIN",78," "," ","0",-11," "," ","0",56," "," ","0",22," "," ","0",28," "," ","0",33," "," ","0",11," "," ","0",0," "," ","0",0," "," ","0",61," "," ","0",33," "," ","0",39," "," ","0",67," "," ","0",50," "," ","0",44," "," ","0",67," "," ","0",89," ","I","0",94," "," ","0",83," "," ","0",83," "," ","0",83," "," ","0",67," "," ","0",44," "," ","0",44," "," ","0",78," "," ","0",106," "," ","0",122," "," ","0",122," "," ","0",122," "," ","0",139," "," ","0",83," "," ","0"
"2391","USC00359461",2002,5,"TOBS",78," "," ","0",50," "," ","0",67," "," ","0",28," "," ","0",56," "," ","0",61," "," ","0",22," "," ","0",6," "," ","0",78," "," ","0",67," "," ","0",39," "," ","0",67," "," ","0",106," "," ","0",50," "," ","0",61," "," ","0",72," ","I","0",94," "," ","0",100," "," ","0",94," "," ","0",89," "," ","0",122," "," ","0",89," "," ","0",44," "," ","0",78," "," ","0",106," "," ","0",122," "," ","0",122," "," ","0",122," "," ","0",150," "," ","0",139," "," ","0",100," "," ","0"
"2392","USC00359461",2002,5,"PRCP",0," "," ","0",0," "," ","0",3," "," ","0",0," "," ","0",0," "," ","0",0," "," ","0",0," "," ","0",0," "," ","0",0," "," ","0",0,"T"," ","0",0," "," ","0",0," "," ","0",0," "," ","0",0," "," ","0",0," "," ","0",0," "," ","0",30," "," ","0",0," "," ","0",10," "," ","0",201," "," ","0",3," "," ","0",0," "," ","0",0," "," ","0",0," "," ","0",0," "," ","0",0," "," ","0",0," "," ","0",71," "," ","0",10," "," ","0",0," "," ","0",0," "," ","0"
"2393","USC00359461",2002,5,"SNOW",0,"P"," ","0",0,"P"," ","0",0,"P"," ","0",0,"P"," ","0",0,"P"," ","0",0,"P"," ","0",0,"P"," ","0",0,"P"," ","0",0,"P"," ","0",0,"P"," ","0",0,"P"," ","0",0,"P"," ","0",0,"P"," ","0",0,"P"," ","0",0,"P"," ","0",0,"P"," ","0",0,"P"," ","0",0,"P"," ","0",0,"P"," ","0",0,"P"," ","0",0,"P"," ","0",0,"P"," ","0",0,"P"," ","0",0,"P"," ","0",0,"P"," ","0",0,"P"," ","0",0,"P"," ","0",0,"P"," ","0",0,"P"," ","0",0,"P"," ","0",0,"P"," ","0"
"2394","USC00359461",2002,5,"SNWD",0,"P"," ","0",0,"P"," ","0",0,"P"," ","0",0,"P"," ","0",0,"P"," ","0",0,"P"," ","0",0,"P"," ","0",0,"P"," ","0",0,"P"," ","0",0,"P"," ","0",0,"P"," ","0",0,"P"," ","0",0,"P"," ","0",0,"P"," ","0",0,"P"," ","0",0,"P"," ","0",0,"P"," ","0",0,"P"," ","0",0,"P"," ","0",0,"P"," ","0",0,"P"," ","0",0,"P"," ","0",0,"P"," ","0",0,"P"," ","0",0,"P"," ","0",0,"P"," ","0",0,"P"," ","0",0,"P"," ","0",0,"P"," ","0",0,"P"," ","0",0,"P"," ","0"
"2395","USC00359461",2002,6,"TMAX",228," "," ","0",217," "," ","0",228," "," ","0",250," "," ","0",283," "," ","0",239," "," ","0",206," "," ","0",183," "," ","0",150," "," ","0",211," "," ","0",261," "," ","0",289," "," ","0",328," "," ","0",311," "," ","0",222," "," ","0",267," "," ","0",244," "," ","0",228," "," ","0",200," "," ","0",244," "," ","0",267," "," ","0",244," "," ","0",206," "," ","0",250," "," ","0",278," "," ","0",333," "," ","0",339," "," ","0",256," "," ","0",250," "," ","0",239," "," ","0",NA," "," "," "
"2396","USC00359461",2002,6,"TMIN",94," "," ","0",94," "," ","0",89," "," ","0",150," ","I","0",150," "," ","0",106," "," ","0",83," "," ","0",50," "," ","0",72," "," ","0",72," "," ","0",72," "," ","0",78," "," ","0",167," ","I","0",117," "," ","0",111," "," ","0",100," "," ","0",111," "," ","0",128," "," ","0",83," "," ","0",94," "," ","0",100," "," ","0",128," "," ","0",94," "," ","0",100," "," ","0",122," "," ","0",117," "," ","0",139," "," ","0",139," "," ","0",139," "," ","0",144," "," ","0",NA," "," "," "
"2397","USC00359461",2002,6,"TOBS",100," "," ","0",106," "," ","0",89," ","I","0",150," "," ","0",156," "," ","0",106," "," ","0",94," "," ","0",78," "," ","0",94," "," ","0",72," "," ","0",106," "," ","0",128," ","I","0",167," "," ","0",122," "," ","0",128," "," ","0",117," "," ","0",122," "," ","0",133," "," ","0",106," "," ","0",100," "," ","0",133," "," ","0",128," "," ","0",100," "," ","0",144," "," ","0",122," "," ","0",150," "," ","0",150," "," ","0",144," "," ","0",172," "," ","0",144," "," ","0",NA," "," "," "
"2398","USC00359461",2002,6,"PRCP",0," "," ","0",0," "," ","0",0," "," ","0",0," "," ","0",0," "," ","0",0," "," ","0",0," "," ","0",0," "," ","0",25," "," ","0",0," "," ","0",0," "," ","0",0," "," ","0",0," "," ","0",0," "," ","0",0," "," ","0",0," "," ","0",0," "," ","0",38," "," ","0",0," "," ","0",0," "," ","0",0," "," ","0",0," "," ","0",0," "," ","0",0," "," ","0",0," "," ","0",0," "," ","0",0," "," ","0",0," "," ","0",0," "," ","0",0," "," ","0",NA," "," "," "
"2399","USC00359461",2002,6,"SNOW",0,"P"," ","0",0,"P"," ","0",0,"P"," ","0",0,"P"," ","0",0,"P"," ","0",0,"P"," ","0",0,"P"," ","0",0,"P"," ","0",0,"P"," ","0",0,"P"," ","0",0,"P"," ","0",0,"P"," ","0",0,"P"," ","0",0,"P"," ","0",0,"P"," ","0",0,"P"," ","0",0,"P"," ","0",0,"P"," ","0",0,"P"," ","0",0,"P"," ","0",0,"P"," ","0",0,"P"," ","0",0,"P"," ","0",0,"P"," ","0",0,"P"," ","0",0,"P"," ","0",0,"P"," ","0",0,"P"," ","0",0,"P"," ","0",0,"P"," ","0",NA," "," "," "
"2400","USC00359461",2002,6,"SNWD",0,"P"," ","0",0,"P"," ","0",0,"P"," ","0",0,"P"," ","0",0,"P"," ","0",0,"P"," ","0",0,"P"," ","0",0,"P"," ","0",0,"P"," ","0",0,"P"," ","0",0,"P"," ","0",0,"P"," ","0",0,"P"," ","0",0,"P"," ","0",0,"P"," ","0",0,"P"," ","0",0,"P"," ","0",0,"P"," ","0",0,"P"," ","0",0,"P"," ","0",0,"P"," ","0",0,"P"," ","0",0,"P"," ","0",0,"P"," ","0",0,"P"," ","0",0,"P"," ","0",0,"P"," ","0",0,"P"," ","0",0,"P"," ","0",0,"P"," ","0",NA," "," "," "
"2401","USC00359461",2002,7,"TMAX",267," "," ","0",261," "," ","0",283," "," ","0",239," "," ","0",244," "," ","0",283," "," ","0",300," "," ","0",256," "," ","0",289," "," ","0",356," "," ","0",361," "," ","0",344," "," ","0",333," "," ","0",317," "," ","0",283," "," ","0",306," "," ","0",311," "," ","0",300," "," ","0",283," "," ","0",261," "," ","0",300," "," ","0",339," "," ","0",333," "," ","0",328," "," ","0",300," "," ","0",300," "," ","0",300," "," ","0",300," "," ","0",322," "," ","0",311," "," ","0",333," "," ","0"
"2402","USC00359461",2002,7,"TMIN",133," "," ","0",106," "," ","0",111," "," ","0",106," "," ","0",117," "," ","0",117," "," ","0",111," "," ","0",117," "," ","0",117," "," ","0",139," ","I","0",161," ","I","0",178," "," ","0",178," "," ","0",117," "," ","0",150," ","I","0",183," ","I","0",133," "," ","0",144," "," ","0",139," "," ","0",150," ","I","0",144," "," ","0",144," "," ","0",156," "," ","0",139," "," ","0",139," "," ","0",161," ","I","0",133," "," ","0",161," ","I","0",194," ","I","0",200," ","I","0",128," "," ","0"
"2403","USC00359461",2002,7,"TOBS",139," "," ","0",133," "," ","0",106," "," ","0",111," "," ","0",106," ","I","0",117," "," ","0",150," "," ","0",117," "," ","0",128," ","I","0",139," ","I","0",183," "," ","0",206," "," ","0",183," "," ","0",128," ","I","0",150," "," ","0",144," "," ","0",144," "," ","0",150," "," ","0",139," ","I","0",150," "," ","0",156," "," ","0",167," "," ","0",167," "," ","0",139," "," ","0",139," "," ","0",139," "," ","0",139," "," ","0",139," ","I","0",139," ","I","0",139," "," ","0",128," "," ","0"
"2404","USC00359461",2002,7,"PRCP",0," "," ","0",0," "," ","0",0," "," ","0",0," "," ","0",0," "," ","0",0," "," ","0",0," "," ","0",0," "," ","0",0," "," ","0",0," "," ","0",0," "," ","0",0," "," ","0",0," "," ","0",0," "," ","0",0," "," ","0",0," "," ","0",0," "," ","0",0," "," ","0",0," "," ","0",0," "," ","0",0," "," ","0",0," "," ","0",0," "," ","0",0," "," ","0",0," "," ","0",0," "," ","0",0," "," ","0",0," "," ","0",0," "," ","0",0," "," ","0",0," "," ","0"
"2405","USC00359461",2002,7,"SNOW",0,"P"," ","0",0,"P"," ","0",0,"P"," ","0",0,"P"," ","0",0,"P"," ","0",0,"P"," ","0",0,"P"," ","0",0,"P"," ","0",0,"P"," ","0",0,"P"," ","0",0,"P"," ","0",0,"P"," ","0",0,"P"," ","0",0,"P"," ","0",0,"P"," ","0",0,"P"," ","0",0,"P"," ","0",0,"P"," ","0",0,"P"," ","0",0,"P"," ","0",0,"P"," ","0",0,"P"," ","0",0,"P"," ","0",0,"P"," ","0",0,"P"," ","0",0,"P"," ","0",0,"P"," ","0",0,"P"," ","0",0,"P"," ","0",0,"P"," ","0",0,"P"," ","0"
"2406","USC00359461",2002,7,"SNWD",0,"P"," ","0",0,"P"," ","0",0,"P"," ","0",0,"P"," ","0",0,"P"," ","0",0,"P"," ","0",0,"P"," ","0",0,"P"," ","0",0,"P"," ","0",0,"P"," ","0",0,"P"," ","0",0,"P"," ","0",0,"P"," ","0",0,"P"," ","0",0,"P"," ","0",0,"P"," ","0",0,"P"," ","0",0,"P"," ","0",0,"P"," ","0",0,"P"," ","0",0,"P"," ","0",0,"P"," ","0",0,"P"," ","0",0,"P"," ","0",0,"P"," ","0",0,"P"," ","0",0,"P"," ","0",0,"P"," ","0",0,"P"," ","0",0,"P"," ","0",0,"P"," ","0"
"2407","USC00359461",2002,8,"TMAX",278," "," ","0",306," "," ","0",256," "," ","0",261," "," ","0",239," "," ","0",211," "," ","0",233," "," ","0",272," "," ","0",272," "," ","0",333," "," ","0",328," "," ","0",322," "," ","0",356," "," ","0",400," "," ","0",378," "," ","0",350," "," ","0",328," "," ","0",317," "," ","0",283," "," ","0",261," "," ","0",228," "," ","0",239," "," ","0",300," "," ","0",294," "," ","0",289," "," ","0",250," "," ","0",278," "," ","0",300," "," ","0",339," "," ","0",283," "," ","0",261," "," ","0"
"2408","USC00359461",2002,8,"TMIN",111," "," ","0",106," "," ","0",117," "," ","0",106," "," ","0",106," "," ","0",89," "," ","0",89," "," ","0",94," "," ","0",106," "," ","0",167," ","I","0",161," "," ","0",133," "," ","0",156," ","I","0",167," "," ","0",128," "," ","0",117," "," ","0",117," "," ","0",117," "," ","0",111," "," ","0",106," "," ","0",94," "," ","0",94," "," ","0",122," ","I","0",117," "," ","0",117," "," ","0",139," "," ","0",139," "," ","0",122," "," ","0",150," ","I","0",111," "," ","0",117," "," ","0"
"2409","USC00359461",2002,8,"TOBS",111," "," ","0",128," "," ","0",117," "," ","0",144," "," ","0",111," "," ","0",89," "," ","0",94," "," ","0",111," "," ","0",128," ","I","0",167," "," ","0",167," "," ","0",139," ","I","0",161," "," ","0",172," "," ","0",128," "," ","0",117," "," ","0",117," "," ","0",117," "," ","0",111," "," ","0",144," "," ","0",94," "," ","0",106," ","I","0",122," "," ","0",122," "," ","0",144," "," ","0",167," "," ","0",133," "," ","0",133," ","I","0",161," "," ","0",111," "," ","0",117," "," ","0"
"2410","USC00359461",2002,8,"PRCP",0," "," ","0",0," "," ","0",0," "," ","0",0," "," ","0",0," "," ","0",18," "," ","0",0," "," ","0",0," "," ","0",0," "," ","0",0," "," ","0",0," "," ","0",0," "," ","0",0," "," ","0",0," "," ","0",0," "," ","0",0," "," ","0",0," "," ","0",0," "," ","0",0," "," ","0",0,"T"," ","0",3," "," ","0",0," "," ","0",0," "," ","0",0," "," ","0",0," "," ","0",0," "," ","0",0," "," ","0",0," "," ","0",0," "," ","0",0," "," ","0",0," "," ","0"
"2411","USC00359461",2002,8,"SNOW",0,"P"," ","0",0,"P"," ","0",0,"P"," ","0",0,"P"," ","0",0,"P"," ","0",0,"P"," ","0",0,"P"," ","0",0,"P"," ","0",0,"P"," ","0",0,"P"," ","0",0,"P"," ","0",0,"P"," ","0",0,"P"," ","0",0,"P"," ","0",0,"P"," ","0",0,"P"," ","0",0,"P"," ","0",0,"P"," ","0",0,"P"," ","0",0,"P"," ","0",0,"P"," ","0",0,"P"," ","0",0,"P"," ","0",0,"P"," ","0",0,"P"," ","0",0,"P"," ","0",0,"P"," ","0",0,"P"," ","0",0,"P"," ","0",0,"P"," ","0",0,"P"," ","0"
"2412","USC00359461",2002,8,"SNWD",0,"P"," ","0",0,"P"," ","0",0,"P"," ","0",0,"P"," ","0",0,"P"," ","0",0,"P"," ","0",0,"P"," ","0",0,"P"," ","0",0,"P"," ","0",0,"P"," ","0",0,"P"," ","0",0,"P"," ","0",0,"P"," ","0",0,"P"," ","0",0,"P"," ","0",0,"P"," ","0",0,"P"," ","0",0,"P"," ","0",0,"P"," ","0",0,"P"," ","0",0,"P"," ","0",0,"P"," ","0",0,"P"," ","0",0,"P"," ","0",0,"P"," ","0",0,"P"," ","0",0,"P"," ","0",0,"P"," ","0",0,"P"," ","0",0,"P"," ","0",0,"P"," ","0"
"2413","USC00359461",2002,9,"TMAX",289," "," ","0",311," "," ","0",317," "," ","0",233," "," ","0",239," "," ","0",233," "," ","0",222," "," ","0",233," "," ","0",261," "," ","0",306," "," ","0",272," "," ","0",328," "," ","0",328," "," ","0",339," "," ","0",256," "," ","0",233," "," ","0",239," "," ","0",206," "," ","0",239," "," ","0",283," "," ","0",217," "," ","0",272," "," ","0",311," "," ","0",311," "," ","0",294," "," ","0",289," "," ","0",272," "," ","0",228," "," ","0",261," "," ","0",183," "," ","0",NA," "," "," "
"2414","USC00359461",2002,9,"TMIN",106," "," ","0",128," "," ","0",133," "," ","0",78," "," ","0",78," "," ","0",50," "," ","0",50," "," ","0",67," "," ","0",67," "," ","0",100," ","I","0",100," "," ","0",111," "," ","0",111," "," ","0",106," "," ","0",111," "," ","0",106," "," ","0",106," "," ","0",139," "," ","0",89," "," ","0",111," ","I","0",83," "," ","0",83," "," ","0",83," "," ","0",83," "," ","0",83," "," ","0",83," "," ","0",83," "," ","0",89," "," ","0",78," "," ","0",94," "," ","0",NA," "," "," "
"2415","USC00359461",2002,9,"TOBS",133," "," ","0",144," "," ","0",172," "," ","0",78," "," ","0",78," "," ","0",83," "," ","0",94," "," ","0",72," "," ","0",83," ","I","0",106," "," ","0",117," "," ","0",117," "," ","0",128," "," ","0",128," "," ","0",144," "," ","0",117," "," ","0",150," "," ","0",150," "," ","0",89," ","I","0",139," "," ","0",83," "," ","0",89," "," ","0",94," "," ","0",83," "," ","0",89," "," ","0",89," "," ","0",139," "," ","0",89," "," ","0",133," "," ","0",94," "," ","0",NA," "," "," "
"2416","USC00359461",2002,9,"PRCP",0," "," ","0",0," "," ","0",0," "," ","0",3," "," ","0",0," "," ","0",0," "," ","0",0," "," ","0",0," "," ","0",0," "," ","0",0," "," ","0",0," "," ","0",0," "," ","0",0," "," ","0",0," "," ","0",0," "," ","0",0," "," ","0",61," "," ","0",86," "," ","0",0," "," ","0",0," "," ","0",0," "," ","0",0," "," ","0",0," "," ","0",0," "," ","0",0," "," ","0",0," "," ","0",0," "," ","0",0," "," ","0",3," "," ","0",13," "," ","0",NA," "," "," "
"2417","USC00359461",2002,9,"SNOW",0,"P"," ","0",0,"P"," ","0",0,"P"," ","0",0,"P"," ","0",0,"P"," ","0",0,"P"," ","0",0,"P"," ","0",0,"P"," ","0",0,"P"," ","0",0,"P"," ","0",0,"P"," ","0",0,"P"," ","0",0,"P"," ","0",0,"P"," ","0",0,"P"," ","0",0,"P"," ","0",0,"P"," ","0",0,"P"," ","0",0,"P"," ","0",0,"P"," ","0",0,"P"," ","0",0,"P"," ","0",0,"P"," ","0",0,"P"," ","0",0,"P"," ","0",0,"P"," ","0",0,"P"," ","0",0,"P"," ","0",0,"P"," ","0",0,"P"," ","0",NA," "," "," "
"2418","USC00359461",2002,9,"SNWD",0,"P"," ","0",0,"P"," ","0",0,"P"," ","0",0,"P"," ","0",0,"P"," ","0",0,"P"," ","0",0,"P"," ","0",0,"P"," ","0",0,"P"," ","0",0,"P"," ","0",0,"P"," ","0",0,"P"," ","0",0,"P"," ","0",0,"P"," ","0",0,"P"," ","0",0,"P"," ","0",0,"P"," ","0",0,"P"," ","0",0,"P"," ","0",0,"P"," ","0",0,"P"," ","0",0,"P"," ","0",0,"P"," ","0",0,"P"," ","0",0,"P"," ","0",0,"P"," ","0",0,"P"," ","0",0,"P"," ","0",0,"P"," ","0",0,"P"," ","0",NA," "," "," "
"2419","USC00359461",2002,10,"TMAX",167," "," ","0",156," "," ","0",189," "," ","0",122," "," ","0",172," "," ","0",183," "," ","0",194," "," ","0",211," "," ","0",194," "," ","0",172," "," ","0",172," "," ","0",161," "," ","0",200," "," ","0",233," "," ","0",222," "," ","0",239," "," ","0",256," "," ","0",267," "," ","0",183," "," ","0",222," "," ","0",183," "," ","0",189," "," ","0",200," "," ","0",178," "," ","0",128," "," ","0",156," "," ","0",144," "," ","0",150," "," ","0",161," "," ","0",144," "," ","0",128," "," ","0"
"2420","USC00359461",2002,10,"TMIN",83," "," ","0",33," "," ","0",28," "," ","0",56," "," ","0",117," "," ","0",94," "," ","0",94," "," ","0",94," "," ","0",72," "," ","0",61," "," ","0",33," "," ","0",11," "," ","0",11," "," ","0",17," "," ","0",17," "," ","0",28," "," ","0",28," "," ","0",33," "," ","0",28," "," ","0",28," "," ","0",28," "," ","0",28," "," ","0",28," "," ","0",78," ","I","0",50," "," ","0",6," "," ","0",22," ","I","0",22," "," ","0",6," "," ","0",-22," "," ","0",-61," "," ","0"
"2421","USC00359461",2002,10,"TOBS",83," "," ","0",33," "," ","0",56," "," ","0",111," "," ","0",122," "," ","0",128," "," ","0",111," "," ","0",94," "," ","0",89," "," ","0",61," "," ","0",33," "," ","0",11," "," ","0",22," "," ","0",22," "," ","0",28," "," ","0",39," "," ","0",94," "," ","0",89," "," ","0",56," "," ","0",111," "," ","0",106," "," ","0",106," "," ","0",56," ","I","0",83," "," ","0",56," "," ","0",11," ","I","0",33," "," ","0",78," "," ","0",44," "," ","0",-22," "," ","0",-56," "," ","0"
"2422","USC00359461",2002,10,"PRCP",64," "," ","0",0," "," ","0",0," "," ","0",155," "," ","0",0," "," ","0",0," "," ","0",3," "," ","0",3," "," ","0",0," "," ","0",0," "," ","0",0," "," ","0",0," "," ","0",0," "," ","0",0," "," ","0",0," "," ","0",0," "," ","0",0," "," ","0",0," "," ","0",0," "," ","0",0," "," ","0",0," "," ","0",0," "," ","0",0," "," ","0",0," "," ","0",0," "," ","0",0," "," ","0",0," "," ","0",3," "," ","0",0," "," ","0",0," "," ","0",0," "," ","0"
"2423","USC00359461",2002,10,"SNOW",0,"P"," ","0",0,"P"," ","0",0,"P"," ","0",0,"P"," ","0",0,"P"," ","0",0,"P"," ","0",0,"P"," ","0",0,"P"," ","0",0,"P"," ","0",0,"P"," ","0",0,"P"," ","0",0,"P"," ","0",0,"P"," ","0",0,"P"," ","0",0,"P"," ","0",0,"P"," ","0",0,"P"," ","0",0,"P"," ","0",0,"P"," ","0",0,"P"," ","0",0,"P"," ","0",0,"P"," ","0",0,"P"," ","0",0,"P"," ","0",0,"P"," ","0",0,"P"," ","0",0,"P"," ","0",0,"P"," ","0",0,"P"," ","0",0,"P"," ","0",0,"P"," ","0"
"2424","USC00359461",2002,10,"SNWD",0,"P"," ","0",0,"P"," ","0",0,"P"," ","0",0,"P"," ","0",0,"P"," ","0",0,"P"," ","0",0,"P"," ","0",0,"P"," ","0",0,"P"," ","0",0,"P"," ","0",0,"P"," ","0",0,"P"," ","0",0,"P"," ","0",0,"P"," ","0",0,"P"," ","0",0,"P"," ","0",0,"P"," ","0",0,"P"," ","0",0,"P"," ","0",0,"P"," ","0",0,"P"," ","0",0,"P"," ","0",0,"P"," ","0",0,"P"," ","0",0,"P"," ","0",0,"P"," ","0",0,"P"," ","0",0,"P"," ","0",0,"P"," ","0",0,"P"," ","0",0,"P"," ","0"
"2425","USC00359461",2002,11,"TMAX",133," "," ","0",150," "," ","0",172," "," ","0",178," "," ","0",183," "," ","0",211," "," ","0",150," "," ","0",156," "," ","0",117," "," ","0",94," "," ","0",106," "," ","0",117," "," ","0",172," "," ","0",128," "," ","0",161," "," ","0",161," "," ","0",172," "," ","0",150," "," ","0",111," "," ","0",172," "," ","0",122," "," ","0",106," "," ","0",117," "," ","0",122," "," ","0",133," "," ","0",94," "," ","0",72," "," ","0",72," "," ","0",83," "," ","0",56," "," ","0",NA," "," "," "
"2426","USC00359461",2002,11,"TMIN",-67," "," ","0",-67," "," ","0",-22," ","I","0",-28," "," ","0",28," ","I","0",22," "," ","0",44," "," ","0",50," "," ","0",72," "," ","0",67," "," ","0",56," "," ","0",50," "," ","0",44," "," ","0",44," "," ","0",39," "," ","0",11," "," ","0",11," "," ","0",11," "," ","0",11," "," ","0",11," "," ","0",11," "," ","0",61," "," ","0",78," "," ","0",72," "," ","0",33," "," ","0",6," "," ","0",6," "," ","0",11," "," ","0",11," "," ","0",17," "," ","0",NA," "," "," "
"2427","USC00359461",2002,11,"TOBS",-61," "," ","0",-50," ","I","0",-22," "," ","0",-17," ","I","0",33," "," ","0",61," "," ","0",106," "," ","0",78," "," ","0",83," "," ","0",67," "," ","0",56," "," ","0",72," "," ","0",50," "," ","0",94," "," ","0",67," "," ","0",17," "," ","0",61," "," ","0",39," "," ","0",78," "," ","0",56," "," ","0",61," "," ","0",78," "," ","0",89," "," ","0",83," "," ","0",33," "," ","0",6," "," ","0",11," "," ","0",22," "," ","0",28," "," ","0",39," "," ","0",NA," "," "," "
"2428","USC00359461",2002,11,"PRCP",0," "," ","0",0," "," ","0",0," "," ","0",0," "," ","0",0," "," ","0",0," "," ","0",30," "," ","0",318," "," ","0",305," "," ","0",249," "," ","0",76," "," ","0",3," "," ","0",28," "," ","0",18," "," ","0",3," "," ","0",0," "," ","0",33," "," ","0",0," "," ","0",3," "," ","0",0," "," ","0",3," "," ","0",3," "," ","0",3," "," ","0",89," "," ","0",3," "," ","0",3," "," ","0",3," "," ","0",0,"T"," ","0",3," "," ","0",5," "," ","0",NA," "," "," "
"2429","USC00359461",2002,11,"SNOW",0,"P"," ","0",0,"P"," ","0",0,"P"," ","0",0,"P"," ","0",0,"P"," ","0",0,"P"," ","0",0,"P"," ","0",0,"P"," ","0",0,"P"," ","0",0,"P"," ","0",0,"P"," ","0",0,"P"," ","0",0,"P"," ","0",0,"P"," ","0",0,"P"," ","0",0,"P"," ","0",0,"P"," ","0",0,"P"," ","0",0,"P"," ","0",0,"P"," ","0",0,"P"," ","0",0,"P"," ","0",0,"P"," ","0",0,"P"," ","0",0,"P"," ","0",0,"P"," ","0",0,"P"," ","0",0,"P"," ","0",0,"P"," ","0",0,"P"," ","0",NA," "," "," "
"2430","USC00359461",2002,11,"SNWD",0,"P"," ","0",0,"P"," ","0",0,"P"," ","0",0,"P"," ","0",0,"P"," ","0",0,"P"," ","0",0,"P"," ","0",0,"P"," ","0",0,"P"," ","0",0,"P"," ","0",0,"P"," ","0",0,"P"," ","0",0,"P"," ","0",0,"P"," ","0",0,"P"," ","0",0,"P"," ","0",0,"P"," ","0",0,"P"," ","0",0,"P"," ","0",0,"P"," ","0",0,"P"," ","0",0,"P"," ","0",0,"P"," ","0",0,"P"," ","0",0,"P"," ","0",0,"P"," ","0",0,"P"," ","0",0,"P"," ","0",0,"P"," ","0",0,"P"," ","0",NA," "," "," "
"2431","USC00359461",2002,12,"TMAX",56," "," ","0",72," "," ","0",61," "," ","0",61," "," ","0",72," "," ","0",83," "," ","0",72," "," ","0",72," "," ","0",72," "," ","0",106," "," ","0",111," "," ","0",150," "," ","0",178," "," ","0",150," "," ","0",150," "," ","0",128," "," ","0",94," "," ","0",94," "," ","0",117," "," ","0",122," "," ","0",111," "," ","0",94," "," ","0",83," "," ","0",89," "," ","0",89," "," ","0",128," "," ","0",111," "," ","0",122," "," ","0",72," "," ","0",89," "," ","0",100," "," ","0"
"2432","USC00359461",2002,12,"TMIN",33," "," ","0",33," "," ","0",33," "," ","0",28," "," ","0",44," "," ","0",61," "," ","0",50," "," ","0",39," "," ","0",33," "," ","0",39," "," ","0",39," "," ","0",50," "," ","0",50," "," ","0",44," "," ","0",44," "," ","0",44," "," ","0",39," "," ","0",6," "," ","0",6," "," ","0",28," "," ","0",67," "," ","0",33," "," ","0",33," "," ","0",17," "," ","0",33," "," ","0",17," "," ","0",11," "," ","0",56," "," ","0",28," "," ","0",28," "," ","0",61," "," ","0"
"2433","USC00359461",2002,12,"TOBS",39," "," ","0",50," "," ","0",39," "," ","0",61," "," ","0",72," "," ","0",61," "," ","0",50," "," ","0",39," "," ","0",44," "," ","0",50," "," ","0",56," "," ","0",139," "," ","0",61," "," ","0",133," "," ","0",61," "," ","0",56," "," ","0",50," "," ","0",6," "," ","0",111," "," ","0",83," "," ","0",72," "," ","0",44," "," ","0",33," "," ","0",39," "," ","0",33," "," ","0",72," "," ","0",111," "," ","0",56," "," ","0",28," "," ","0",72," "," ","0",61," "," ","0"
"2434","USC00359461",2002,12,"PRCP",0,"T"," ","0",0," "," ","0",0," "," ","0",18," "," ","0",3," "," ","0",3," "," ","0",3," "," ","0",3," "," ","0",0," "," ","0",71," "," ","0",41," "," ","0",5," "," ","0",178," "," ","0",114," "," ","0",292," "," ","0",330," "," ","0",58," "," ","0",36," "," ","0",18," "," ","0",3," "," ","0",71," "," ","0",33," "," ","0",3," "," ","0",13," "," ","0",13," "," ","0",43," "," ","0",361," "," ","0",216," "," ","0",259," "," ","0",135," "," ","0",488," "," ","0"
"2435","USC00359461",2002,12,"SNOW",0,"P"," ","0",0,"P"," ","0",0,"P"," ","0",0,"P"," ","0",0,"P"," ","0",0,"P"," ","0",0,"P"," ","0",0,"P"," ","0",0,"P"," ","0",0,"P"," ","0",0,"P"," ","0",0,"P"," ","0",0,"P"," ","0",0,"P"," ","0",0,"P"," ","0",0,"P"," ","0",0,"P"," ","0",0,"P"," ","0",0,"P"," ","0",0,"P"," ","0",0,"P"," ","0",0,"P"," ","0",0,"P"," ","0",0,"P"," ","0",0,"P"," ","0",0,"P"," ","0",0,"P"," ","0",0,"P"," ","0",0,"P"," ","0",0,"P"," ","0",0,"P"," ","0"
"2436","USC00359461",2002,12,"SNWD",0,"P"," ","0",0,"P"," ","0",0,"P"," ","0",0,"P"," ","0",0,"P"," ","0",0,"P"," ","0",0,"P"," ","0",0,"P"," ","0",0,"P"," ","0",0,"P"," ","0",0,"P"," ","0",0,"P"," ","0",0,"P"," ","0",0,"P"," ","0",0,"P"," ","0",0,"P"," ","0",0,"P"," ","0",0,"P"," ","0",0,"P"," ","0",0,"P"," ","0",0,"P"," ","0",0,"P"," ","0",0,"P"," ","0",0,"P"," ","0",0,"P"," ","0",0,"P"," ","0",0,"P"," ","0",0,"P"," ","0",0,"P"," ","0",0,"P"," ","0",0,"P"," ","0"
"2437","USC00359461",2003,1,"TMAX",106," "," ","0",144," "," ","0",139," "," ","0",122," "," ","0",150," "," ","0",133," "," ","0",111," "," ","0",83," "," ","0",61," "," ","0",50," "," ","0",61," "," ","0",117," "," ","0",117," "," ","0",100," "," ","0",128," "," ","0",122," "," ","0",111," "," ","0",61," "," ","0",61," "," ","0",61," "," ","0",72," "," ","0",167," "," ","0",172," "," ","0",144," "," ","0",122," "," ","0",144," "," ","0",150," "," ","0",139," "," ","0",117," "," ","0",133," "," ","0",167," "," ","0"
"2438","USC00359461",2003,1,"TMIN",56," "," ","0",56," "," ","0",78," "," ","0",72," "," ","0",72," "," ","0",28," "," ","0",22," "," ","0",6," "," ","0",0," "," ","0",6," "," ","0",0," "," ","0",0," "," ","0",0," "," ","0",0," "," ","0",-6," "," ","0",-6," "," ","0",22," "," ","0",33," "," ","0",28," "," ","0",39," "," ","0",39," "," ","0",56," "," ","0",56," "," ","0",89," ","I","0",83," "," ","0",111," ","I","0",94," "," ","0",50," "," ","0",50," "," ","0",61," "," ","0",106," "," ","0"
"2439","USC00359461",2003,1,"TOBS",83," "," ","0",111," "," ","0",83," "," ","0",94," "," ","0",78," "," ","0",28," "," ","0",22," "," ","0",6," "," ","0",6," "," ","0",28," "," ","0",44," "," ","0",89," "," ","0",61," "," ","0",83," "," ","0",50," "," ","0",39," "," ","0",39," "," ","0",33," "," ","0",44," "," ","0",44," "," ","0",56," "," ","0",78," "," ","0",61," ","I","0",94," "," ","0",100," ","I","0",106," "," ","0",100," "," ","0",61," "," ","0",72," "," ","0",122," "," ","0",106," "," ","0"
"2440","USC00359461",2003,1,"PRCP",25," "," ","0",5," "," ","0",338," "," ","0",48," "," ","0",76," "," ","0",3," "," ","0",3," "," ","0",3," "," ","0",3," "," ","0",0,"T"," ","0",5," "," ","0",20," "," ","0",51," "," ","0",203," "," ","0",13," "," ","0",3," "," ","0",3," "," ","0",0,"T"," ","0",0,"T"," ","0",3," "," ","0",13," "," ","0",5," "," ","0",84," "," ","0",13," "," ","0",102," "," ","0",13," "," ","0",234," "," ","0",0,"T"," ","0",0," "," ","0",36," "," ","0",41," "," ","0"
"2441","USC00359461",2003,1,"SNOW",0,"P"," ","0",0,"P"," ","0",0,"P"," ","0",0,"P"," ","0",0,"P"," ","0",0,"P"," ","0",0,"P"," ","0",0,"P"," ","0",0,"P"," ","0",0,"P"," ","0",0,"P"," ","0",0,"P"," ","0",0,"P"," ","0",0,"P"," ","0",0,"P"," ","0",0,"P"," ","0",0,"P"," ","0",0,"P"," ","0",0,"P"," ","0",0,"P"," ","0",0,"P"," ","0",0,"P"," ","0",0,"P"," ","0",0,"P"," ","0",0,"P"," ","0",0,"P"," ","0",0,"P"," ","0",0,"P"," ","0",0,"P"," ","0",0,"P"," ","0",0,"P"," ","0"
"2442","USC00359461",2003,1,"SNWD",0,"P"," ","0",0,"P"," ","0",0,"P"," ","0",0,"P"," ","0",0,"P"," ","0",0,"P"," ","0",0,"P"," ","0",0,"P"," ","0",0,"P"," ","0",0,"P"," ","0",0,"P"," ","0",0,"P"," ","0",0,"P"," ","0",0,"P"," ","0",0,"P"," ","0",0,"P"," ","0",0,"P"," ","0",0,"P"," ","0",0,"P"," ","0",0,"P"," ","0",0,"P"," ","0",0,"P"," ","0",0,"P"," ","0",0,"P"," ","0",0,"P"," ","0",0,"P"," ","0",0,"P"," ","0",0,"P"," ","0",0,"P"," ","0",0,"P"," ","0",0,"P"," ","0"
"2443","USC00359461",2003,2,"TMAX",172," "," ","0",117," "," ","0",111," "," ","0",94," "," ","0",72," "," ","0",89," "," ","0",128," "," ","0",122," "," ","0",117," "," ","0",139," "," ","0",117," "," ","0",111," "," ","0",150," "," ","0",106," "," ","0",161," "," ","0",106," "," ","0",106," "," ","0",133," "," ","0",128," "," ","0",117," "," ","0",100," "," ","0",144," "," ","0",117," "," ","0",89," "," ","0",117," "," ","0",139," "," ","0",111," "," ","0",117," "," ","0",NA," "," "," ",NA," "," "," ",NA," "," "," "
"2444","USC00359461",2003,2,"TMIN",67," "," ","0",61," "," ","0",39," "," ","0",6," "," ","0",6," "," ","0",-11," "," ","0",-33," "," ","0",-33," "," ","0",-33," "," ","0",-33," "," ","0",-33," "," ","0",-33," "," ","0",11," "," ","0",50," "," ","0",61," "," ","0",44," "," ","0",44," "," ","0",50," "," ","0",50," "," ","0",61," "," ","0",61," "," ","0",44," "," ","0",11," "," ","0",-17," "," ","0",-33," "," ","0",-6," ","I","0",-11," "," ","0",6," "," ","0",NA," "," "," ",NA," "," "," ",NA," "," "," "
"2445","USC00359461",2003,2,"TOBS",67," "," ","0",67," "," ","0",50," "," ","0",17," "," ","0",6," "," ","0",0," "," ","0",-33," "," ","0",-28," "," ","0",-28," "," ","0",28," "," ","0",6," "," ","0",6," "," ","0",50," "," ","0",72," "," ","0",67," "," ","0",44," "," ","0",56," "," ","0",56," "," ","0",61," "," ","0",67," "," ","0",72," "," ","0",50," "," ","0",11," "," ","0",-17," "," ","0",-33," ","I","0",0," "," ","0",50," "," ","0",22," "," ","0",NA," "," "," ",NA," "," "," ",NA," "," "," "
"2446","USC00359461",2003,2,"PRCP",259," "," ","0",15," "," ","0",5," "," ","0",0," "," ","0",0," "," ","0",0," "," ","0",0," "," ","0",0," "," ","0",0," "," ","0",0," "," ","0",0," "," ","0",0," "," ","0",0," "," ","0",33," "," ","0",0,"T"," ","0",89," "," ","0",97," "," ","0",107," "," ","0",25," "," ","0",5," "," ","0",15," "," ","0",25," "," ","0",0," "," ","0",0," "," ","0",0," "," ","0",0," "," ","0",5," "," ","0",3," "," ","0",NA," "," "," ",NA," "," "," ",NA," "," "," "
"2447","USC00359461",2003,2,"SNOW",0,"P"," ","0",0,"P"," ","0",0,"P"," ","0",0,"P"," ","0",0,"P"," ","0",0,"P"," ","0",0,"P"," ","0",0,"P"," ","0",0,"P"," ","0",0,"P"," ","0",0,"P"," ","0",0,"P"," ","0",0,"P"," ","0",0,"P"," ","0",0,"P"," ","0",0,"P"," ","0",0,"P"," ","0",0,"P"," ","0",0,"P"," ","0",0,"P"," ","0",0,"P"," ","0",0,"P"," ","0",0,"P"," ","0",0,"P"," ","0",0,"P"," ","0",0,"P"," ","0",0,"P"," ","0",0,"P"," ","0",NA," "," "," ",NA," "," "," ",NA," "," "," "
"2448","USC00359461",2003,2,"SNWD",0,"P"," ","0",0,"P"," ","0",0,"P"," ","0",0,"P"," ","0",0,"P"," ","0",0,"P"," ","0",0,"P"," ","0",0,"P"," ","0",0,"P"," ","0",0,"P"," ","0",0,"P"," ","0",0,"P"," ","0",0,"P"," ","0",0,"P"," ","0",0,"P"," ","0",0,"P"," ","0",0,"P"," ","0",0,"P"," ","0",0,"P"," ","0",0,"P"," ","0",0,"P"," ","0",0,"P"," ","0",0,"P"," ","0",0,"P"," ","0",0,"P"," ","0",0,"P"," ","0",0,"P"," ","0",0,"P"," ","0",NA," "," "," ",NA," "," "," ",NA," "," "," "
"2449","USC00359461",2003,3,"TMAX",94," "," ","0",128," "," ","0",117," "," ","0",117," "," ","0",111," "," ","0",122," "," ","0",111," "," ","0",133," "," ","0",167," "," ","0",150," "," ","0",178," "," ","0",189," "," ","0",206," "," ","0",161," "," ","0",183," "," ","0",144," "," ","0",133," "," ","0",128," "," ","0",161," "," ","0",117," "," ","0",156," "," ","0",106," "," ","0",117," "," ","0",117," "," ","0",167," "," ","0",122," "," ","0",111," "," ","0",144," "," ","0",189," "," ","0",233," "," ","0",267," "," ","0"
"2450","USC00359461",2003,3,"TMIN",22," "," ","0",22," "," ","0",33," "," ","0",17," "," ","0",22," "," ","0",61," "," ","0",61," "," ","0",56," "," ","0",56," "," ","0",56," "," ","0",50," "," ","0",50," "," ","0",144," ","I","0",61," "," ","0",72," "," ","0",50," "," ","0",39," "," ","0",22," "," ","0",17," "," ","0",78," ","I","0",72," "," ","0",78," "," ","0",56," "," ","0",11," "," ","0",17," "," ","0",56," "," ","0",28," "," ","0",33," "," ","0",50," "," ","0",44," "," ","0",67," "," ","0"
"2451","USC00359461",2003,3,"TOBS",50," "," ","0",33," "," ","0",50," "," ","0",22," "," ","0",67," "," ","0",72," "," ","0",78," "," ","0",61," "," ","0",89," "," ","0",100," "," ","0",94," "," ","0",78," ","I","0",150," "," ","0",72," "," ","0",72," "," ","0",61," "," ","0",44," "," ","0",22," "," ","0",50," ","I","0",78," "," ","0",89," "," ","0",106," "," ","0",56," "," ","0",17," "," ","0",78," "," ","0",61," "," ","0",28," "," ","0",50," "," ","0",50," "," ","0",67," "," ","0",100," "," ","0"
"2452","USC00359461",2003,3,"PRCP",46," "," ","0",3," "," ","0",41," "," ","0",5," "," ","0",3," "," ","0",20," "," ","0",25," "," ","0",3," "," ","0",46," "," ","0",36," "," ","0",3," "," ","0",0,"T"," ","0",0,"T"," ","0",97," "," ","0",48," "," ","0",51," "," ","0",18," "," ","0",3," "," ","0",0," "," ","0",30," "," ","0",10," "," ","0",74," "," ","0",76," "," ","0",0," "," ","0",86," "," ","0",79," "," ","0",46," "," ","0",0," "," ","0",0," "," ","0",0," "," ","0",0," "," ","0"
"2453","USC00359461",2003,3,"SNOW",0,"P"," ","0",0,"P"," ","0",0,"P"," ","0",0,"P"," ","0",0,"P"," ","0",0,"P"," ","0",0,"P"," ","0",0,"P"," ","0",0,"P"," ","0",0,"P"," ","0",0,"P"," ","0",0,"P"," ","0",0,"P"," ","0",0,"P"," ","0",0,"P"," ","0",0,"P"," ","0",0,"P"," ","0",0,"P"," ","0",0,"P"," ","0",0,"P"," ","0",0,"P"," ","0",0,"P"," ","0",0,"P"," ","0",0,"P"," ","0",0,"P"," ","0",0,"P"," ","0",0,"P"," ","0",0,"P"," ","0",0,"P"," ","0",0,"P"," ","0",0,"P"," ","0"
"2454","USC00359461",2003,3,"SNWD",0,"P"," ","0",0,"P"," ","0",0,"P"," ","0",0,"P"," ","0",0,"P"," ","0",0,"P"," ","0",0,"P"," ","0",0,"P"," ","0",0,"P"," ","0",0,"P"," ","0",0,"P"," ","0",0,"P"," ","0",0,"P"," ","0",0,"P"," ","0",0,"P"," ","0",0,"P"," ","0",0,"P"," ","0",0,"P"," ","0",0,"P"," ","0",0,"P"," ","0",0,"P"," ","0",0,"P"," ","0",0,"P"," ","0",0,"P"," ","0",0,"P"," ","0",0,"P"," ","0",0,"P"," ","0",0,"P"," ","0",0,"P"," ","0",0,"P"," ","0",0,"P"," ","0"
"2455","USC00359461",2003,4,"TMAX",150," "," ","0",122," "," ","0",106," "," ","0",117," "," ","0",106," "," ","0",100," "," ","0",122," "," ","0",178," "," ","0",228," "," ","0",183," "," ","0",150," "," ","0",178," "," ","0",172," "," ","0",150," "," ","0",144," "," ","0",128," "," ","0",150," "," ","0",133," "," ","0",150," "," ","0",200," "," ","0",167," "," ","0",106," "," ","0",144," "," ","0",133," "," ","0",111," "," ","0",133," "," ","0",128," "," ","0",172," "," ","0",161," "," ","0",167," "," ","0",NA," "," "," "
"2456","USC00359461",2003,4,"TMIN",67," "," ","0",22," "," ","0",33," "," ","0",28," "," ","0",28," "," ","0",28," "," ","0",33," "," ","0",28," "," ","0",33," "," ","0",33," "," ","0",56," "," ","0",61," "," ","0",56," "," ","0",56," "," ","0",56," "," ","0",67," "," ","0",56," "," ","0",61," "," ","0",22," "," ","0",22," "," ","0",56," ","I","0",67," "," ","0",72," "," ","0",39," "," ","0",33," "," ","0",22," "," ","0",17," "," ","0",39," "," ","0",61," "," ","0",56," "," ","0",NA," "," "," "
"2457","USC00359461",2003,4,"TOBS",67," "," ","0",28," "," ","0",39," "," ","0",44," "," ","0",39," "," ","0",56," "," ","0",72," "," ","0",72," "," ","0",94," "," ","0",100," "," ","0",67," "," ","0",94," "," ","0",56," "," ","0",61," "," ","0",72," "," ","0",67," "," ","0",83," "," ","0",56," "," ","0",28," "," ","0",44," ","I","0",72," "," ","0",83," "," ","0",78," "," ","0",39," "," ","0",39," "," ","0",22," "," ","0",39," "," ","0",94," "," ","0",61," "," ","0",78," "," ","0",NA," "," "," "
"2458","USC00359461",2003,4,"PRCP",13," "," ","0",64," "," ","0",41," "," ","0",135," "," ","0",86," "," ","0",97," "," ","0",15," "," ","0",13," "," ","0",0," "," ","0",3," "," ","0",13," "," ","0",89," "," ","0",36," "," ","0",69," "," ","0",13," "," ","0",43," "," ","0",218," "," ","0",25," "," ","0",0," "," ","0",0," "," ","0",142," "," ","0",15," "," ","0",36," "," ","0",305," "," ","0",97," "," ","0",8," "," ","0",8," "," ","0",3," "," ","0",43," "," ","0",36," "," ","0",NA," "," "," "
"2459","USC00359461",2003,4,"SNOW",0,"P"," ","0",0,"P"," ","0",0,"P"," ","0",0,"P"," ","0",0,"P"," ","0",0,"P"," ","0",0,"P"," ","0",0,"P"," ","0",0,"P"," ","0",0,"P"," ","0",0,"P"," ","0",0,"P"," ","0",0,"P"," ","0",0,"P"," ","0",0,"P"," ","0",0,"P"," ","0",0,"P"," ","0",0,"P"," ","0",0,"P"," ","0",0,"P"," ","0",0,"P"," ","0",0,"P"," ","0",0,"P"," ","0",0,"P"," ","0",0,"P"," ","0",0,"P"," ","0",0,"P"," ","0",0,"P"," ","0",0,"P"," ","0",0,"P"," ","0",NA," "," "," "
"2460","USC00359461",2003,4,"SNWD",0,"P"," ","0",0,"P"," ","0",0,"P"," ","0",0,"P"," ","0",0,"P"," ","0",0,"P"," ","0",0,"P"," ","0",0,"P"," ","0",0,"P"," ","0",0,"P"," ","0",0,"P"," ","0",0,"P"," ","0",0,"P"," ","0",0,"P"," ","0",0,"P"," ","0",0,"P"," ","0",0,"P"," ","0",0,"P"," ","0",0,"P"," ","0",0,"P"," ","0",0,"P"," ","0",0,"P"," ","0",0,"P"," ","0",0,"P"," ","0",0,"P"," ","0",0,"P"," ","0",0,"P"," ","0",0,"P"," ","0",0,"P"," ","0",0,"P"," ","0",NA," "," "," "
"2461","USC00359461",2003,5,"TMAX",233," "," ","0",233," "," ","0",128," "," ","0",133," "," ","0",156," "," ","0",156," "," ","0",144," "," ","0",150," "," ","0",139," "," ","0",144," "," ","0",172," "," ","0",172," "," ","0",206," "," ","0",267," "," ","0",206," "," ","0",156," "," ","0",156," "," ","0",139," "," ","0",161," "," ","0",256," "," ","0",278," "," ","0",267," "," ","0",317," "," ","0",228," "," ","0",178," "," ","0",178," "," ","0",239," "," ","0",289," "," ","0",267," "," ","0",267," "," ","0",189," "," ","0"
"2462","USC00359461",2003,5,"TMIN",56," "," ","0",61," "," ","0",61," "," ","0",44," "," ","0",33," "," ","0",33," "," ","0",44," "," ","0",39," "," ","0",56," "," ","0",72," "," ","0",50," "," ","0",50," "," ","0",72," "," ","0",72," "," ","0",78," "," ","0",44," "," ","0",39," "," ","0",17," "," ","0",39," ","I","0",39," "," ","0",67," "," ","0",94," "," ","0",100," "," ","0",122," "," ","0",100," "," ","0",100," "," ","0",83," "," ","0",83," "," ","0",122," "," ","0",133," "," ","0",100," "," ","0"
"2463","USC00359461",2003,5,"TOBS",83," "," ","0",94," "," ","0",72," "," ","0",44," "," ","0",33," "," ","0",50," "," ","0",67," "," ","0",56," "," ","0",72," "," ","0",83," "," ","0",50," "," ","0",100," "," ","0",72," "," ","0",89," "," ","0",106," "," ","0",56," "," ","0",56," "," ","0",28," ","I","0",44," "," ","0",72," "," ","0",94," "," ","0",111," "," ","0",117," "," ","0",122," "," ","0",100," "," ","0",100," "," ","0",83," "," ","0",128," "," ","0",139," "," ","0",139," "," ","0",117," "," ","0"
"2464","USC00359461",2003,5,"PRCP",0," "," ","0",3," "," ","0",41," "," ","0",43," "," ","0",0," "," ","0",0," "," ","0",0," "," ","0",30," "," ","0",25," "," ","0",5," "," ","0",0," "," ","0",10," "," ","0",0," "," ","0",0," "," ","0",0," "," ","0",5," "," ","0",5," "," ","0",5," "," ","0",0," "," ","0",0," "," ","0",0," "," ","0",0," "," ","0",0," "," ","0",0," "," ","0",36," "," ","0",13," "," ","0",0," "," ","0",0," "," ","0",0," "," ","0",0," "," ","0",0," "," ","0"
"2465","USC00359461",2003,5,"SNOW",0,"P"," ","0",0,"P"," ","0",0,"P"," ","0",0,"P"," ","0",0,"P"," ","0",0,"P"," ","0",0,"P"," ","0",0,"P"," ","0",0,"P"," ","0",0,"P"," ","0",0,"P"," ","0",0,"P"," ","0",0,"P"," ","0",0,"P"," ","0",0,"P"," ","0",0,"P"," ","0",0,"P"," ","0",0,"P"," ","0",0,"P"," ","0",0,"P"," ","0",0,"P"," ","0",0,"P"," ","0",0,"P"," ","0",0,"P"," ","0",0,"P"," ","0",0,"P"," ","0",0,"P"," ","0",0,"P"," ","0",0,"P"," ","0",0,"P"," ","0",0,"P"," ","0"
"2466","USC00359461",2003,5,"SNWD",0,"P"," ","0",0,"P"," ","0",0,"P"," ","0",0,"P"," ","0",0,"P"," ","0",0,"P"," ","0",0,"P"," ","0",0,"P"," ","0",0,"P"," ","0",0,"P"," ","0",0,"P"," ","0",0,"P"," ","0",0,"P"," ","0",0,"P"," ","0",0,"P"," ","0",0,"P"," ","0",0,"P"," ","0",0,"P"," ","0",0,"P"," ","0",0,"P"," ","0",0,"P"," ","0",0,"P"," ","0",0,"P"," ","0",0,"P"," ","0",0,"P"," ","0",0,"P"," ","0",0,"P"," ","0",0,"P"," ","0",0,"P"," ","0",0,"P"," ","0",0,"P"," ","0"
"2467","USC00359461",2003,6,"TMAX",244," "," ","0",261," "," ","0",233," "," ","0",272," "," ","0",322," "," ","0",350," "," ","0",344," "," ","0",311," "," ","0",278," "," ","0",244," "," ","0",233," "," ","0",244," "," ","0",211," "," ","0",189," "," ","0",239," "," ","0",267," "," ","0",300," "," ","0",294," "," ","0",217," "," ","0",194," "," ","0",217," "," ","0",211," "," ","0",200," "," ","0",178," "," ","0",239," "," ","0",283," "," ","0",333," "," ","0",333," "," ","0",378," "," ","0",289," "," ","0",NA," "," "," "
"2468","USC00359461",2003,6,"TMIN",72," "," ","0",89," "," ","0",111," "," ","0",111," "," ","0",111," "," ","0",144," "," ","0",128," "," ","0",117," "," ","0",111," "," ","0",111," "," ","0",106," "," ","0",106," "," ","0",117," "," ","0",89," "," ","0",83," "," ","0",94," "," ","0",128," "," ","0",128," "," ","0",122," "," ","0",83," "," ","0",83," "," ","0",72," "," ","0",72," "," ","0",72," "," ","0",78," "," ","0",111," "," ","0",133," "," ","0",150," "," ","0",144," "," ","0",150," "," ","0",NA," "," "," "
"2469","USC00359461",2003,6,"TOBS",89," "," ","0",117," "," ","0",128," "," ","0",117," "," ","0",156," "," ","0",150," "," ","0",128," "," ","0",122," "," ","0",111," "," ","0",122," "," ","0",117," "," ","0",122," "," ","0",122," "," ","0",106," "," ","0",111," "," ","0",133," "," ","0",156," "," ","0",144," "," ","0",122," "," ","0",83," "," ","0",111," "," ","0",72," "," ","0",111," "," ","0",72," "," ","0",106," "," ","0",139," "," ","0",156," "," ","0",150," "," ","0",167," "," ","0",167," "," ","0",NA," "," "," "
"2470","USC00359461",2003,6,"PRCP",0," "," ","0",0," "," ","0",0," "," ","0",0," "," ","0",0," "," ","0",0," "," ","0",0," "," ","0",0," "," ","0",0," "," ","0",0," "," ","0",0," "," ","0",0," "," ","0",0," "," ","0",0," "," ","0",0," "," ","0",0," "," ","0",0," "," ","0",0," "," ","0",0," "," ","0",0," "," ","0",3," "," ","0",0," "," ","0",0," "," ","0",0," "," ","0",0," "," ","0",0," "," ","0",0," "," ","0",0," "," ","0",0," "," ","0",0," "," ","0",NA," "," "," "
"2471","USC00359461",2003,6,"SNOW",0,"P"," ","0",0,"P"," ","0",0,"P"," ","0",0,"P"," ","0",0,"P"," ","0",0,"P"," ","0",0,"P"," ","0",0,"P"," ","0",0,"P"," ","0",0,"P"," ","0",0,"P"," ","0",0,"P"," ","0",0,"P"," ","0",0,"P"," ","0",0,"P"," ","0",0,"P"," ","0",0,"P"," ","0",0,"P"," ","0",0,"P"," ","0",0,"P"," ","0",0,"P"," ","0",0,"P"," ","0",0,"P"," ","0",0,"P"," ","0",0,"P"," ","0",0,"P"," ","0",0,"P"," ","0",0,"P"," ","0",0,"P"," ","0",0,"P"," ","0",NA," "," "," "
"2472","USC00359461",2003,6,"SNWD",0,"P"," ","0",0,"P"," ","0",0,"P"," ","0",0,"P"," ","0",0,"P"," ","0",0,"P"," ","0",0,"P"," ","0",0,"P"," ","0",0,"P"," ","0",0,"P"," ","0",0,"P"," ","0",0,"P"," ","0",0,"P"," ","0",0,"P"," ","0",0,"P"," ","0",0,"P"," ","0",0,"P"," ","0",0,"P"," ","0",0,"P"," ","0",0,"P"," ","0",0,"P"," ","0",0,"P"," ","0",0,"P"," ","0",0,"P"," ","0",0,"P"," ","0",0,"P"," ","0",0,"P"," ","0",0,"P"," ","0",0,"P"," ","0",0,"P"," ","0",NA," "," "," "
"2473","USC00359461",2003,7,"TMAX",250," "," ","0",233," "," ","0",261," "," ","0",278," "," ","0",294," "," ","0",294," "," ","0",300," "," ","0",278," "," ","0",278," "," ","0",344," "," ","0",311," "," ","0",317," "," ","0",311," "," ","0",278," "," ","0",317," "," ","0",244," "," ","0",272," "," ","0",322," "," ","0",333," "," ","0",339," "," ","0",350," "," ","0",361," "," ","0",350," "," ","0",322," "," ","0",300," "," ","0",289," "," ","0",311," "," ","0",367," "," ","0",389," "," ","0",394," "," ","0",378," "," ","0"
"2474","USC00359461",2003,7,"TMIN",128," "," ","0",106," "," ","0",94," "," ","0",94," "," ","0",100," "," ","0",111," "," ","0",122," "," ","0",111," "," ","0",106," "," ","0",122," "," ","0",133," "," ","0",133," "," ","0",144," "," ","0",122," "," ","0",122," "," ","0",144," "," ","0",117," "," ","0",111," "," ","0",139," "," ","0",133," "," ","0",133," "," ","0",172," "," ","0",161," "," ","0",161," "," ","0",128," "," ","0",117," "," ","0",111," "," ","0",139," "," ","0",150," "," ","0",161," "," ","0",156," "," ","0"
"2475","USC00359461",2003,7,"TOBS",144," "," ","0",111," "," ","0",94," "," ","0",100," "," ","0",111," "," ","0",161," "," ","0",122," "," ","0",111," "," ","0",128," "," ","0",161," "," ","0",156," "," ","0",150," "," ","0",183," "," ","0",128," "," ","0",156," "," ","0",167," "," ","0",117," "," ","0",139," "," ","0",139," "," ","0",133," "," ","0",172," "," ","0",189," "," ","0",161," "," ","0",172," "," ","0",128," "," ","0",117," "," ","0",144," "," ","0",150," "," ","0",167," "," ","0",172," "," ","0",156," "," ","0"
"2476","USC00359461",2003,7,"PRCP",0," "," ","0",0," "," ","0",0," "," ","0",0," "," ","0",0," "," ","0",0," "," ","0",0," "," ","0",0," "," ","0",0," "," ","0",0," "," ","0",0," "," ","0",0," "," ","0",0," "," ","0",0," "," ","0",0," "," ","0",0," "," ","0",0," "," ","0",0," "," ","0",0," "," ","0",0," "," ","0",0," "," ","0",0," "," ","0",0," "," ","0",0," "," ","0",0," "," ","0",0," "," ","0",0," "," ","0",0," "," ","0",0," "," ","0",0," "," ","0",0," "," ","0"
"2477","USC00359461",2003,7,"SNOW",0,"P"," ","0",0,"P"," ","0",0,"P"," ","0",0,"P"," ","0",0,"P"," ","0",0,"P"," ","0",0,"P"," ","0",0,"P"," ","0",0,"P"," ","0",0,"P"," ","0",0,"P"," ","0",0,"P"," ","0",0,"P"," ","0",0,"P"," ","0",0,"P"," ","0",0,"P"," ","0",0,"P"," ","0",0,"P"," ","0",0,"P"," ","0",0,"P"," ","0",0,"P"," ","0",0,"P"," ","0",0,"P"," ","0",0,"P"," ","0",0,"P"," ","0",0,"P"," ","0",0,"P"," ","0",0,"P"," ","0",0,"P"," ","0",0,"P"," ","0",0,"P"," ","0"
"2478","USC00359461",2003,7,"SNWD",0,"P"," ","0",0,"P"," ","0",0,"P"," ","0",0,"P"," ","0",0,"P"," ","0",0,"P"," ","0",0,"P"," ","0",0,"P"," ","0",0,"P"," ","0",0,"P"," ","0",0,"P"," ","0",0,"P"," ","0",0,"P"," ","0",0,"P"," ","0",0,"P"," ","0",0,"P"," ","0",0,"P"," ","0",0,"P"," ","0",0,"P"," ","0",0,"P"," ","0",0,"P"," ","0",0,"P"," ","0",0,"P"," ","0",0,"P"," ","0",0,"P"," ","0",0,"P"," ","0",0,"P"," ","0",0,"P"," ","0",0,"P"," ","0",0,"P"," ","0",0,"P"," ","0"
"2479","USC00359461",2003,8,"TMAX",350," "," ","0",317," "," ","0",256," "," ","0",283," "," ","0",328," "," ","0",256," "," ","0",278," "," ","0",283," "," ","0",289," "," ","0",283," "," ","0",283," "," ","0",272," "," ","0",283," "," ","0",300," "," ","0",344," "," ","0",283," "," ","0",300," "," ","0",333," "," ","0",333," "," ","0",294," "," ","0",306," "," ","0",339," "," ","0",233," "," ","0",283," "," ","0",311," "," ","0",328," "," ","0",244," "," ","0",283," "," ","0",283," "," ","0",300," "," ","0",322," "," ","0"
"2480","USC00359461",2003,8,"TMIN",156," "," ","0",156," "," ","0",144," "," ","0",150," "," ","0",144," "," ","0",139," "," ","0",139," "," ","0",144," "," ","0",156," "," ","0",144," "," ","0",156," ","I","0",122," "," ","0",122," "," ","0",133," "," ","0",150," "," ","0",111," "," ","0",111," "," ","0",139," "," ","0",156," "," ","0",128," "," ","0",106," "," ","0",128," "," ","0",139," "," ","0",117," "," ","0",111," "," ","0",122," "," ","0",106," "," ","0",106," "," ","0",117," "," ","0",117," "," ","0",133," "," ","0"
"2481","USC00359461",2003,8,"TOBS",161," "," ","0",200," "," ","0",178," "," ","0",150," "," ","0",144," "," ","0",156," "," ","0",150," "," ","0",161," "," ","0",178," "," ","0",150," "," ","0",133," ","I","0",139," "," ","0",133," "," ","0",144," "," ","0",156," "," ","0",111," "," ","0",144," "," ","0",161," "," ","0",161," "," ","0",133," "," ","0",133," "," ","0",144," "," ","0",167," "," ","0",117," "," ","0",128," "," ","0",161," "," ","0",111," "," ","0",144," "," ","0",117," "," ","0",139," "," ","0",133," "," ","0"
"2482","USC00359461",2003,8,"PRCP",0," "," ","0",0," "," ","0",5," "," ","0",0," "," ","0",0," "," ","0",0," "," ","0",3," "," ","0",0," "," ","0",0," "," ","0",0," "," ","0",0," "," ","0",0," "," ","0",0," "," ","0",0," "," ","0",0," "," ","0",0," "," ","0",0," "," ","0",0," "," ","0",0," "," ","0",0," "," ","0",0," "," ","0",0," "," ","0",43," "," ","0",0," "," ","0",0," "," ","0",0," "," ","0",0," "," ","0",0," "," ","0",0," "," ","0",0," "," ","0",0," "," ","0"
"2483","USC00359461",2003,8,"SNOW",0,"P"," ","0",0,"P"," ","0",0,"P"," ","0",0,"P"," ","0",0,"P"," ","0",0,"P"," ","0",0,"P"," ","0",0,"P"," ","0",0,"P"," ","0",0,"P"," ","0",0,"P"," ","0",0,"P"," ","0",0,"P"," ","0",0,"P"," ","0",0,"P"," ","0",0,"P"," ","0",0,"P"," ","0",0,"P"," ","0",0,"P"," ","0",0,"P"," ","0",0,"P"," ","0",0,"P"," ","0",0,"P"," ","0",0,"P"," ","0",0,"P"," ","0",0,"P"," ","0",0,"P"," ","0",0,"P"," ","0",0,"P"," ","0",0,"P"," ","0",0,"P"," ","0"
"2484","USC00359461",2003,8,"SNWD",0,"P"," ","0",0,"P"," ","0",0,"P"," ","0",0,"P"," ","0",0,"P"," ","0",0,"P"," ","0",0,"P"," ","0",0,"P"," ","0",0,"P"," ","0",0,"P"," ","0",0,"P"," ","0",0,"P"," ","0",0,"P"," ","0",0,"P"," ","0",0,"P"," ","0",0,"P"," ","0",0,"P"," ","0",0,"P"," ","0",0,"P"," ","0",0,"P"," ","0",0,"P"," ","0",0,"P"," ","0",0,"P"," ","0",0,"P"," ","0",0,"P"," ","0",0,"P"," ","0",0,"P"," ","0",0,"P"," ","0",0,"P"," ","0",0,"P"," ","0",0,"P"," ","0"
"2485","USC00359461",2003,9,"TMAX",306," "," ","0",294," "," ","0",372," "," ","0",367," "," ","0",372," "," ","0",350," "," ","0",250," "," ","0",222," "," ","0",206," "," ","0",200," "," ","0",239," "," ","0",278," "," ","0",228," "," ","0",267," "," ","0",278," "," ","0",233," "," ","0",178," "," ","0",206," "," ","0",278," "," ","0",244," "," ","0",250," "," ","0",256," "," ","0",294," "," ","0",283," "," ","0",322," "," ","0",306," "," ","0",322," "," ","0",344," "," ","0",294," "," ","0",217," "," ","0",NA," "," "," "
"2486","USC00359461",2003,9,"TMIN",128," "," ","0",122," "," ","0",117," "," ","0",128," "," ","0",128," "," ","0",139," "," ","0",133," "," ","0",106," "," ","0",106," "," ","0",117," "," ","0",122," "," ","0",111," "," ","0",94," "," ","0",83," "," ","0",89," "," ","0",89," "," ","0",61," "," ","0",61," "," ","0",61," "," ","0",83," "," ","0",83," "," ","0",78," "," ","0",83," "," ","0",94," "," ","0",94," "," ","0",100," "," ","0",106," "," ","0",122," "," ","0",117," "," ","0",94," "," ","0",NA," "," "," "
"2487","USC00359461",2003,9,"TOBS",150," "," ","0",122," "," ","0",144," "," ","0",139," "," ","0",144," "," ","0",139," "," ","0",150," "," ","0",111," "," ","0",128," "," ","0",139," "," ","0",122," "," ","0",133," "," ","0",100," "," ","0",89," "," ","0",133," "," ","0",106," "," ","0",72," "," ","0",67," "," ","0",133," "," ","0",83," "," ","0",89," "," ","0",83," "," ","0",106," "," ","0",100," "," ","0",106," "," ","0",106," "," ","0",133," "," ","0",122," "," ","0",139," "," ","0",94," "," ","0",NA," "," "," "
"2488","USC00359461",2003,9,"PRCP",0," "," ","0",0," "," ","0",0," "," ","0",0," "," ","0",0," "," ","0",0," "," ","0",8," "," ","0",18," "," ","0",185," "," ","0",5," "," ","0",0," "," ","0",0," "," ","0",0," "," ","0",0," "," ","0",0," "," ","0",0,"T"," ","0",20," "," ","0",0," "," ","0",0," "," ","0",0," "," ","0",0," "," ","0",0," "," ","0",0," "," ","0",0," "," ","0",0," "," ","0",0," "," ","0",0," "," ","0",0," "," ","0",3," "," ","0",0," "," ","0",NA," "," "," "
"2489","USC00359461",2003,9,"SNOW",0,"P"," ","0",0,"P"," ","0",0,"P"," ","0",0,"P"," ","0",0,"P"," ","0",0,"P"," ","0",0,"P"," ","0",0,"P"," ","0",0,"P"," ","0",0,"P"," ","0",0,"P"," ","0",0,"P"," ","0",0,"P"," ","0",0,"P"," ","0",0,"P"," ","0",0,"P"," ","0",0,"P"," ","0",0,"P"," ","0",0,"P"," ","0",0,"P"," ","0",0,"P"," ","0",0,"P"," ","0",0,"P"," ","0",0,"P"," ","0",0,"P"," ","0",0,"P"," ","0",0,"P"," ","0",0,"P"," ","0",0,"P"," ","0",0,"P"," ","0",NA," "," "," "
"2490","USC00359461",2003,9,"SNWD",0,"P"," ","0",0,"P"," ","0",0,"P"," ","0",0,"P"," ","0",0,"P"," ","0",0,"P"," ","0",0,"P"," ","0",0,"P"," ","0",0,"P"," ","0",0,"P"," ","0",0,"P"," ","0",0,"P"," ","0",0,"P"," ","0",0,"P"," ","0",0,"P"," ","0",0,"P"," ","0",0,"P"," ","0",0,"P"," ","0",0,"P"," ","0",0,"P"," ","0",0,"P"," ","0",0,"P"," ","0",0,"P"," ","0",0,"P"," ","0",0,"P"," ","0",0,"P"," ","0",0,"P"," ","0",0,"P"," ","0",0,"P"," ","0",0,"P"," ","0",NA," "," "," "
"2491","USC00359461",2003,10,"TMAX",250," "," ","0",256," "," ","0",194," "," ","0",256," "," ","0",206," "," ","0",206," "," ","0",261," "," ","0",222," "," ","0",194," "," ","0",244," "," ","0",183," "," ","0",117," "," ","0",183," "," ","0",167," "," ","0",183," "," ","0",133," "," ","0",267," "," ","0",283," "," ","0",228," "," ","0",239," "," ","0",278," "," ","0",278," "," ","0",228," "," ","0",178," "," ","0",172," "," ","0",211," "," ","0",239," "," ","0",239," "," ","0",250," "," ","0",106," "," ","0",117," "," ","0"
"2492","USC00359461",2003,10,"TMIN",83," "," ","0",106," "," ","0",128," ","I","0",111," "," ","0",122," "," ","0",128," "," ","0",144," "," ","0",94," "," ","0",67," "," ","0",56," "," ","0",50," "," ","0",72," "," ","0",50," "," ","0",44," "," ","0",72," "," ","0",89," "," ","0",100," "," ","0",78," "," ","0",72," "," ","0",133," "," ","0",117," "," ","0",117," "," ","0",89," "," ","0",44," "," ","0",39," "," ","0",39," "," ","0",50," "," ","0",50," "," ","0",78," "," ","0",39," "," ","0",-6," "," ","0"
"2493","USC00359461",2003,10,"TOBS",111," "," ","0",133," "," ","0",111," ","I","0",144," "," ","0",144," "," ","0",144," "," ","0",150," "," ","0",111," "," ","0",67," "," ","0",56," "," ","0",83," "," ","0",78," "," ","0",50," "," ","0",72," "," ","0",89," "," ","0",106," "," ","0",106," "," ","0",83," "," ","0",133," "," ","0",144," "," ","0",122," "," ","0",139," "," ","0",89," "," ","0",44," "," ","0",44," "," ","0",56," "," ","0",50," "," ","0",83," "," ","0",78," "," ","0",44," "," ","0",0," "," ","0"
"2494","USC00359461",2003,10,"PRCP",0," "," ","0",0," "," ","0",0," "," ","0",0," "," ","0",0," "," ","0",0," "," ","0",8," "," ","0",0," "," ","0",3," "," ","0",5," "," ","0",0,"T"," ","0",94," "," ","0",0," "," ","0",5," "," ","0",0,"T"," ","0",10," "," ","0",0," "," ","0",0," "," ","0",3," "," ","0",0," "," ","0",0," "," ","0",0," "," ","0",0," "," ","0",0," "," ","0",0," "," ","0",0," "," ","0",0," "," ","0",0," "," ","0",0," "," ","0",43," "," ","0",0," "," ","0"
"2495","USC00359461",2003,10,"SNOW",0,"P"," ","0",0,"P"," ","0",0,"P"," ","0",0,"P"," ","0",0,"P"," ","0",0,"P"," ","0",0,"P"," ","0",0,"P"," ","0",0,"P"," ","0",0,"P"," ","0",0,"P"," ","0",0,"P"," ","0",0,"P"," ","0",0,"P"," ","0",0,"P"," ","0",0,"P"," ","0",0,"P"," ","0",0,"P"," ","0",0,"P"," ","0",0,"P"," ","0",0,"P"," ","0",0,"P"," ","0",0,"P"," ","0",0,"P"," ","0",0,"P"," ","0",0,"P"," ","0",0,"P"," ","0",0,"P"," ","0",0,"P"," ","0",0,"P"," ","0",0,"P"," ","0"
"2496","USC00359461",2003,10,"SNWD",0,"P"," ","0",0,"P"," ","0",0,"P"," ","0",0,"P"," ","0",0,"P"," ","0",0,"P"," ","0",0,"P"," ","0",0,"P"," ","0",0,"P"," ","0",0,"P"," ","0",0,"P"," ","0",0,"P"," ","0",0,"P"," ","0",0,"P"," ","0",0,"P"," ","0",0,"P"," ","0",0,"P"," ","0",0,"P"," ","0",0,"P"," ","0",0,"P"," ","0",0,"P"," ","0",0,"P"," ","0",0,"P"," ","0",0,"P"," ","0",0,"P"," ","0",0,"P"," ","0",0,"P"," ","0",0,"P"," ","0",0,"P"," ","0",0,"P"," ","0",0,"P"," ","0"
"2497","USC00359461",2003,11,"TMAX",111," "," ","0",117," "," ","0",61," "," ","0",72," "," ","0",50," "," ","0",122," "," ","0",83," "," ","0",83," "," ","0",106," "," ","0",122," "," ","0",139," "," ","0",144," "," ","0",100," "," ","0",150," "," ","0",100," "," ","0",122," "," ","0",117," "," ","0",122," "," ","0",189," "," ","0",150," "," ","0",78," "," ","0",72," "," ","0",56," "," ","0",44," "," ","0",83," "," ","0",83," "," ","0",106," "," ","0",78," "," ","0",150," "," ","0",117," "," ","0",NA," "," "," "
"2498","USC00359461",2003,11,"TMIN",-50," "," ","0",-50," "," ","0",39," "," ","0",33," "," ","0",39," "," ","0",11," "," ","0",61," ","I","0",78," ","I","0",67," "," ","0",83," ","I","0",83," "," ","0",78," "," ","0",50," "," ","0",67," "," ","0",83," ","I","0",44," "," ","0",67," "," ","0",94," "," ","0",83," "," ","0",44," "," ","0",39," "," ","0",6," "," ","0",6," "," ","0",17," "," ","0",28," "," ","0",44," "," ","0",17," "," ","0",6," "," ","0",22," "," ","0",89," "," ","0",NA," "," "," "
"2499","USC00359461",2003,11,"TOBS",-44," "," ","0",39," "," ","0",39," "," ","0",33," "," ","0",39," "," ","0",22," ","I","0",61," ","I","0",78," "," ","0",67," ","I","0",83," "," ","0",100," "," ","0",83," "," ","0",83," "," ","0",67," ","I","0",83," "," ","0",67," "," ","0",89," "," ","0",100," "," ","0",83," "," ","0",44," "," ","0",44," "," ","0",11," "," ","0",22," "," ","0",50," "," ","0",56," "," ","0",50," "," ","0",22," "," ","0",33," "," ","0",94," "," ","0",94," "," ","0",NA," "," "," "
"2500","USC00359461",2003,11,"PRCP",0," "," ","0",36," "," ","0",107," "," ","0",0," "," ","0",213," "," ","0",8," "," ","0",23," "," ","0",38," "," ","0",8," "," ","0",3," "," ","0",10," "," ","0",3," "," ","0",0," "," ","0",0," "," ","0",18," "," ","0",48," "," ","0",114," "," ","0",13," "," ","0",0," "," ","0",132," "," ","0",76," "," ","0",5," "," ","0",5," "," ","0",41," "," ","0",3," "," ","0",135," "," ","0",23," "," ","0",5," "," ","0",163," "," ","0",140," "," ","0",NA," "," "," "
"2501","USC00359461",2003,11,"SNOW",0,"P"," ","0",0,"P"," ","0",0,"P"," ","0",0,"P"," ","0",0,"P"," ","0",0,"P"," ","0",0,"P"," ","0",0,"P"," ","0",0,"P"," ","0",0,"P"," ","0",0,"P"," ","0",0,"P"," ","0",0,"P"," ","0",0,"P"," ","0",0,"P"," ","0",0,"P"," ","0",0,"P"," ","0",0,"P"," ","0",0,"P"," ","0",0,"P"," ","0",0,"P"," ","0",0,"P"," ","0",0,"P"," ","0",0,"P"," ","0",0,"P"," ","0",0,"P"," ","0",0,"P"," ","0",0,"P"," ","0",0,"P"," ","0",0,"P"," ","0",NA," "," "," "
"2502","USC00359461",2003,11,"SNWD",0,"P"," ","0",0,"P"," ","0",0,"P"," ","0",0,"P"," ","0",0,"P"," ","0",0,"P"," ","0",0,"P"," ","0",0,"P"," ","0",0,"P"," ","0",0,"P"," ","0",0,"P"," ","0",0,"P"," ","0",0,"P"," ","0",0,"P"," ","0",0,"P"," ","0",0,"P"," ","0",0,"P"," ","0",0,"P"," ","0",0,"P"," ","0",0,"P"," ","0",0,"P"," ","0",0,"P"," ","0",0,"P"," ","0",0,"P"," ","0",0,"P"," ","0",0,"P"," ","0",0,"P"," ","0",0,"P"," ","0",0,"P"," ","0",0,"P"," ","0",NA," "," "," "
"2503","USC00359461",2003,12,"TMAX",117," "," ","0",111," "," ","0",128," "," ","0",106," "," ","0",133," "," ","0",156," "," ","0",111," "," ","0",89," "," ","0",106," "," ","0",83," "," ","0",83," "," ","0",106," "," ","0",111," "," ","0",122," "," ","0",33," "," ","0",56," "," ","0",106," "," ","0",117," "," ","0",50," "," ","0",67," "," ","0",106," "," ","0",122," "," ","0",61," "," ","0",133," "," ","0",89," "," ","0",72," "," ","0",72," "," ","0",83," "," ","0",89," "," ","0",67," "," ","0",44," "," ","0"
"2504","USC00359461",2003,12,"TMIN",83," "," ","0",67," "," ","0",61," "," ","0",78," "," ","0",67," "," ","0",67," "," ","0",50," "," ","0",61," "," ","0",56," "," ","0",50," "," ","0",39," "," ","0",39," "," ","0",78," "," ","0",0," "," ","0",0," "," ","0",0," "," ","0",17," "," ","0",22," "," ","0",17," "," ","0",28," "," ","0",50," "," ","0",17," "," ","0",11," "," ","0",39," "," ","0",44," "," ","0",17," "," ","0",17," "," ","0",56," ","I","0",39," "," ","0",0," "," ","0",6," "," ","0"
"2505","USC00359461",2003,12,"TOBS",89," "," ","0",72," "," ","0",89," "," ","0",78," "," ","0",100," "," ","0",67," "," ","0",61," "," ","0",67," "," ","0",67," "," ","0",50," "," ","0",44," "," ","0",89," "," ","0",111," "," ","0",11," "," ","0",6," "," ","0",28," "," ","0",50," "," ","0",28," "," ","0",28," "," ","0",56," "," ","0",67," "," ","0",17," "," ","0",44," "," ","0",61," "," ","0",44," "," ","0",22," "," ","0",28," ","I","0",56," "," ","0",61," "," ","0",17," "," ","0",39," "," ","0"
"2506","USC00359461",2003,12,"PRCP",13," "," ","0",23," "," ","0",56," "," ","0",0,"T"," ","0",91," "," ","0",218," "," ","0",64," "," ","0",127," "," ","0",0,"T"," ","0",81," "," ","0",3," "," ","0",58," "," ","0",368," "," ","0",622," "," ","0",132," "," ","0",3," "," ","0",0," "," ","0",0,"T"," ","0",3," "," ","0",33," "," ","0",5," "," ","0",3," "," ","0",3," "," ","0",102," "," ","0",191," "," ","0",8," "," ","0",18," "," ","0",48," "," ","0",226," "," ","0",76," "," ","0",81," "," ","0"
"2507","USC00359461",2003,12,"SNOW",0,"P"," ","0",0,"P"," ","0",0,"P"," ","0",0,"P"," ","0",0,"P"," ","0",0,"P"," ","0",0,"P"," ","0",0,"P"," ","0",0,"P"," ","0",0,"P"," ","0",0,"P"," ","0",0,"P"," ","0",0,"P"," ","0",0,"P"," ","0",0,"P"," ","0",0,"P"," ","0",0,"P"," ","0",0,"P"," ","0",0,"P"," ","0",0,"P"," ","0",0,"P"," ","0",0,"P"," ","0",0,"P"," ","0",0,"P"," ","0",0,"P"," ","0",0,"P"," ","0",0,"P"," ","0",0,"P"," ","0",0,"P"," ","0",0,"P"," ","0",0,"P"," ","0"
"2508","USC00359461",2003,12,"SNWD",0,"P"," ","0",0,"P"," ","0",0,"P"," ","0",0,"P"," ","0",0,"P"," ","0",0,"P"," ","0",0,"P"," ","0",0,"P"," ","0",0,"P"," ","0",0,"P"," ","0",0,"P"," ","0",0,"P"," ","0",0,"P"," ","0",0,"P"," ","0",0,"P"," ","0",0,"P"," ","0",0,"P"," ","0",0,"P"," ","0",0,"P"," ","0",0,"P"," ","0",0,"P"," ","0",0,"P"," ","0",0,"P"," ","0",0,"P"," ","0",0,"P"," ","0",0,"P"," ","0",0,"P"," ","0",0,"P"," ","0",0,"P"," ","0",0,"P"," ","0",0,"P"," ","0"
"2509","USC00359461",2004,1,"TMAX",56," "," ","0",44," "," ","0",50," "," ","0",61," "," ","0",50," "," ","0",44," "," ","0",72," "," ","0",139," "," ","0",117," "," ","0",133," "," ","0",111," "," ","0",117," "," ","0",72," "," ","0",117," "," ","0",117," "," ","0",128," "," ","0",139," "," ","0",89," "," ","0",122," "," ","0",111," "," ","0",111," "," ","0",106," "," ","0",89," "," ","0",106," "," ","0",83," "," ","0",83," "," ","0",61," "," ","0",122," "," ","0",128," "," ","0",161," "," ","0",78," "," ","0"
"2510","USC00359461",2004,1,"TMIN",11," "," ","0",0," "," ","0",0," "," ","0",11," "," ","0",17," "," ","0",11," "," ","0",11," "," ","0",50," "," ","0",44," "," ","0",44," "," ","0",39," "," ","0",33," "," ","0",44," "," ","0",50," "," ","0",78," "," ","0",67," "," ","0",33," "," ","0",33," "," ","0",67," "," ","0",50," "," ","0",33," "," ","0",6," "," ","0",6," "," ","0",56," "," ","0",22," "," ","0",22," "," ","0",28," "," ","0",50," "," ","0",72," "," ","0",50," "," ","0",17," "," ","0"
"2511","USC00359461",2004,1,"TOBS",11," "," ","0",11," "," ","0",11," "," ","0",22," "," ","0",22," "," ","0",11," "," ","0",67," "," ","0",78," "," ","0",50," "," ","0",50," "," ","0",44," "," ","0",50," "," ","0",56," "," ","0",83," "," ","0",78," "," ","0",72," "," ","0",39," "," ","0",67," "," ","0",83," "," ","0",50," "," ","0",33," "," ","0",17," "," ","0",67," "," ","0",78," "," ","0",33," "," ","0",39," "," ","0",61," "," ","0",78," "," ","0",100," "," ","0",61," "," ","0",17," "," ","0"
"2512","USC00359461",2004,1,"PRCP",257," "," ","0",201," "," ","0",23," "," ","0",43," "," ","0",23," "," ","0",61," "," ","0",86," "," ","0",76," "," ","0",5," "," ","0",5," "," ","0",0," "," ","0",0," "," ","0",25," "," ","0",5," "," ","0",18," "," ","0",0," "," ","0",3," "," ","0",74," "," ","0",51," "," ","0",25," "," ","0",0," "," ","0",0,"T"," ","0",30," "," ","0",216," "," ","0",38," "," ","0",10," "," ","0",173," "," ","0",25," "," ","0",25," "," ","0",132," "," ","0",43," "," ","0"
"2513","USC00359461",2004,1,"SNOW",0,"P"," ","0",0,"P"," ","0",0,"P"," ","0",0,"P"," ","0",0,"P"," ","0",0,"P"," ","0",0,"P"," ","0",0,"P"," ","0",0,"P"," ","0",0,"P"," ","0",0,"P"," ","0",0,"P"," ","0",0,"P"," ","0",0,"P"," ","0",0,"P"," ","0",0,"P"," ","0",0,"P"," ","0",0,"P"," ","0",0,"P"," ","0",0,"P"," ","0",0,"P"," ","0",0,"P"," ","0",0,"P"," ","0",0,"P"," ","0",0,"P"," ","0",0,"P"," ","0",0,"P"," ","0",0,"P"," ","0",0,"P"," ","0",0,"P"," ","0",0,"P"," ","0"
"2514","USC00359461",2004,1,"SNWD",NA," "," "," ",0,"P"," ","0",0,"P"," ","0",0,"P"," ","0",0,"P"," ","0",0,"P"," ","0",0,"P"," ","0",0,"P"," ","0",0,"P"," ","0",0,"P"," ","0",0,"P"," ","0",0,"P"," ","0",0,"P"," ","0",0,"P"," ","0",0,"P"," ","0",0,"P"," ","0",0,"P"," ","0",0,"P"," ","0",0,"P"," ","0",0,"P"," ","0",0,"P"," ","0",0,"P"," ","0",0,"P"," ","0",0,"P"," ","0",0,"P"," ","0",0,"P"," ","0",0,"P"," ","0",0,"P"," ","0",0,"P"," ","0",0,"P"," ","0",0,"P"," ","0"
"2515","USC00359461",2004,2,"TMAX",89," "," ","0",128," "," ","0",139," "," ","0",89," "," ","0",106," "," ","0",106," "," ","0",106," "," ","0",94," "," ","0",83," "," ","0",50," "," ","0",117," "," ","0",106," "," ","0",122," "," ","0",67," "," ","0",128," "," ","0",117," "," ","0",94," "," ","0",117," "," ","0",128," "," ","0",128," "," ","0",78," "," ","0",100," "," ","0",128," "," ","0",139," "," ","0",133," "," ","0",150," "," ","0",100," "," ","0",106," "," ","0",111," "," ","0",NA," "," "," ",NA," "," "," "
"2516","USC00359461",2004,2,"TMIN",6," "," ","0",50," "," ","0",17," "," ","0",33," "," ","0",11," "," ","0",61," ","I","0",39," "," ","0",22," "," ","0",0," "," ","0",11," "," ","0",11," "," ","0",11," "," ","0",-6," "," ","0",-6," "," ","0",17," "," ","0",22," "," ","0",61," "," ","0",61," "," ","0",56," "," ","0",6," "," ","0",33," ","I","0",28," "," ","0",50," "," ","0",56," "," ","0",56," "," ","0",50," "," ","0",50," "," ","0",50," "," ","0",50," "," ","0",NA," "," "," ",NA," "," "," "
"2517","USC00359461",2004,2,"TOBS",61," "," ","0",61," "," ","0",39," "," ","0",61," "," ","0",17," ","I","0",61," "," ","0",44," "," ","0",28," "," ","0",22," "," ","0",33," "," ","0",17," "," ","0",17," "," ","0",0," "," ","0",28," "," ","0",28," "," ","0",78," "," ","0",67," "," ","0",78," "," ","0",61," "," ","0",22," ","I","0",33," "," ","0",61," "," ","0",67," "," ","0",72," "," ","0",117," "," ","0",50," "," ","0",56," "," ","0",50," "," ","0",50," "," ","0",NA," "," "," ",NA," "," "," "
"2518","USC00359461",2004,2,"PRCP",10," "," ","0",5," "," ","0",0,"T"," ","0",25," "," ","0",0," "," ","0",0," "," ","0",91," "," ","0",18," "," ","0",0," "," ","0",0," "," ","0",0," "," ","0",3," "," ","0",3," "," ","0",41," "," ","0",61," "," ","0",33," "," ","0",259," "," ","0",135," "," ","0",13," "," ","0",0,"T"," ","0",0," "," ","0",3," "," ","0",58," "," ","0",28," "," ","0",5," "," ","0",94," "," ","0",104," "," ","0",51," "," ","0",5," "," ","0",NA," "," "," ",NA," "," "," "
"2519","USC00359461",2004,2,"SNOW",0,"P"," ","0",0,"P"," ","0",0,"P"," ","0",0,"P"," ","0",0,"P"," ","0",0,"P"," ","0",0,"P"," ","0",0,"P"," ","0",0,"P"," ","0",0,"P"," ","0",0,"P"," ","0",0,"P"," ","0",0,"P"," ","0",0,"P"," ","0",0,"P"," ","0",0,"P"," ","0",0,"P"," ","0",0,"P"," ","0",0,"P"," ","0",0,"P"," ","0",0,"P"," ","0",0,"P"," ","0",0,"P"," ","0",0,"P"," ","0",0,"P"," ","0",0,"P"," ","0",0,"P"," ","0",0,"P"," ","0",0,"P"," ","0",NA," "," "," ",NA," "," "," "
"2520","USC00359461",2004,2,"SNWD",0,"P"," ","0",0,"P"," ","0",0,"P"," ","0",0,"P"," ","0",0,"P"," ","0",0,"P"," ","0",0,"P"," ","0",0,"P"," ","0",0,"P"," ","0",0,"P"," ","0",0,"P"," ","0",0,"P"," ","0",0,"P"," ","0",0,"P"," ","0",0,"P"," ","0",0,"P"," ","0",0,"P"," ","0",0,"P"," ","0",0,"P"," ","0",0,"P"," ","0",0,"P"," ","0",0,"P"," ","0",0,"P"," ","0",0,"P"," ","0",0,"P"," ","0",0,"P"," ","0",0,"P"," ","0",0,"P"," ","0",0,"P"," ","0",NA," "," "," ",NA," "," "," "
"2521","USC00359461",2004,3,"TMAX",83," "," ","0",94," "," ","0",133," "," ","0",89," "," ","0",117," "," ","0",117," "," ","0",172," "," ","0",222," "," ","0",222," "," ","0",189," "," ","0",161," "," ","0",183," "," ","0",189," "," ","0",189," "," ","0",211," "," ","0",217," "," ","0",222," "," ","0",217," "," ","0",178," "," ","0",144," "," ","0",211," "," ","0",228," "," ","0",217," "," ","0",194," "," ","0",167," "," ","0",139," "," ","0",117," "," ","0",161," "," ","0",206," "," ","0",261," "," ","0",117," "," ","0"
"2522","USC00359461",2004,3,"TMIN",50," "," ","0",33," "," ","0",6," "," ","0",22," "," ","0",39," "," ","0",50," "," ","0",50," "," ","0",50," "," ","0",50," "," ","0",72," "," ","0",33," "," ","0",33," "," ","0",28," "," ","0",22," "," ","0",39," "," ","0",28," "," ","0",28," "," ","0",72," ","I","0",22," "," ","0",11," "," ","0",22," "," ","0",50," "," ","0",56," "," ","0",67," "," ","0",94," "," ","0",39," "," ","0",44," "," ","0",39," "," ","0",39," "," ","0",50," "," ","0",17," "," ","0"
"2523","USC00359461",2004,3,"TOBS",56," "," ","0",33," "," ","0",22," "," ","0",67," "," ","0",56," "," ","0",78," "," ","0",56," "," ","0",78," "," ","0",NA," "," "," ",72," "," ","0",39," "," ","0",33," "," ","0",28," "," ","0",89," "," ","0",39," "," ","0",28," "," ","0",33," ","I","0",78," "," ","0",39," "," ","0",33," "," ","0",61," "," ","0",61," "," ","0",72," "," ","0",94," "," ","0",111," "," ","0",44," "," ","0",78," "," ","0",44," "," ","0",50," "," ","0",78," "," ","0",22," "," ","0"
"2524","USC00359461",2004,3,"PRCP",145," "," ","0",13," "," ","0",0," "," ","0",41," "," ","0",25," "," ","0",33," "," ","0",0," "," ","0",0," "," ","0",0," "," ","0",0," "," ","0",0," "," ","0",0," "," ","0",0," "," ","0",0," "," ","0",0," "," ","0",0," "," ","0",0," "," ","0",0," "," ","0",0," "," ","0",0," "," ","0",0," "," ","0",0," "," ","0",0," "," ","0",71," "," ","0",3," "," ","0",97," "," ","0",33," "," ","0",5," "," ","0",0," "," ","0",76," "," ","0",48," "," ","0"
"2525","USC00359461",2004,3,"SNOW",0,"P"," ","0",0,"P"," ","0",0,"P"," ","0",0,"P"," ","0",0,"P"," ","0",0,"P"," ","0",0,"P"," ","0",0,"P"," ","0",0,"P"," ","0",0,"P"," ","0",0,"P"," ","0",0,"P"," ","0",0,"P"," ","0",0,"P"," ","0",0,"P"," ","0",0,"P"," ","0",0,"P"," ","0",0,"P"," ","0",0,"P"," ","0",0,"P"," ","0",0,"P"," ","0",0,"P"," ","0",0,"P"," ","0",0,"P"," ","0",0,"P"," ","0",0,"P"," ","0",0,"P"," ","0",0,"P"," ","0",0,"P"," ","0",0,"P"," ","0",0,"P"," ","0"
"2526","USC00359461",2004,3,"SNWD",0,"P"," ","0",0,"P"," ","0",0,"P"," ","0",0,"P"," ","0",0,"P"," ","0",0,"P"," ","0",0,"P"," ","0",0,"P"," ","0",0,"P"," ","0",0,"P"," ","0",0,"P"," ","0",0,"P"," ","0",0,"P"," ","0",0,"P"," ","0",0,"P"," ","0",0,"P"," ","0",0,"P"," ","0",0,"P"," ","0",0,"P"," ","0",0,"P"," ","0",0,"P"," ","0",0,"P"," ","0",0,"P"," ","0",0,"P"," ","0",0,"P"," ","0",0,"P"," ","0",0,"P"," ","0",0,"P"," ","0",0,"P"," ","0",0,"P"," ","0",0,"P"," ","0"
"2527","USC00359461",2004,4,"TMAX",139," "," ","0",139," "," ","0",206," "," ","0",233," "," ","0",194," "," ","0",139," "," ","0",172," "," ","0",183," "," ","0",194," "," ","0",239," "," ","0",272," "," ","0",294," "," ","0",189," "," ","0",156," "," ","0",156," "," ","0",150," "," ","0",144," "," ","0",122," "," ","0",139," "," ","0",156," "," ","0",117," "," ","0",117," "," ","0",189," "," ","0",161," "," ","0",272," "," ","0",322," "," ","0",272," "," ","0",183," "," ","0",261," "," ","0",306," "," ","0",NA," "," "," "
"2528","USC00359461",2004,4,"TMIN",6," "," ","0",0," "," ","0",11," "," ","0",44," "," ","0",44," "," ","0",61," "," ","0",61," "," ","0",56," "," ","0",33," "," ","0",33," "," ","0",56," "," ","0",61," "," ","0",33," "," ","0",39," "," ","0",56," "," ","0",39," "," ","0",44," "," ","0",50," "," ","0",44," "," ","0",50," "," ","0",61," "," ","0",39," "," ","0",50," "," ","0",61," "," ","0",44," "," ","0",83," "," ","0",44," "," ","0",44," "," ","0",44," "," ","0",72," "," ","0",NA," "," "," "
"2529","USC00359461",2004,4,"TOBS",11," "," ","0",17," "," ","0",56," "," ","0",50," "," ","0",94," "," ","0",100," "," ","0",67," "," ","0",78," "," ","0",33," "," ","0",56," "," ","0",67," "," ","0",61," "," ","0",33," "," ","0",83," "," ","0",67," "," ","0",50," "," ","0",72," "," ","0",67," "," ","0",56," "," ","0",67," "," ","0",72," "," ","0",61," "," ","0",72," "," ","0",61," "," ","0",83," "," ","0",100," "," ","0",44," "," ","0",56," "," ","0",78," "," ","0",89," "," ","0",NA," "," "," "
"2530","USC00359461",2004,4,"PRCP",0," "," ","0",0," "," ","0",0," "," ","0",0," "," ","0",0," "," ","0",0," "," ","0",0," "," ","0",0," "," ","0",0," "," ","0",0," "," ","0",0," "," ","0",0," "," ","0",0," "," ","0",13," "," ","0",48," "," ","0",15," "," ","0",18," "," ","0",30," "," ","0",20," "," ","0",71," "," ","0",198," "," ","0",58," "," ","0",0," "," ","0",0," "," ","0",0," "," ","0",0," "," ","0",0," "," ","0",0," "," ","0",0," "," ","0",0," "," ","0",NA," "," "," "
"2531","USC00359461",2004,4,"SNOW",0,"P"," ","0",0,"P"," ","0",0,"P"," ","0",0,"P"," ","0",0,"P"," ","0",0,"P"," ","0",0,"P"," ","0",0,"P"," ","0",0,"P"," ","0",0,"P"," ","0",0,"P"," ","0",0,"P"," ","0",0,"P"," ","0",0,"P"," ","0",0,"P"," ","0",0,"P"," ","0",0,"P"," ","0",0,"P"," ","0",0,"P"," ","0",0,"P"," ","0",0,"P"," ","0",0,"P"," ","0",0,"P"," ","0",0,"P"," ","0",0,"P"," ","0",0,"P"," ","0",0,"P"," ","0",0,"P"," ","0",0,"P"," ","0",0,"P"," ","0",NA," "," "," "
"2532","USC00359461",2004,4,"SNWD",0,"P"," ","0",0,"P"," ","0",0,"P"," ","0",0,"P"," ","0",0,"P"," ","0",0,"P"," ","0",0,"P"," ","0",0,"P"," ","0",0,"P"," ","0",0,"P"," ","0",0,"P"," ","0",0,"P"," ","0",0,"P"," ","0",0,"P"," ","0",0,"P"," ","0",0,"P"," ","0",0,"P"," ","0",0,"P"," ","0",0,"P"," ","0",0,"P"," ","0",0,"P"," ","0",0,"P"," ","0",0,"P"," ","0",0,"P"," ","0",0,"P"," ","0",0,"P"," ","0",0,"P"," ","0",0,"P"," ","0",0,"P"," ","0",0,"P"," ","0",NA," "," "," "
"2533","USC00359461",2004,5,"TMAX",278," "," ","0",272," "," ","0",261," "," ","0",178," "," ","0",NA," "," "," ",194," "," ","0",211," "," ","0",183," "," ","0",200," "," ","0",183," "," ","0",161," "," ","0",167," "," ","0",211," "," ","0",233," "," ","0",233," "," ","0",183," "," ","0",206," "," ","0",217," "," ","0",150," "," ","0",206," "," ","0",244," "," ","0",183," "," ","0",222," "," ","0",194," "," ","0",244," "," ","0",272," "," ","0",256," "," ","0",189," "," ","0",167," "," ","0",161," "," ","0",200," "," ","0"
"2534","USC00359461",2004,5,"TMIN",72," "," ","0",78," "," ","0",78," "," ","0",89," "," ","0",NA," "," "," ",67," "," ","0",67," "," ","0",100," "," ","0",83," "," ","0",100," ","I","0",83," "," ","0",89," "," ","0",56," "," ","0",61," "," ","0",117," "," ","0",83," "," ","0",94," "," ","0",111," "," ","0",111," "," ","0",67," "," ","0",83," ","I","0",111," "," ","0",89," "," ","0",78," "," ","0",94," "," ","0",94," "," ","0",150," "," ","0",106," "," ","0",94," "," ","0",94," "," ","0",94," "," ","0"
"2535","USC00359461",2004,5,"TOBS",78," "," ","0",83," "," ","0",106," "," ","0",150," "," ","0",NA," "," "," ",67," "," ","0",117," "," ","0",100," "," ","0",83," ","I","0",100," "," ","0",83," "," ","0",94," "," ","0",67," "," ","0",117," "," ","0",117," "," ","0",106," "," ","0",117," "," ","0",117," "," ","0",117," "," ","0",72," ","I","0",122," "," ","0",111," "," ","0",89," "," ","0",89," "," ","0",94," "," ","0",156," "," ","0",156," "," ","0",117," "," ","0",94," "," ","0",122," "," ","0",100," "," ","0"
"2536","USC00359461",2004,5,"PRCP",0," "," ","0",0," "," ","0",0," "," ","0",0," "," ","0",0,"P"," ","0",0," "," ","0",8," "," ","0",64," "," ","0",3," "," ","0",18," "," ","0",36," "," ","0",38," "," ","0",0," "," ","0",0," "," ","0",0," "," ","0",0," "," ","0",0," "," ","0",145," "," ","0",56," "," ","0",0," "," ","0",0," "," ","0",0," "," ","0",13," "," ","0",0," "," ","0",0," "," ","0",0," "," ","0",0," "," ","0",152," "," ","0",43," "," ","0",0," "," ","0",0," "," ","0"
"2537","USC00359461",2004,5,"SNOW",0,"P"," ","0",0,"P"," ","0",0,"P"," ","0",0,"P"," ","0",0,"P"," ","0",0,"P"," ","0",0,"P"," ","0",0,"P"," ","0",0,"P"," ","0",0,"P"," ","0",0,"P"," ","0",0,"P"," ","0",0,"P"," ","0",0,"P"," ","0",0,"P"," ","0",0,"P"," ","0",0,"P"," ","0",0,"P"," ","0",0,"P"," ","0",0,"P"," ","0",0,"P"," ","0",0,"P"," ","0",0,"P"," ","0",0,"P"," ","0",0,"P"," ","0",0,"P"," ","0",0,"P"," ","0",0,"P"," ","0",0,"P"," ","0",0,"P"," ","0",0,"P"," ","0"
"2538","USC00359461",2004,5,"SNWD",0,"P"," ","0",0,"P"," ","0",0,"P"," ","0",0,"P"," ","0",0,"P"," ","0",0,"P"," ","0",0,"P"," ","0",0,"P"," ","0",0,"P"," ","0",0,"P"," ","0",0,"P"," ","0",0,"P"," ","0",0,"P"," ","0",0,"P"," ","0",0,"P"," ","0",0,"P"," ","0",0,"P"," ","0",0,"P"," ","0",0,"P"," ","0",0,"P"," ","0",0,"P"," ","0",0,"P"," ","0",0,"P"," ","0",0,"P"," ","0",0,"P"," ","0",0,"P"," ","0",0,"P"," ","0",0,"P"," ","0",0,"P"," ","0",0,"P"," ","0",0,"P"," ","0"
"2539","USC00359461",2004,6,"TMAX",228," "," ","0",250," "," ","0",233," "," ","0",278," "," ","0",278," "," ","0",206," "," ","0",189," "," ","0",178," "," ","0",133," "," ","0",172," "," ","0",167," "," ","0",183," "," ","0",222," "," ","0",211," "," ","0",222," "," ","0",239," "," ","0",306," "," ","0",339," "," ","0",306," "," ","0",300," "," ","0",317," "," ","0",289," "," ","0",183," "," ","0",200," "," ","0",244," "," ","0",272," "," ","0",256," "," ","0",261," "," ","0",289," "," ","0",294," "," ","0",NA," "," "," "
"2540","USC00359461",2004,6,"TMIN",83," "," ","0",78," "," ","0",94," "," ","0",100," "," ","0",111," "," ","0",128," "," ","0",100," "," ","0",100," "," ","0",100," "," ","0",111," "," ","0",67," "," ","0",78," "," ","0",78," "," ","0",83," "," ","0",106," "," ","0",100," "," ","0",106," "," ","0",106," "," ","0",117," "," ","0",122," "," ","0",133," "," ","0",139," "," ","0",144," "," ","0",144," "," ","0",156," "," ","0",144," "," ","0",122," "," ","0",128," "," ","0",150," "," ","0",139," "," ","0",NA," "," "," "
"2541","USC00359461",2004,6,"TOBS",89," "," ","0",128," "," ","0",94," "," ","0",111," "," ","0",144," "," ","0",128," "," ","0",100," "," ","0",100," "," ","0",122," "," ","0",117," "," ","0",89," "," ","0",89," "," ","0",144," "," ","0",122," "," ","0",111," "," ","0",128," "," ","0",106," "," ","0",117," "," ","0",128," "," ","0",150," "," ","0",133," "," ","0",144," "," ","0",144," "," ","0",167," "," ","0",161," "," ","0",144," "," ","0",128," "," ","0",161," "," ","0",156," "," ","0",144," "," ","0",NA," "," "," "
"2542","USC00359461",2004,6,"PRCP",0," "," ","0",0," "," ","0",0," "," ","0",0," "," ","0",10," "," ","0",5," "," ","0",28," "," ","0",135," "," ","0",157," "," ","0",5," "," ","0",0," "," ","0",0," "," ","0",0," "," ","0",0," "," ","0",0," "," ","0",0," "," ","0",0," "," ","0",0," "," ","0",0," "," ","0",0," "," ","0",0," "," ","0",0," "," ","0",0," "," ","0",0," "," ","0",0," "," ","0",0," "," ","0",0," "," ","0",0," "," ","0",0," "," ","0",0," "," ","0",NA," "," "," "
"2543","USC00359461",2004,6,"SNOW",0,"P"," ","0",0,"P"," ","0",0,"P"," ","0",0,"P"," ","0",0,"P"," ","0",0,"P"," ","0",0,"P"," ","0",0,"P"," ","0",0,"P"," ","0",0,"P"," ","0",0,"P"," ","0",0,"P"," ","0",0,"P"," ","0",0,"P"," ","0",0,"P"," ","0",0,"P"," ","0",0,"P"," ","0",0,"P"," ","0",0,"P"," ","0",0,"P"," ","0",0,"P"," ","0",0,"P"," ","0",0,"P"," ","0",0,"P"," ","0",0,"P"," ","0",0,"P"," ","0",0,"P"," ","0",0,"P"," ","0",0,"P"," ","0",0,"P"," ","0",NA," "," "," "
"2544","USC00359461",2004,6,"SNWD",0,"P"," ","0",0,"P"," ","0",0,"P"," ","0",0,"P"," ","0",0,"P"," ","0",0,"P"," ","0",0,"P"," ","0",0,"P"," ","0",0,"P"," ","0",0,"P"," ","0",0,"P"," ","0",0,"P"," ","0",0,"P"," ","0",0,"P"," ","0",0,"P"," ","0",0,"P"," ","0",0,"P"," ","0",0,"P"," ","0",0,"P"," ","0",0,"P"," ","0",0,"P"," ","0",0,"P"," ","0",0,"P"," ","0",0,"P"," ","0",0,"P"," ","0",0,"P"," ","0",0,"P"," ","0",0,"P"," ","0",0,"P"," ","0",0,"P"," ","0",NA," "," "," "
"2545","USC00359461",2004,7,"TMAX",294," "," ","0",278," "," ","0",289," "," ","0",244," "," ","0",272," "," ","0",289," "," ","0",311," "," ","0",233," "," ","0",278," "," ","0",250," "," ","0",244," "," ","0",283," "," ","0",322," "," ","0",283," "," ","0",294," "," ","0",294," "," ","0",322," "," ","0",306," "," ","0",328," "," ","0",294," "," ","0",283," "," ","0",300," "," ","0",350," "," ","0",389," "," ","0",356," "," ","0",317," "," ","0",306," "," ","0",328," "," ","0",333," "," ","0",317," "," ","0",306," "," ","0"
"2546","USC00359461",2004,7,"TMIN",122," "," ","0",117," "," ","0",122," "," ","0",117," "," ","0",122," "," ","0",133," "," ","0",144," "," ","0",111," "," ","0",111," "," ","0",111," "," ","0",100," "," ","0",100," "," ","0",128," "," ","0",133," "," ","0",133," "," ","0",128," "," ","0",133," "," ","0",128," "," ","0",133," "," ","0",133," "," ","0",128," "," ","0",133," "," ","0",156," "," ","0",167," "," ","0",161," "," ","0",156," "," ","0",144," "," ","0",139," "," ","0",156," "," ","0",150," "," ","0",144," "," ","0"
"2547","USC00359461",2004,7,"TOBS",122," "," ","0",122," "," ","0",161," "," ","0",117," "," ","0",133," "," ","0",144," "," ","0",144," "," ","0",144," "," ","0",111," "," ","0",133," "," ","0",100," "," ","0",133," "," ","0",133," "," ","0",133," "," ","0",139," "," ","0",128," "," ","0",172," "," ","0",128," "," ","0",167," "," ","0",139," "," ","0",128," "," ","0",150," "," ","0",183," "," ","0",183," "," ","0",172," "," ","0",167," "," ","0",150," "," ","0",156," "," ","0",156," "," ","0",150," "," ","0",156," "," ","0"
"2548","USC00359461",2004,7,"PRCP",0," "," ","0",0," "," ","0",0," "," ","0",0," "," ","0",0," "," ","0",0," "," ","0",0," "," ","0",0," "," ","0",0," "," ","0",0," "," ","0",0," "," ","0",0," "," ","0",0," "," ","0",0," "," ","0",0," "," ","0",0," "," ","0",0," "," ","0",0," "," ","0",33," "," ","0",0," "," ","0",0," "," ","0",0," "," ","0",0," "," ","0",0," "," ","0",0," "," ","0",0," "," ","0",0," "," ","0",0," "," ","0",0," "," ","0",0," "," ","0",0," "," ","0"
"2549","USC00359461",2004,7,"SNOW",0,"P"," ","0",0,"P"," ","0",0,"P"," ","0",0,"P"," ","0",0,"P"," ","0",0,"P"," ","0",0,"P"," ","0",0,"P"," ","0",0,"P"," ","0",0,"P"," ","0",0,"P"," ","0",0,"P"," ","0",0,"P"," ","0",0,"P"," ","0",0,"P"," ","0",0,"P"," ","0",0,"P"," ","0",0,"P"," ","0",0,"P"," ","0",0,"P"," ","0",0,"P"," ","0",0,"P"," ","0",0,"P"," ","0",0,"P"," ","0",0,"P"," ","0",0,"P"," ","0",0,"P"," ","0",0,"P"," ","0",0,"P"," ","0",0,"P"," ","0",0,"P"," ","0"
"2550","USC00359461",2004,7,"SNWD",0,"P"," ","0",0,"P"," ","0",0,"P"," ","0",0,"P"," ","0",0,"P"," ","0",0,"P"," ","0",0,"P"," ","0",0,"P"," ","0",0,"P"," ","0",0,"P"," ","0",0,"P"," ","0",0,"P"," ","0",0,"P"," ","0",0,"P"," ","0",0,"P"," ","0",0,"P"," ","0",0,"P"," ","0",0,"P"," ","0",0,"P"," ","0",0,"P"," ","0",0,"P"," ","0",0,"P"," ","0",0,"P"," ","0",0,"P"," ","0",0,"P"," ","0",0,"P"," ","0",0,"P"," ","0",0,"P"," ","0",0,"P"," ","0",0,"P"," ","0",0,"P"," ","0"
"2551","USC00359461",2004,8,"TMAX",294," "," ","0",294," "," ","0",233," "," ","0",289," "," ","0",250," "," ","0",261," "," ","0",250," "," ","0",294," "," ","0",361," "," ","0",361," "," ","0",344," "," ","0",350," "," ","0",333," "," ","0",344," "," ","0",311," "," ","0",306," "," ","0",317," "," ","0",322," "," ","0",333," "," ","0",328," "," ","0",339," "," ","0",300," "," ","0",211," "," ","0",228," "," ","0",233," "," ","0",217," "," ","0",233," "," ","0",250," "," ","0",283," "," ","0",306," "," ","0",328," "," ","0"
"2552","USC00359461",2004,8,"TMIN",139," "," ","0",139," "," ","0",144," "," ","0",156," "," ","0",117," "," ","0",144," "," ","0",117," "," ","0",122," "," ","0",150," "," ","0",139," "," ","0",156," "," ","0",161," "," ","0",156," "," ","0",156," "," ","0",139," "," ","0",122," "," ","0",122," "," ","0",139," "," ","0",189," ","I","0",161," "," ","0",156," "," ","0",156," "," ","0",144," "," ","0",139," "," ","0",139," "," ","0",133," "," ","0",133," "," ","0",144," "," ","0",133," "," ","0",122," "," ","0",122," "," ","0"
"2553","USC00359461",2004,8,"TOBS",144," "," ","0",139," "," ","0",161," "," ","0",156," "," ","0",156," "," ","0",156," "," ","0",144," "," ","0",156," "," ","0",178," "," ","0",167," "," ","0",178," "," ","0",161," "," ","0",156," "," ","0",167," "," ","0",139," "," ","0",122," "," ","0",133," "," ","0",139," ","I","0",189," "," ","0",167," "," ","0",161," "," ","0",206," "," ","0",150," "," ","0",144," "," ","0",156," "," ","0",139," "," ","0",150," "," ","0",150," "," ","0",133," "," ","0",122," "," ","0",139," "," ","0"
"2554","USC00359461",2004,8,"PRCP",0," "," ","0",0," "," ","0",0," "," ","0",0," "," ","0",0," "," ","0",0,"T"," ","0",0," "," ","0",0," "," ","0",0," "," ","0",0," "," ","0",0," "," ","0",0," "," ","0",0," "," ","0",0," "," ","0",0," "," ","0",0," "," ","0",0," "," ","0",0," "," ","0",0," "," ","0",0," "," ","0",0," "," ","0",0," "," ","0",107," "," ","0",33," "," ","0",3," "," ","0",76," "," ","0",8," "," ","0",0," "," ","0",0," "," ","0",0," "," ","0",0," "," ","0"
"2555","USC00359461",2004,8,"SNOW",0,"P"," ","0",0,"P"," ","0",0,"P"," ","0",0,"P"," ","0",0,"P"," ","0",0,"P"," ","0",0,"P"," ","0",0,"P"," ","0",0,"P"," ","0",0,"P"," ","0",0,"P"," ","0",0,"P"," ","0",0,"P"," ","0",0,"P"," ","0",0,"P"," ","0",0,"P"," ","0",0,"P"," ","0",0,"P"," ","0",0,"P"," ","0",0,"P"," ","0",0,"P"," ","0",0,"P"," ","0",0,"P"," ","0",0,"P"," ","0",0,"P"," ","0",0,"P"," ","0",0,"P"," ","0",0,"P"," ","0",0,"P"," ","0",0,"P"," ","0",0,"P"," ","0"
"2556","USC00359461",2004,8,"SNWD",0,"P"," ","0",0,"P"," ","0",0,"P"," ","0",0,"P"," ","0",0,"P"," ","0",0,"P"," ","0",0,"P"," ","0",0,"P"," ","0",0,"P"," ","0",0,"P"," ","0",0,"P"," ","0",0,"P"," ","0",0,"P"," ","0",0,"P"," ","0",0,"P"," ","0",0,"P"," ","0",0,"P"," ","0",0,"P"," ","0",0,"P"," ","0",0,"P"," ","0",0,"P"," ","0",0,"P"," ","0",0,"P"," ","0",0,"P"," ","0",0,"P"," ","0",0,"P"," ","0",0,"P"," ","0",0,"P"," ","0",0,"P"," ","0",0,"P"," ","0",0,"P"," ","0"
"2557","USC00359461",2004,9,"TMAX",328," "," ","0",228," "," ","0",217," "," ","0",233," "," ","0",256," "," ","0",256," "," ","0",289," "," ","0",289," "," ","0",278," "," ","0",250," "," ","0",300," "," ","0",222," "," ","0",228," "," ","0",211," "," ","0",239," "," ","0",239," "," ","0",228," "," ","0",200," "," ","0",189," "," ","0",167," "," ","0",200," "," ","0",228," "," ","0",244," "," ","0",250," "," ","0",267," "," ","0",178," "," ","0",183," "," ","0",233," "," ","0",256," "," ","0",167," "," ","0",NA," "," "," "
"2558","USC00359461",2004,9,"TMIN",139," "," ","0",89," "," ","0",100," "," ","0",100," "," ","0",106," "," ","0",94," "," ","0",94," "," ","0",106," "," ","0",100," "," ","0",111," "," ","0",111," "," ","0",128," "," ","0",128," "," ","0",117," "," ","0",122," "," ","0",144," "," ","0",139," "," ","0",94," "," ","0",83," "," ","0",83," "," ","0",56," "," ","0",61," "," ","0",78," "," ","0",83," "," ","0",100," "," ","0",128," "," ","0",133," "," ","0",117," "," ","0",117," "," ","0",111," "," ","0",NA," "," "," "
"2559","USC00359461",2004,9,"TOBS",150," "," ","0",106," "," ","0",111," "," ","0",111," "," ","0",111," "," ","0",100," "," ","0",100," "," ","0",106," "," ","0",150," "," ","0",111," "," ","0",172," "," ","0",128," "," ","0",133," "," ","0",117," "," ","0",150," "," ","0",144," "," ","0",139," "," ","0",94," "," ","0",94," "," ","0",83," "," ","0",56," "," ","0",72," "," ","0",83," "," ","0",100," "," ","0",128," "," ","0",133," "," ","0",144," "," ","0",122," "," ","0",139," "," ","0",117," "," ","0",NA," "," "," "
"2560","USC00359461",2004,9,"PRCP",0," "," ","0",0," "," ","0",30," "," ","0",0," "," ","0",0," "," ","0",0," "," ","0",0," "," ","0",0," "," ","0",0," "," ","0",0," "," ","0",0," "," ","0",28," "," ","0",20," "," ","0",10," "," ","0",8," "," ","0",5," "," ","0",8," "," ","0",163," "," ","0",99," "," ","0",48," "," ","0",0," "," ","0",0," "," ","0",0," "," ","0",0," "," ","0",0," "," ","0",0," "," ","0",0," "," ","0",0," "," ","0",0," "," ","0",0," "," ","0",NA," "," "," "
"2561","USC00359461",2004,9,"SNOW",0,"P"," ","0",0,"P"," ","0",0,"P"," ","0",0,"P"," ","0",0,"P"," ","0",0,"P"," ","0",0,"P"," ","0",0,"P"," ","0",0,"P"," ","0",0,"P"," ","0",0,"P"," ","0",0,"P"," ","0",0,"P"," ","0",0,"P"," ","0",0,"P"," ","0",0,"P"," ","0",0,"P"," ","0",0,"P"," ","0",0,"P"," ","0",0,"P"," ","0",0,"P"," ","0",0,"P"," ","0",0,"P"," ","0",0,"P"," ","0",0,"P"," ","0",0,"P"," ","0",0,"P"," ","0",0,"P"," ","0",0,"P"," ","0",0,"P"," ","0",NA," "," "," "
"2562","USC00359461",2004,9,"SNWD",0,"P"," ","0",0,"P"," ","0",0,"P"," ","0",0,"P"," ","0",0,"P"," ","0",0,"P"," ","0",0,"P"," ","0",0,"P"," ","0",0,"P"," ","0",0,"P"," ","0",0,"P"," ","0",0,"P"," ","0",0,"P"," ","0",0,"P"," ","0",0,"P"," ","0",0,"P"," ","0",0,"P"," ","0",0,"P"," ","0",0,"P"," ","0",0,"P"," ","0",0,"P"," ","0",0,"P"," ","0",0,"P"," ","0",0,"P"," ","0",0,"P"," ","0",0,"P"," ","0",0,"P"," ","0",0,"P"," ","0",0,"P"," ","0",0,"P"," ","0",NA," "," "," "
"2563","USC00359461",2004,10,"TMAX",211," "," ","0",256," "," ","0",256," "," ","0",267," "," ","0",272," "," ","0",272," "," ","0",200," "," ","0",261," "," ","0",233," "," ","0",172," "," ","0",172," "," ","0",194," "," ","0",217," "," ","0",239," "," ","0",244," "," ","0",228," "," ","0",178," "," ","0",167," "," ","0",144," "," ","0",161," "," ","0",133," "," ","0",150," "," ","0",128," "," ","0",128," "," ","0",139," "," ","0",133," "," ","0",133," "," ","0",106," "," ","0",128," "," ","0",150," "," ","0",144," "," ","0"
"2564","USC00359461",2004,10,"TMIN",100," "," ","0",56," "," ","0",89," "," ","0",83," "," ","0",100," ","I","0",83," "," ","0",83," "," ","0",106," "," ","0",83," "," ","0",83," "," ","0",78," "," ","0",72," "," ","0",83," ","I","0",100," "," ","0",83," "," ","0",89," "," ","0",117," "," ","0",83," "," ","0",83," "," ","0",67," "," ","0",61," "," ","0",72," "," ","0",89," "," ","0",50," "," ","0",28," "," ","0",44," "," ","0",33," "," ","0",61," "," ","0",78," "," ","0",83," "," ","0",44," "," ","0"
"2565","USC00359461",2004,10,"TOBS",139," "," ","0",106," "," ","0",106," "," ","0",89," "," ","0",89," "," ","0",161," "," ","0",139," "," ","0",106," "," ","0",89," "," ","0",83," "," ","0",94," "," ","0",72," ","I","0",106," "," ","0",100," "," ","0",89," "," ","0",117," "," ","0",150," "," ","0",89," "," ","0",139," "," ","0",83," "," ","0",78," "," ","0",83," "," ","0",94," "," ","0",56," "," ","0",50," "," ","0",44," "," ","0",67," "," ","0",83," "," ","0",89," "," ","0",83," "," ","0",50," "," ","0"
"2566","USC00359461",2004,10,"PRCP",0," "," ","0",0," "," ","0",0," "," ","0",0," "," ","0",0," "," ","0",0,"T"," ","0",10," "," ","0",0," "," ","0",264," "," ","0",30," "," ","0",0," "," ","0",0," "," ","0",0," "," ","0",0," "," ","0",0," "," ","0",0," "," ","0",0," "," ","0",183," "," ","0",5," "," ","0",30," "," ","0",3," "," ","0",5," "," ","0",259," "," ","0",3," "," ","0",0," "," ","0",46," "," ","0",8," "," ","0",13," "," ","0",8," "," ","0",30," "," ","0",25," "," ","0"
"2567","USC00359461",2004,10,"SNOW",0,"P"," ","0",0,"P"," ","0",0,"P"," ","0",0,"P"," ","0",0,"P"," ","0",0,"P"," ","0",0,"P"," ","0",0,"P"," ","0",0,"P"," ","0",0,"P"," ","0",0,"P"," ","0",0,"P"," ","0",0,"P"," ","0",0,"P"," ","0",0,"P"," ","0",0,"P"," ","0",0,"P"," ","0",0,"P"," ","0",0,"P"," ","0",0,"P"," ","0",0,"P"," ","0",0,"P"," ","0",0,"P"," ","0",0,"P"," ","0",0,"P"," ","0",0,"P"," ","0",0,"P"," ","0",0,"P"," ","0",0,"P"," ","0",0,"P"," ","0",0,"P"," ","0"
"2568","USC00359461",2004,10,"SNWD",0,"P"," ","0",0,"P"," ","0",0,"P"," ","0",0,"P"," ","0",0,"P"," ","0",0,"P"," ","0",0,"P"," ","0",0,"P"," ","0",0,"P"," ","0",0,"P"," ","0",0,"P"," ","0",0,"P"," ","0",0,"P"," ","0",0,"P"," ","0",0,"P"," ","0",0,"P"," ","0",0,"P"," ","0",0,"P"," ","0",0,"P"," ","0",0,"P"," ","0",0,"P"," ","0",0,"P"," ","0",0,"P"," ","0",0,"P"," ","0",0,"P"," ","0",0,"P"," ","0",0,"P"," ","0",0,"P"," ","0",0,"P"," ","0",0,"P"," ","0",0,"P"," ","0"
"2569","USC00359461",2004,11,"TMAX",133," "," ","0",139," "," ","0",161," "," ","0",94," "," ","0",128," "," ","0",122," "," ","0",133," "," ","0",133," "," ","0",89," "," ","0",117," "," ","0",117," "," ","0",111," "," ","0",139," "," ","0",128," "," ","0",161," "," ","0",122," "," ","0",144," "," ","0",144," "," ","0",117," "," ","0",94," "," ","0",61," "," ","0",83," "," ","0",111," "," ","0",111," "," ","0",150," "," ","0",144," "," ","0",78," "," ","0",94," "," ","0",72," "," ","0",89," "," ","0",NA," "," "," "
"2570","USC00359461",2004,11,"TMIN",44," "," ","0",56," "," ","0",67," "," ","0",17," "," ","0",6," "," ","0",11," "," ","0",28," "," ","0",28," "," ","0",44," "," ","0",67," "," ","0",78," ","I","0",89," "," ","0",83," "," ","0",67," "," ","0",67," "," ","0",89," ","I","0",50," "," ","0",39," "," ","0",33," "," ","0",6," "," ","0",28," "," ","0",-6," "," ","0",11," ","I","0",50," "," ","0",83," "," ","0",39," "," ","0",33," "," ","0",-6," "," ","0",-6," "," ","0",6," "," ","0",NA," "," "," "
"2571","USC00359461",2004,11,"TOBS",67," "," ","0",100," "," ","0",72," "," ","0",17," "," ","0",11," "," ","0",22," "," ","0",28," "," ","0",39," "," ","0",67," "," ","0",67," ","I","0",94," "," ","0",89," "," ","0",94," "," ","0",67," "," ","0",78," "," ","0",78," "," ","0",67," "," ","0",67," "," ","0",39," "," ","0",22," "," ","0",28," "," ","0",0," ","I","0",44," "," ","0",83," "," ","0",100," "," ","0",56," "," ","0",44," "," ","0",11," "," ","0",17," "," ","0",44," "," ","0",NA," "," "," "
"2572","USC00359461",2004,11,"PRCP",0,"T"," ","0",0,"T"," ","0",213," "," ","0",0,"T"," ","0",0," "," ","0",0," "," ","0",0," "," ","0",0," "," ","0",0," "," ","0",0," "," ","0",3," "," ","0",0," "," ","0",20," "," ","0",0," "," ","0",0," "," ","0",48," "," ","0",0," "," ","0",23," "," ","0",15," "," ","0",3," "," ","0",0," "," ","0",0," "," ","0",0," "," ","0",0," "," ","0",64," "," ","0",41," "," ","0",0," "," ","0",8," "," ","0",0," "," ","0",18," "," ","0",NA," "," "," "
"2573","USC00359461",2004,11,"SNOW",0,"P"," ","0",0,"P"," ","0",0,"P"," ","0",0,"P"," ","0",0,"P"," ","0",0,"P"," ","0",0,"P"," ","0",0,"P"," ","0",0,"P"," ","0",0,"P"," ","0",0,"P"," ","0",0,"P"," ","0",0,"P"," ","0",0,"P"," ","0",0,"P"," ","0",0,"P"," ","0",0,"P"," ","0",0,"P"," ","0",0,"P"," ","0",0,"P"," ","0",0,"P"," ","0",0,"P"," ","0",0,"P"," ","0",0,"P"," ","0",0,"P"," ","0",0,"P"," ","0",0,"P"," ","0",0,"P"," ","0",0,"P"," ","0",0,"P"," ","0",NA," "," "," "
"2574","USC00359461",2004,11,"SNWD",0,"P"," ","0",0,"P"," ","0",0,"P"," ","0",0,"P"," ","0",0,"P"," ","0",0,"P"," ","0",0,"P"," ","0",0,"P"," ","0",0,"P"," ","0",0,"P"," ","0",0,"P"," ","0",0,"P"," ","0",0,"P"," ","0",0,"P"," ","0",0,"P"," ","0",0,"P"," ","0",0,"P"," ","0",0,"P"," ","0",0,"P"," ","0",0,"P"," ","0",0,"P"," ","0",0,"P"," ","0",0,"P"," ","0",0,"P"," ","0",0,"P"," ","0",0,"P"," ","0",0,"P"," ","0",0,"P"," ","0",0,"P"," ","0",0,"P"," ","0",NA," "," "," "
"2575","USC00359461",2004,12,"TMAX",89," "," ","0",94," "," ","0",50," "," ","0",56," "," ","0",61," "," ","0",83," "," ","0",67," "," ","0",111," "," ","0",111," "," ","0",150," "," ","0",144," "," ","0",133," "," ","0",94," "," ","0",161," "," ","0",150," "," ","0",89," "," ","0",106," "," ","0",111," "," ","0",72," "," ","0",78," "," ","0",83," "," ","0",56," "," ","0",78," "," ","0",89," "," ","0",56," "," ","0",100," "," ","0",61," "," ","0",72," "," ","0",78," "," ","0",94," "," ","0",72," "," ","0"
"2576","USC00359461",2004,12,"TMIN",33," "," ","0",11," "," ","0",33," "," ","0",22," "," ","0",28," "," ","0",44," "," ","0",11," "," ","0",83," ","I","0",100," "," ","0",89," "," ","0",89," "," ","0",78," "," ","0",78," "," ","0",78," "," ","0",44," "," ","0",44," "," ","0",28," "," ","0",33," "," ","0",39," "," ","0",33," "," ","0",-6," "," ","0",11," "," ","0",39," "," ","0",6," "," ","0",-6," "," ","0",-6," "," ","0",39," "," ","0",44," "," ","0",33," "," ","0",28," "," ","0",-11," "," ","0"
"2577","USC00359461",2004,12,"TOBS",56," "," ","0",33," "," ","0",33," "," ","0",22," "," ","0",61," "," ","0",50," "," ","0",33," "," ","0",100," "," ","0",111," "," ","0",94," "," ","0",111," "," ","0",78," "," ","0",89," "," ","0",94," "," ","0",56," "," ","0",50," "," ","0",39," "," ","0",44," "," ","0",39," "," ","0",50," "," ","0",6," "," ","0",39," "," ","0",50," "," ","0",11," "," ","0",0," "," ","0",39," "," ","0",39," "," ","0",50," "," ","0",56," "," ","0",28," "," ","0",6," "," ","0"
"2578","USC00359461",2004,12,"PRCP",28," "," ","0",3," "," ","0",0," "," ","0",0," "," ","0",0,"T"," ","0",15," "," ","0",493," "," ","0",173," "," ","0",480," "," ","0",43," "," ","0",0," "," ","0",3," "," ","0",0," "," ","0",48," "," ","0",3," "," ","0",0," "," ","0",0," "," ","0",3," "," ","0",3," "," ","0",3," "," ","0",0," "," ","0",5," "," ","0",3," "," ","0",0," "," ","0",0," "," ","0",112," "," ","0",8," "," ","0",5," "," ","0",41," "," ","0",28," "," ","0",13," "," ","0"
"2579","USC00359461",2004,12,"SNOW",0,"P"," ","0",0,"P"," ","0",0,"P"," ","0",0,"P"," ","0",0,"P"," ","0",0,"P"," ","0",0,"P"," ","0",0,"P"," ","0",0,"P"," ","0",0,"P"," ","0",0,"P"," ","0",0,"P"," ","0",0,"P"," ","0",0,"P"," ","0",0,"P"," ","0",0,"P"," ","0",0,"P"," ","0",0,"P"," ","0",0,"P"," ","0",0,"P"," ","0",0,"P"," ","0",0,"P"," ","0",0,"P"," ","0",0,"P"," ","0",0,"P"," ","0",0,"P"," ","0",0,"P"," ","0",0,"P"," ","0",0,"P"," ","0",0,"P"," ","0",0,"P"," ","0"
"2580","USC00359461",2004,12,"SNWD",0,"P"," ","0",0,"P"," ","0",0,"P"," ","0",0,"P"," ","0",0,"P"," ","0",0,"P"," ","0",0,"P"," ","0",0,"P"," ","0",0,"P"," ","0",0,"P"," ","0",0,"P"," ","0",0,"P"," ","0",0,"P"," ","0",0,"P"," ","0",0,"P"," ","0",0,"P"," ","0",0,"P"," ","0",0,"P"," ","0",0,"P"," ","0",0,"P"," ","0",0,"P"," ","0",0,"P"," ","0",0,"P"," ","0",0,"P"," ","0",0,"P"," ","0",0,"P"," ","0",0,"P"," ","0",0,"P"," ","0",0,"P"," ","0",0,"P"," ","0",0,"P"," ","0"
"2581","USC00359461",2005,1,"TMAX",100," "," ","0",67," "," ","0",33," "," ","0",28," "," ","0",39," "," ","0",56," "," ","0",72," "," ","0",50," "," ","0",44," "," ","0",56," "," ","0",50," "," ","0",50," "," ","0",89," "," ","0",61," "," ","0",56," "," ","0",78," "," ","0",133," "," ","0",128," "," ","0",200," "," ","0",150," "," ","0",161," "," ","0",139," "," ","0",128," "," ","0",133," "," ","0",106," "," ","0",100," "," ","0",122," "," ","0",122," "," ","0",122," "," ","0",128," "," ","0",122," "," ","0"
"2582","USC00359461",2005,1,"TMIN",0," "," ","0",6," "," ","0",6," "," ","0",6," "," ","0",-33," "," ","0",-6," "," ","0",17," "," ","0",11," "," ","0",0," "," ","0",6," "," ","0",6," "," ","0",0," "," ","0",0," "," ","0",-11," "," ","0",-6," "," ","0",39," "," ","0",44," "," ","0",67," "," ","0",61," "," ","0",56," "," ","0",17," "," ","0",17," "," ","0",33," "," ","0",28," "," ","0",33," "," ","0",50," "," ","0",33," "," ","0",28," "," ","0",28," "," ","0",-6," "," ","0",-6," "," ","0"
"2583","USC00359461",2005,1,"TOBS",22," "," ","0",6," "," ","0",11," "," ","0",6," "," ","0",-11," "," ","0",28," "," ","0",33," "," ","0",28," "," ","0",17," "," ","0",22," "," ","0",11," "," ","0",22," "," ","0",0," "," ","0",-6," "," ","0",39," "," ","0",50," "," ","0",72," "," ","0",106," "," ","0",61," "," ","0",67," "," ","0",22," "," ","0",39," "," ","0",50," "," ","0",44," "," ","0",50," "," ","0",78," "," ","0",33," "," ","0",33," "," ","0",61," "," ","0",-6," "," ","0",22," "," ","0"
"2584","USC00359461",2005,1,"PRCP",25," "," ","0",30," "," ","0",0," "," ","0",0,"T"," ","0",0," "," ","0",0," "," ","0",13," "," ","0",117," "," ","0",193," "," ","0",23," "," ","0",0," "," ","0",0," "," ","0",3," "," ","0",0," "," ","0",38," "," ","0",8," "," ","0",5," "," ","0",0," "," ","0",0," "," ","0",0," "," ","0",0," "," ","0",0," "," ","0",0," "," ","0",8," "," ","0",0," "," ","0",8," "," ","0",3," "," ","0",0,"T"," ","0",0,"T"," ","0",0," "," ","0",0,"T"," ","0"
"2585","USC00359461",2005,1,"SNOW",0,"P"," ","0",0,"P"," ","0",0,"P"," ","0",0,"P"," ","0",0,"P"," ","0",0,"P"," ","0",0,"P"," ","0",0,"P"," ","0",0,"P"," ","0",0,"P"," ","0",0,"P"," ","0",0,"P"," ","0",0,"P"," ","0",0,"P"," ","0",0,"P"," ","0",0,"P"," ","0",0,"P"," ","0",0,"P"," ","0",0,"P"," ","0",0,"P"," ","0",0,"P"," ","0",0,"P"," ","0",0,"P"," ","0",0,"P"," ","0",0,"P"," ","0",0,"P"," ","0",0,"P"," ","0",0,"P"," ","0",0,"P"," ","0",0,"P"," ","0",0,"P"," ","0"
"2586","USC00359461",2005,1,"SNWD",0,"P"," ","0",0,"P"," ","0",0,"P"," ","0",0,"P"," ","0",0,"P"," ","0",0,"P"," ","0",0,"P"," ","0",0,"P"," ","0",0,"P"," ","0",0,"P"," ","0",0,"P"," ","0",0,"P"," ","0",0,"P"," ","0",0,"P"," ","0",0,"P"," ","0",0,"P"," ","0",0,"P"," ","0",0,"P"," ","0",0,"P"," ","0",0,"P"," ","0",0,"P"," ","0",0,"P"," ","0",0,"P"," ","0",0,"P"," ","0",0,"P"," ","0",0,"P"," ","0",0,"P"," ","0",0,"P"," ","0",0,"P"," ","0",0,"P"," ","0",0,"P"," ","0"
"2587","USC00359461",2005,2,"TMAX",128," "," ","0",139," "," ","0",144," "," ","0",144," "," ","0",111," "," ","0",100," "," ","0",89," "," ","0",89," "," ","0",111," "," ","0",83," "," ","0",94," "," ","0",133," "," ","0",94," "," ","0",89," "," ","0",61," "," ","0",83," "," ","0",122," "," ","0",144," "," ","0",156," "," ","0",83," "," ","0",128," "," ","0",133," "," ","0",144," "," ","0",178," "," ","0",144," "," ","0",111," "," ","0",183," "," ","0",200," "," ","0",NA," "," "," ",NA," "," "," ",NA," "," "," "
"2588","USC00359461",2005,2,"TMIN",28," "," ","0",-6," "," ","0",6," ","I","0",11," "," ","0",39," "," ","0",17," "," ","0",28," "," ","0",22," "," ","0",6," "," ","0",-6," "," ","0",-6," "," ","0",0," "," ","0",28," "," ","0",0," "," ","0",-28," "," ","0",-22," "," ","0",-22," "," ","0",-11," "," ","0",-17," "," ","0",39," "," ","0",39," "," ","0",22," "," ","0",22," "," ","0",17," "," ","0",28," "," ","0",72," "," ","0",67," "," ","0",67," "," ","0",NA," "," "," ",NA," "," "," ",NA," "," "," "
"2589","USC00359461",2005,2,"TOBS",44," "," ","0",-6," ","I","0",11," "," ","0",33," "," ","0",39," "," ","0",33," "," ","0",33," "," ","0",22," "," ","0",22," "," ","0",11," "," ","0",0," "," ","0",28," "," ","0",33," "," ","0",6," "," ","0",-22," "," ","0",-17," "," ","0",-6," "," ","0",-6," "," ","0",39," "," ","0",78," "," ","0",61," "," ","0",39," "," ","0",33," "," ","0",33," "," ","0",72," "," ","0",78," "," ","0",72," "," ","0",94," "," ","0",NA," "," "," ",NA," "," "," ",NA," "," "," "
"2590","USC00359461",2005,2,"PRCP",0," "," ","0",0," "," ","0",0," "," ","0",0," "," ","0",13," "," ","0",3," "," ","0",33," "," ","0",3," "," ","0",0," "," ","0",3," "," ","0",3," "," ","0",3," "," ","0",155," "," ","0",5," "," ","0",0," "," ","0",0," "," ","0",0," "," ","0",0," "," ","0",0," "," ","0",152," "," ","0",43," "," ","0",5," "," ","0",0,"T"," ","0",0,"T"," ","0",3," "," ","0",0,"T"," ","0",0," "," ","0",13," "," ","0",NA," "," "," ",NA," "," "," ",NA," "," "," "
"2591","USC00359461",2005,2,"SNOW",0,"P"," ","0",0,"P"," ","0",0,"P"," ","0",0,"P"," ","0",0,"P"," ","0",0,"P"," ","0",0,"P"," ","0",0,"P"," ","0",0,"P"," ","0",0,"P"," ","0",0,"P"," ","0",0,"P"," ","0",0,"P"," ","0",0,"P"," ","0",0,"P"," ","0",0,"P"," ","0",0,"P"," ","0",0,"P"," ","0",0,"P"," ","0",0,"P"," ","0",0,"P"," ","0",0,"P"," ","0",0,"P"," ","0",0,"P"," ","0",0,"P"," ","0",0,"P"," ","0",0,"P"," ","0",0,"P"," ","0",NA," "," "," ",NA," "," "," ",NA," "," "," "
"2592","USC00359461",2005,2,"SNWD",0,"P"," ","0",0,"P"," ","0",0,"P"," ","0",0,"P"," ","0",0,"P"," ","0",0,"P"," ","0",0,"P"," ","0",0,"P"," ","0",0,"P"," ","0",0,"P"," ","0",0,"P"," ","0",0,"P"," ","0",0,"P"," ","0",0,"P"," ","0",0,"P"," ","0",0,"P"," ","0",0,"P"," ","0",0,"P"," ","0",0,"P"," ","0",0,"P"," ","0",0,"P"," ","0",0,"P"," ","0",0,"P"," ","0",0,"P"," ","0",0,"P"," ","0",0,"P"," ","0",0,"P"," ","0",0,"P"," ","0",NA," "," "," ",NA," "," "," ",NA," "," "," "
"2593","USC00359461",2005,3,"TMAX",150," "," ","0",150," "," ","0",172," "," ","0",178," "," ","0",144," "," ","0",161," "," ","0",194," "," ","0",211," "," ","0",228," "," ","0",217," "," ","0",222," "," ","0",239," "," ","0",211," "," ","0",200," "," ","0",194," "," ","0",206," "," ","0",194," "," ","0",117," "," ","0",150," "," ","0",183," "," ","0",150," "," ","0",128," "," ","0",128," "," ","0",122," "," ","0",122," "," ","0",133," "," ","0",161," "," ","0",122," "," ","0",111," "," ","0",106," "," ","0",139," "," ","0"
"2594","USC00359461",2005,3,"TMIN",39," "," ","0",50," ","I","0",17," "," ","0",22," "," ","0",61," "," ","0",39," "," ","0",56," "," ","0",44," "," ","0",44," "," ","0",50," "," ","0",50," "," ","0",50," "," ","0",11," "," ","0",6," "," ","0",0," "," ","0",0," "," ","0",67," "," ","0",61," "," ","0",72," "," ","0",67," "," ","0",56," "," ","0",56," "," ","0",56," "," ","0",50," "," ","0",39," "," ","0",39," "," ","0",78," "," ","0",61," "," ","0",56," "," ","0",22," "," ","0",28," "," ","0"
"2595","USC00359461",2005,3,"TOBS",39," ","I","0",72," "," ","0",28," "," ","0",94," "," ","0",78," "," ","0",56," "," ","0",61," "," ","0",50," "," ","0",61," "," ","0",50," "," ","0",50," "," ","0",61," "," ","0",11," "," ","0",6," "," ","0",0," "," ","0",67," "," ","0",78," "," ","0",78," "," ","0",100," "," ","0",94," "," ","0",61," "," ","0",72," "," ","0",67," "," ","0",50," "," ","0",39," "," ","0",78," "," ","0",111," "," ","0",61," "," ","0",56," "," ","0",22," "," ","0",33," ","I","0"
"2596","USC00359461",2005,3,"PRCP",25," "," ","0",0,"T"," ","0",0," "," ","0",46," "," ","0",0," "," ","0",0," "," ","0",0," "," ","0",0," "," ","0",0," "," ","0",0," "," ","0",0," "," ","0",0," "," ","0",0," "," ","0",0," "," ","0",0," "," ","0",0," "," ","0",38," "," ","0",10," "," ","0",48," "," ","0",51," "," ","0",36," "," ","0",69," "," ","0",3," "," ","0",33," "," ","0",23," "," ","0",18," "," ","0",23," "," ","0",236," "," ","0",384," "," ","0",89," "," ","0",0," "," ","0"
"2597","USC00359461",2005,3,"SNOW",0,"P"," ","0",0,"P"," ","0",0,"P"," ","0",0,"P"," ","0",0,"P"," ","0",0,"P"," ","0",0,"P"," ","0",0,"P"," ","0",0,"P"," ","0",0,"P"," ","0",0,"P"," ","0",0,"P"," ","0",0,"P"," ","0",0,"P"," ","0",0,"P"," ","0",0,"P"," ","0",0,"P"," ","0",0,"P"," ","0",0,"P"," ","0",0,"P"," ","0",0,"P"," ","0",0,"P"," ","0",0,"P"," ","0",0,"P"," ","0",0,"P"," ","0",0,"P"," ","0",0,"P"," ","0",0,"P"," ","0",0,"P"," ","0",0,"P"," ","0",0,"P"," ","0"
"2598","USC00359461",2005,3,"SNWD",0,"P"," ","0",0,"P"," ","0",0,"P"," ","0",0,"P"," ","0",0,"P"," ","0",0,"P"," ","0",0,"P"," ","0",0,"P"," ","0",0,"P"," ","0",0,"P"," ","0",0,"P"," ","0",0,"P"," ","0",0,"P"," ","0",0,"P"," ","0",0,"P"," ","0",0,"P"," ","0",0,"P"," ","0",0,"P"," ","0",0,"P"," ","0",0,"P"," ","0",0,"P"," ","0",0,"P"," ","0",0,"P"," ","0",0,"P"," ","0",0,"P"," ","0",0,"P"," ","0",0,"P"," ","0",0,"P"," ","0",0,"P"," ","0",0,"P"," ","0",0,"P"," ","0"
"2599","USC00359461",2005,4,"TMAX",206," "," ","0",122," "," ","0",150," "," ","0",94," "," ","0",133," "," ","0",189," "," ","0",200," "," ","0",117," "," ","0",128," "," ","0",133," "," ","0",161," "," ","0",150," "," ","0",128," "," ","0",122," "," ","0",150," "," ","0",172," "," ","0",150," "," ","0",128," "," ","0",128," "," ","0",172," "," ","0",200," "," ","0",211," "," ","0",250," "," ","0",156," "," ","0",183," "," ","0",200," "," ","0",222," "," ","0",239," "," ","0",211," "," ","0",178," "," ","0",NA," "," "," "
"2600","USC00359461",2005,4,"TMIN",100," ","I","0",39," "," ","0",44," "," ","0",44," "," ","0",50," "," ","0",61," "," ","0",56," "," ","0",39," "," ","0",50," "," ","0",17," "," ","0",22," "," ","0",56," "," ","0",11," "," ","0",11," "," ","0",17," "," ","0",28," "," ","0",22," "," ","0",22," "," ","0",33," "," ","0",50," "," ","0",44," "," ","0",50," "," ","0",56," "," ","0",100," "," ","0",94," "," ","0",67," "," ","0",72," "," ","0",111," ","I","0",89," "," ","0",100," "," ","0",NA," "," "," "
"2601","USC00359461",2005,4,"TOBS",100," "," ","0",50," "," ","0",94," "," ","0",56," "," ","0",78," "," ","0",61," "," ","0",89," "," ","0",50," "," ","0",50," "," ","0",17," "," ","0",78," "," ","0",56," "," ","0",28," "," ","0",22," "," ","0",39," "," ","0",106," "," ","0",39," "," ","0",39," "," ","0",56," "," ","0",67," "," ","0",44," "," ","0",56," "," ","0",111," "," ","0",100," "," ","0",94," "," ","0",67," "," ","0",94," ","I","0",117," "," ","0",106," "," ","0",122," "," ","0",NA," "," "," "
"2602","USC00359461",2005,4,"PRCP",0," "," ","0",51," "," ","0",0," "," ","0",79," "," ","0",0," "," ","0",0," "," ","0",99," "," ","0",135," "," ","0",43," "," ","0",3," "," ","0",48," "," ","0",28," "," ","0",41," "," ","0",8," "," ","0",0,"T"," ","0",0," "," ","0",41," "," ","0",69," "," ","0",33," "," ","0",0," "," ","0",0," "," ","0",0," "," ","0",18," "," ","0",132," "," ","0",15," "," ","0",0," "," ","0",0," "," ","0",0," "," ","0",0," "," ","0",0," "," ","0",NA," "," "," "
"2603","USC00359461",2005,4,"SNOW",0,"P"," ","0",0,"P"," ","0",0,"P"," ","0",0,"P"," ","0",0,"P"," ","0",0,"P"," ","0",0,"P"," ","0",0,"P"," ","0",0,"P"," ","0",0,"P"," ","0",0,"P"," ","0",0,"P"," ","0",0,"P"," ","0",0,"P"," ","0",0,"P"," ","0",0,"P"," ","0",0,"P"," ","0",0,"P"," ","0",0,"P"," ","0",0,"P"," ","0",0,"P"," ","0",0,"P"," ","0",0,"P"," ","0",0,"P"," ","0",0,"P"," ","0",0,"P"," ","0",0,"P"," ","0",0,"P"," ","0",0,"P"," ","0",0,"P"," ","0",NA," "," "," "
"2604","USC00359461",2005,4,"SNWD",0,"P"," ","0",0,"P"," ","0",0,"P"," ","0",0,"P"," ","0",0,"P"," ","0",0,"P"," ","0",0,"P"," ","0",0,"P"," ","0",0,"P"," ","0",0,"P"," ","0",0,"P"," ","0",0,"P"," ","0",0,"P"," ","0",0,"P"," ","0",0,"P"," ","0",0,"P"," ","0",0,"P"," ","0",0,"P"," ","0",0,"P"," ","0",0,"P"," ","0",0,"P"," ","0",0,"P"," ","0",0,"P"," ","0",0,"P"," ","0",0,"P"," ","0",0,"P"," ","0",0,"P"," ","0",0,"P"," ","0",0,"P"," ","0",0,"P"," ","0",NA," "," "," "
"2605","USC00359461",2005,5,"TMAX",217," "," ","0",211," "," ","0",228," "," ","0",239," "," ","0",206," "," ","0",161," "," ","0",156," "," ","0",189," "," ","0",189," "," ","0",111," "," ","0",128," "," ","0",172," "," ","0",233," "," ","0",239," "," ","0",261," "," ","0",200," "," ","0",156," "," ","0",172," "," ","0",211," "," ","0",194," "," ","0",172," "," ","0",217," "," ","0",194," "," ","0",200," "," ","0",222," "," ","0",317," "," ","0",339," "," ","0",311," "," ","0",167," "," ","0",189," "," ","0",228," "," ","0"
"2606","USC00359461",2005,5,"TMIN",111," "," ","0",117," "," ","0",78," "," ","0",72," "," ","0",111," "," ","0",111," "," ","0",106," "," ","0",111," ","I","0",106," "," ","0",72," "," ","0",83," "," ","0",67," "," ","0",78," "," ","0",111," "," ","0",128," "," ","0",106," "," ","0",78," "," ","0",83," "," ","0",94," "," ","0",89," "," ","0",61," "," ","0",78," "," ","0",56," "," ","0",67," "," ","0",78," "," ","0",89," ","I","0",122," "," ","0",139," "," ","0",111," "," ","0",111," "," ","0",106," "," ","0"
"2607","USC00359461",2005,5,"TOBS",117," "," ","0",128," "," ","0",83," "," ","0",133," "," ","0",111," "," ","0",117," "," ","0",106," "," ","0",100," ","I","0",106," "," ","0",83," "," ","0",83," "," ","0",78," "," ","0",111," "," ","0",133," "," ","0",150," "," ","0",111," "," ","0",94," "," ","0",111," "," ","0",100," "," ","0",89," "," ","0",100," "," ","0",83," "," ","0",61," "," ","0",72," "," ","0",78," ","I","0",117," "," ","0",139," "," ","0",133," "," ","0",111," "," ","0",133," "," ","0",111," ","I","0"
"2608","USC00359461",2005,5,"PRCP",0," "," ","0",0," "," ","0",0," "," ","0",53," "," ","0",81," "," ","0",8," "," ","0",13," "," ","0",79," "," ","0",99," "," ","0",572," "," ","0",89," "," ","0",3," "," ","0",0," "," ","0",3," "," ","0",3," "," ","0",3," "," ","0",13," "," ","0",165," "," ","0",10," "," ","0",5," "," ","0",18," "," ","0",0,"T"," ","0",0," "," ","0",0," "," ","0",0," "," ","0",0," "," ","0",0," "," ","0",117," "," ","0",257," "," ","0",3," "," ","0",0," "," ","0"
"2609","USC00359461",2005,5,"SNOW",0,"P"," ","0",0,"P"," ","0",0,"P"," ","0",0,"P"," ","0",0,"P"," ","0",0,"P"," ","0",0,"P"," ","0",0,"P"," ","0",0,"P"," ","0",0,"P"," ","0",0,"P"," ","0",0,"P"," ","0",0,"P"," ","0",0,"P"," ","0",0,"P"," ","0",0,"P"," ","0",0,"P"," ","0",0,"P"," ","0",0,"P"," ","0",0,"P"," ","0",0,"P"," ","0",0,"P"," ","0",0,"P"," ","0",0,"P"," ","0",0,"P"," ","0",0,"P"," ","0",0,"P"," ","0",0,"P"," ","0",0,"P"," ","0",0,"P"," ","0",0,"P"," ","0"
"2610","USC00359461",2005,5,"SNWD",0,"P"," ","0",0,"P"," ","0",0,"P"," ","0",0,"P"," ","0",0,"P"," ","0",0,"P"," ","0",0,"P"," ","0",0,"P"," ","0",0,"P"," ","0",0,"P"," ","0",0,"P"," ","0",0,"P"," ","0",0,"P"," ","0",0,"P"," ","0",0,"P"," ","0",0,"P"," ","0",0,"P"," ","0",0,"P"," ","0",0,"P"," ","0",0,"P"," ","0",0,"P"," ","0",0,"P"," ","0",0,"P"," ","0",0,"P"," ","0",0,"P"," ","0",0,"P"," ","0",0,"P"," ","0",0,"P"," ","0",0,"P"," ","0",0,"P"," ","0",0,"P"," ","0"
"2611","USC00359461",2005,6,"TMAX",183," "," ","0",178," "," ","0",200," "," ","0",228," "," ","0",211," "," ","0",161," "," ","0",139," "," ","0",167," "," ","0",239," "," ","0",256," "," ","0",206," "," ","0",189," "," ","0",239," "," ","0",222," "," ","0",200," "," ","0",261," "," ","0",217," "," ","0",206," "," ","0",228," "," ","0",256," "," ","0",272," "," ","0",239," "," ","0",228," "," ","0",250," "," ","0",283," "," ","0",272," "," ","0",222," "," ","0",200," "," ","0",239," "," ","0",272," "," ","0",NA," "," "," "
"2612","USC00359461",2005,6,"TMIN",122," ","I","0",117," "," ","0",83," "," ","0",72," "," ","0",78," "," ","0",89," "," ","0",78," "," ","0",61," "," ","0",117," ","I","0",106," "," ","0",117," "," ","0",94," "," ","0",117," "," ","0",117," "," ","0",39," "," ","0",100," "," ","0",133," "," ","0",111," "," ","0",117," "," ","0",111," "," ","0",117," "," ","0",133," "," ","0",122," "," ","0",111," "," ","0",117," "," ","0",133," "," ","0",139," "," ","0",144," "," ","0",122," "," ","0",133," "," ","0",NA," "," "," "
"2613","USC00359461",2005,6,"TOBS",122," "," ","0",117," "," ","0",94," "," ","0",78," "," ","0",100," "," ","0",89," "," ","0",89," "," ","0",61," ","I","0",150," "," ","0",128," "," ","0",128," "," ","0",122," "," ","0",139," "," ","0",128," "," ","0",111," "," ","0",133," "," ","0",139," "," ","0",111," "," ","0",122," "," ","0",111," "," ","0",133," "," ","0",133," "," ","0",133," "," ","0",122," "," ","0",139," "," ","0",144," "," ","0",144," "," ","0",150," "," ","0",139," "," ","0",139," "," ","0",NA," "," "," "
"2614","USC00359461",2005,6,"PRCP",5," "," ","0",8," "," ","0",0," "," ","0",0," "," ","0",0," "," ","0",102," "," ","0",94," "," ","0",23," "," ","0",0," "," ","0",0," "," ","0",8," "," ","0",0," "," ","0",0,"T"," ","0",0," "," ","0",0," "," ","0",5," "," ","0",0,"T"," ","0",15," "," ","0",3," "," ","0",20," "," ","0",0," "," ","0",0," "," ","0",0," "," ","0",0," "," ","0",0," "," ","0",0," "," ","0",3," "," ","0",13," "," ","0",0," "," ","0",0," "," ","0",NA," "," "," "
"2615","USC00359461",2005,6,"SNOW",0,"P"," ","0",0,"P"," ","0",0,"P"," ","0",0,"P"," ","0",0,"P"," ","0",0,"P"," ","0",0,"P"," ","0",0,"P"," ","0",0,"P"," ","0",0,"P"," ","0",0,"P"," ","0",0,"P"," ","0",0,"P"," ","0",0,"P"," ","0",0,"P"," ","0",0,"P"," ","0",0,"P"," ","0",0,"P"," ","0",0,"P"," ","0",0,"P"," ","0",0,"P"," ","0",0,"P"," ","0",0,"P"," ","0",0,"P"," ","0",0,"P"," ","0",0,"P"," ","0",0,"P"," ","0",0,"P"," ","0",0,"P"," ","0",0,"P"," ","0",NA," "," "," "
"2616","USC00359461",2005,6,"SNWD",0,"P"," ","0",0,"P"," ","0",0,"P"," ","0",0,"P"," ","0",0,"P"," ","0",0,"P"," ","0",0,"P"," ","0",0,"P"," ","0",0,"P"," ","0",0,"P"," ","0",0,"P"," ","0",0,"P"," ","0",0,"P"," ","0",0,"P"," ","0",0,"P"," ","0",0,"P"," ","0",0,"P"," ","0",0,"P"," ","0",0,"P"," ","0",0,"P"," ","0",0,"P"," ","0",0,"P"," ","0",0,"P"," ","0",0,"P"," ","0",0,"P"," ","0",0,"P"," ","0",0,"P"," ","0",0,"P"," ","0",0,"P"," ","0",0,"P"," ","0",NA," "," "," "
"2617","USC00359461",2005,7,"TMAX",306," "," ","0",267," "," ","0",244," "," ","0",272," "," ","0",289," "," ","0",306," "," ","0",244," "," ","0",267," "," ","0",250," "," ","0",233," "," ","0",261," "," ","0",267," "," ","0",256," "," ","0",261," "," ","0",311," "," ","0",317," "," ","0",294," "," ","0",350," "," ","0",367," "," ","0",322," "," ","0",317," "," ","0",317," "," ","0",272," "," ","0",300," "," ","0",289," "," ","0",289," "," ","0",344," "," ","0",361," "," ","0",333," "," ","0",333," "," ","0",344," "," ","0"
"2618","USC00359461",2005,7,"TMIN",139," "," ","0",111," "," ","0",100," "," ","0",106," "," ","0",117," "," ","0",122," "," ","0",144," "," ","0",139," "," ","0",139," "," ","0",133," "," ","0",117," "," ","0",128," "," ","0",139," "," ","0",144," "," ","0",144," "," ","0",133," "," ","0",133," "," ","0",150," "," ","0",161," ","I","0",122," "," ","0",133," ","I","0",167," ","I","0",150," "," ","0",144," "," ","0",122," "," ","0",122," "," ","0",133," "," ","0",161," "," ","0",161," "," ","0",106," "," ","0",139," "," ","0"
"2619","USC00359461",2005,7,"TOBS",150," "," ","0",117," "," ","0",100," "," ","0",133," "," ","0",117," "," ","0",183," "," ","0",156," "," ","0",144," "," ","0",144," "," ","0",156," "," ","0",133," "," ","0",167," "," ","0",161," "," ","0",150," "," ","0",144," "," ","0",133," "," ","0",144," "," ","0",150," ","I","0",172," "," ","0",122," ","I","0",144," ","I","0",167," "," ","0",161," "," ","0",150," "," ","0",133," "," ","0",133," "," ","0",172," "," ","0",161," "," ","0",161," "," ","0",150," "," ","0",139," "," ","0"
"2620","USC00359461",2005,7,"PRCP",0," "," ","0",0," "," ","0",0," "," ","0",0," "," ","0",0," "," ","0",0,"T"," ","0",8," "," ","0",0," "," ","0",20," "," ","0",10," "," ","0",0," "," ","0",0," "," ","0",0," "," ","0",0," "," ","0",0," "," ","0",0," "," ","0",0," "," ","0",0," "," ","0",0," "," ","0",0," "," ","0",0," "," ","0",5," "," ","0",0," "," ","0",0," "," ","0",0," "," ","0",0," "," ","0",0," "," ","0",0," "," ","0",0," "," ","0",0," "," ","0",0," "," ","0"
"2621","USC00359461",2005,7,"SNOW",0,"P"," ","0",0,"P"," ","0",0,"P"," ","0",0,"P"," ","0",0,"P"," ","0",0,"P"," ","0",0,"P"," ","0",0,"P"," ","0",0,"P"," ","0",0,"P"," ","0",0,"P"," ","0",0,"P"," ","0",0,"P"," ","0",0,"P"," ","0",0,"P"," ","0",0,"P"," ","0",0,"P"," ","0",0,"P"," ","0",0,"P"," ","0",0,"P"," ","0",0,"P"," ","0",0,"P"," ","0",0,"P"," ","0",0,"P"," ","0",0,"P"," ","0",0,"P"," ","0",0,"P"," ","0",0,"P"," ","0",0,"P"," ","0",0,"P"," ","0",0,"P"," ","0"
"2622","USC00359461",2005,7,"SNWD",0,"P"," ","0",0,"P"," ","0",0,"P"," ","0",0,"P"," ","0",0,"P"," ","0",0,"P"," ","0",0,"P"," ","0",0,"P"," ","0",0,"P"," ","0",0,"P"," ","0",0,"P"," ","0",0,"P"," ","0",0,"P"," ","0",0,"P"," ","0",0,"P"," ","0",0,"P"," ","0",0,"P"," ","0",0,"P"," ","0",0,"P"," ","0",0,"P"," ","0",0,"P"," ","0",0,"P"," ","0",0,"P"," ","0",0,"P"," ","0",0,"P"," ","0",0,"P"," ","0",0,"P"," ","0",0,"P"," ","0",0,"P"," ","0",0,"P"," ","0",0,"P"," ","0"
"2623","USC00359461",2005,8,"TMAX",339," "," ","0",272," "," ","0",289," "," ","0",333," "," ","0",361," "," ","0",350," "," ","0",344," "," ","0",317," "," ","0",339," "," ","0",322," "," ","0",306," "," ","0",322," "," ","0",300," "," ","0",350," "," ","0",356," "," ","0",328," "," ","0",289," "," ","0",289," "," ","0",289," "," ","0",333," "," ","0",317," "," ","0",283," "," ","0",289," "," ","0",261," "," ","0",283," "," ","0",344," "," ","0",322," "," ","0",322," "," ","0",283," "," ","0",222," "," ","0",250," "," ","0"
"2624","USC00359461",2005,8,"TMIN",139," "," ","0",150," "," ","0",106," "," ","0",128," ","I","0",150," "," ","0",150," "," ","0",156," "," ","0",156," "," ","0",139," "," ","0",128," "," ","0",122," "," ","0",128," "," ","0",144," "," ","0",144," "," ","0",139," "," ","0",133," "," ","0",133," "," ","0",167," ","I","0",128," "," ","0",128," "," ","0",133," "," ","0",139," "," ","0",144," "," ","0",117," "," ","0",106," "," ","0",133," ","I","0",106," "," ","0",106," "," ","0",111," "," ","0",117," "," ","0",122," "," ","0"
"2625","USC00359461",2005,8,"TOBS",144," "," ","0",156," "," ","0",111," ","I","0",161," "," ","0",150," "," ","0",156," "," ","0",172," "," ","0",156," "," ","0",139," "," ","0",128," "," ","0",122," "," ","0",150," "," ","0",144," "," ","0",150," "," ","0",139," "," ","0",133," "," ","0",133," ","I","0",167," "," ","0",133," "," ","0",150," "," ","0",133," "," ","0",139," "," ","0",144," "," ","0",122," "," ","0",122," ","I","0",133," "," ","0",106," "," ","0",106," "," ","0",111," "," ","0",122," "," ","0",122," "," ","0"
"2626","USC00359461",2005,8,"PRCP",0," "," ","0",0," "," ","0",0," "," ","0",0," "," ","0",0," "," ","0",0," "," ","0",0," "," ","0",0," "," ","0",0," "," ","0",0," "," ","0",0," "," ","0",0," "," ","0",0," "," ","0",0," "," ","0",0," "," ","0",0," "," ","0",0," "," ","0",0," "," ","0",0," "," ","0",0," "," ","0",0," "," ","0",0," "," ","0",0," "," ","0",0," "," ","0",0," "," ","0",0," "," ","0",0," "," ","0",0," "," ","0",0," "," ","0",3," "," ","0",0," "," ","0"
"2627","USC00359461",2005,8,"SNOW",0,"P"," ","0",0,"P"," ","0",0,"P"," ","0",0,"P"," ","0",0,"P"," ","0",0,"P"," ","0",0,"P"," ","0",0,"P"," ","0",0,"P"," ","0",0,"P"," ","0",0,"P"," ","0",0,"P"," ","0",0,"P"," ","0",0,"P"," ","0",0,"P"," ","0",0,"P"," ","0",0,"P"," ","0",0,"P"," ","0",0,"P"," ","0",0,"P"," ","0",0,"P"," ","0",0,"P"," ","0",0,"P"," ","0",0,"P"," ","0",0,"P"," ","0",0,"P"," ","0",0,"P"," ","0",0,"P"," ","0",0,"P"," ","0",0,"P"," ","0",0,"P"," ","0"
"2628","USC00359461",2005,8,"SNWD",0,"P"," ","0",0,"P"," ","0",0,"P"," ","0",0,"P"," ","0",0,"P"," ","0",0,"P"," ","0",0,"P"," ","0",0,"P"," ","0",0,"P"," ","0",0,"P"," ","0",0,"P"," ","0",0,"P"," ","0",0,"P"," ","0",0,"P"," ","0",0,"P"," ","0",0,"P"," ","0",0,"P"," ","0",0,"P"," ","0",0,"P"," ","0",0,"P"," ","0",0,"P"," ","0",0,"P"," ","0",0,"P"," ","0",0,"P"," ","0",0,"P"," ","0",0,"P"," ","0",0,"P"," ","0",0,"P"," ","0",0,"P"," ","0",0,"P"," ","0",0,"P"," ","0"
"2629","USC00359461",2005,9,"TMAX",289," "," ","0",311," "," ","0",272," "," ","0",250," "," ","0",256," "," ","0",261," "," ","0",267," "," ","0",289," "," ","0",289," "," ","0",217," "," ","0",206," "," ","0",233," "," ","0",233," "," ","0",256," "," ","0",267," "," ","0",233," "," ","0",211," "," ","0",206," "," ","0",244," "," ","0",267," "," ","0",239," "," ","0",233," "," ","0",206," "," ","0",194," "," ","0",211," "," ","0",244," "," ","0",278," "," ","0",267," "," ","0",272," "," ","0",294," "," ","0",NA," "," "," "
"2630","USC00359461",2005,9,"TMIN",122," "," ","0",133," "," ","0",139," "," ","0",94," "," ","0",94," "," ","0",94," "," ","0",94," "," ","0",94," "," ","0",139," "," ","0",117," "," ","0",94," "," ","0",78," "," ","0",78," "," ","0",78," "," ","0",56," "," ","0",100," "," ","0",111," "," ","0",67," "," ","0",67," "," ","0",72," "," ","0",78," "," ","0",67," "," ","0",72," "," ","0",44," "," ","0",39," "," ","0",39," "," ","0",56," "," ","0",78," "," ","0",67," "," ","0",67," "," ","0",NA," "," "," "
"2631","USC00359461",2005,9,"TOBS",133," "," ","0",139," "," ","0",161," "," ","0",106," "," ","0",100," "," ","0",100," "," ","0",106," "," ","0",139," "," ","0",144," "," ","0",117," "," ","0",94," "," ","0",78," "," ","0",78," "," ","0",89," "," ","0",128," "," ","0",117," "," ","0",122," "," ","0",72," "," ","0",78," "," ","0",89," "," ","0",83," "," ","0",67," "," ","0",94," "," ","0",44," "," ","0",39," "," ","0",56," "," ","0",83," "," ","0",78," "," ","0",72," "," ","0",150," "," ","0",NA," "," "," "
"2632","USC00359461",2005,9,"PRCP",0," "," ","0",0," "," ","0",0," "," ","0",0," "," ","0",0," "," ","0",0," "," ","0",0," "," ","0",0," "," ","0",0," "," ","0",28," "," ","0",10," "," ","0",0," "," ","0",0," "," ","0",0," "," ","0",0," "," ","0",0," "," ","0",76," "," ","0",0," "," ","0",0," "," ","0",0," "," ","0",0," "," ","0",0," "," ","0",5," "," ","0",0," "," ","0",0," "," ","0",0," "," ","0",0," "," ","0",0," "," ","0",0," "," ","0",0," "," ","0",NA," "," "," "
"2633","USC00359461",2005,9,"SNOW",0,"P"," ","0",0,"P"," ","0",0,"P"," ","0",0,"P"," ","0",0,"P"," ","0",0,"P"," ","0",0,"P"," ","0",0,"P"," ","0",0,"P"," ","0",0,"P"," ","0",0,"P"," ","0",0,"P"," ","0",0,"P"," ","0",0,"P"," ","0",0,"P"," ","0",0,"P"," ","0",0,"P"," ","0",0,"P"," ","0",0,"P"," ","0",0,"P"," ","0",0,"P"," ","0",0,"P"," ","0",0,"P"," ","0",0,"P"," ","0",0,"P"," ","0",0,"P"," ","0",0,"P"," ","0",0,"P"," ","0",0,"P"," ","0",0,"P"," ","0",NA," "," "," "
"2634","USC00359461",2005,9,"SNWD",0,"P"," ","0",0,"P"," ","0",0,"P"," ","0",0,"P"," ","0",0,"P"," ","0",0,"P"," ","0",0,"P"," ","0",0,"P"," ","0",0,"P"," ","0",0,"P"," ","0",0,"P"," ","0",0,"P"," ","0",0,"P"," ","0",0,"P"," ","0",0,"P"," ","0",0,"P"," ","0",0,"P"," ","0",0,"P"," ","0",0,"P"," ","0",0,"P"," ","0",0,"P"," ","0",0,"P"," ","0",0,"P"," ","0",0,"P"," ","0",0,"P"," ","0",0,"P"," ","0",0,"P"," ","0",0,"P"," ","0",0,"P"," ","0",0,"P"," ","0",NA," "," "," "
"2635","USC00359461",2005,10,"TMAX",261," "," ","0",172," "," ","0",144," "," ","0",150," "," ","0",172," "," ","0",211," "," ","0",228," "," ","0",183," "," ","0",200," "," ","0",206," "," ","0",222," "," ","0",217," "," ","0",211," "," ","0",233," "," ","0",244," "," ","0",161," "," ","0",189," "," ","0",194," "," ","0",211," "," ","0",194," "," ","0",211," "," ","0",211," "," ","0",206," "," ","0",167," "," ","0",200," "," ","0",200," "," ","0",161," "," ","0",144," "," ","0",156," "," ","0",150," "," ","0",144," "," ","0"
"2636","USC00359461",2005,10,"TMIN",122," "," ","0",56," "," ","0",67," "," ","0",72," "," ","0",72," "," ","0",72," "," ","0",67," "," ","0",72," "," ","0",94," "," ","0",67," "," ","0",67," "," ","0",61," "," ","0",78," ","I","0",78," "," ","0",117," ","I","0",111," "," ","0",100," "," ","0",111," "," ","0",122," "," ","0",83," "," ","0",72," "," ","0",78," "," ","0",83," "," ","0",106," "," ","0",111," "," ","0",83," "," ","0",22," "," ","0",22," "," ","0",56," "," ","0",61," "," ","0",78," "," ","0"
"2637","USC00359461",2005,10,"TOBS",128," "," ","0",72," "," ","0",56," ","I","0",83," "," ","0",106," "," ","0",72," "," ","0",111," "," ","0",94," "," ","0",100," "," ","0",67," "," ","0",128," "," ","0",67," ","I","0",83," "," ","0",83," ","I","0",117," "," ","0",128," "," ","0",117," "," ","0",128," "," ","0",122," "," ","0",106," "," ","0",72," "," ","0",83," "," ","0",106," "," ","0",128," "," ","0",111," "," ","0",89," "," ","0",28," "," ","0",89," "," ","0",72," "," ","0",83," "," ","0",94," "," ","0"
"2638","USC00359461",2005,10,"PRCP",203," "," ","0",3," "," ","0",53," "," ","0",61," "," ","0",0,"T"," ","0",3," "," ","0",0," "," ","0",0," "," ","0",5," "," ","0",0," "," ","0",3," "," ","0",0," "," ","0",0," "," ","0",0," "," ","0",56," "," ","0",69," "," ","0",0," "," ","0",0," "," ","0",5," "," ","0",0," "," ","0",0," "," ","0",0," "," ","0",0," "," ","0",0," "," ","0",0," "," ","0",18," "," ","0",0," "," ","0",71," "," ","0",0,"T"," ","0",38," "," ","0",0," "," ","0"
"2639","USC00359461",2005,10,"SNOW",0,"P"," ","0",0,"P"," ","0",0,"P"," ","0",0,"P"," ","0",0,"P"," ","0",0,"P"," ","0",0,"P"," ","0",0,"P"," ","0",0,"P"," ","0",0,"P"," ","0",0,"P"," ","0",0,"P"," ","0",0,"P"," ","0",0,"P"," ","0",0,"P"," ","0",0,"P"," ","0",0,"P"," ","0",0,"P"," ","0",0,"P"," ","0",0,"P"," ","0",0,"P"," ","0",0,"P"," ","0",0,"P"," ","0",0,"P"," ","0",0,"P"," ","0",0,"P"," ","0",0,"P"," ","0",0,"P"," ","0",0,"P"," ","0",0,"P"," ","0",0,"P"," ","0"
"2640","USC00359461",2005,10,"SNWD",0,"P"," ","0",0,"P"," ","0",0,"P"," ","0",0,"P"," ","0",0,"P"," ","0",0,"P"," ","0",0,"P"," ","0",0,"P"," ","0",0,"P"," ","0",0,"P"," ","0",0,"P"," ","0",0,"P"," ","0",0,"P"," ","0",0,"P"," ","0",0,"P"," ","0",0,"P"," ","0",0,"P"," ","0",0,"P"," ","0",0,"P"," ","0",0,"P"," ","0",0,"P"," ","0",0,"P"," ","0",0,"P"," ","0",0,"P"," ","0",0,"P"," ","0",0,"P"," ","0",0,"P"," ","0",0,"P"," ","0",0,"P"," ","0",0,"P"," ","0",0,"P"," ","0"
"2641","USC00359461",2005,11,"TMAX",228," "," ","0",144," "," ","0",128," "," ","0",117," "," ","0",128," "," ","0",128," "," ","0",100," "," ","0",122," "," ","0",89," "," ","0",72," "," ","0",106," "," ","0",133," "," ","0",133," "," ","0",144," "," ","0",133," "," ","0",78," "," ","0",78," "," ","0",72," "," ","0",100," "," ","0",94," "," ","0",61," "," ","0",56," "," ","0",61," "," ","0",67," "," ","0",106," "," ","0",111," "," ","0",89," "," ","0",89," "," ","0",67," "," ","0",94," "," ","0",NA," "," "," "
"2642","USC00359461",2005,11,"TMIN",83," "," ","0",78," "," ","0",72," "," ","0",67," "," ","0",56," "," ","0",67," ","I","0",61," "," ","0",28," "," ","0",22," "," ","0",44," ","I","0",56," "," ","0",61," "," ","0",56," "," ","0",100," "," ","0",28," "," ","0",39," "," ","0",44," "," ","0",44," "," ","0",22," "," ","0",22," "," ","0",28," "," ","0",33," "," ","0",33," "," ","0",22," "," ","0",44," "," ","0",17," "," ","0",17," "," ","0",6," "," ","0",17," "," ","0",28," "," ","0",NA," "," "," "
"2643","USC00359461",2005,11,"TOBS",83," "," ","0",78," "," ","0",106," "," ","0",67," "," ","0",56," ","I","0",83," "," ","0",61," "," ","0",28," "," ","0",22," ","I","0",50," "," ","0",78," "," ","0",61," "," ","0",106," "," ","0",100," "," ","0",44," "," ","0",56," "," ","0",50," "," ","0",44," "," ","0",22," "," ","0",22," "," ","0",33," "," ","0",33," "," ","0",33," "," ","0",39," "," ","0",94," "," ","0",22," "," ","0",39," "," ","0",28," "," ","0",50," "," ","0",39," "," ","0",NA," "," "," "
"2644","USC00359461",2005,11,"PRCP",3," "," ","0",102," "," ","0",0,"T"," ","0",216," "," ","0",48," "," ","0",351," "," ","0",91," "," ","0",13," "," ","0",0,"T"," ","0",0," "," ","0",20," "," ","0",46," "," ","0",119," "," ","0",38," "," ","0",5," "," ","0",0," "," ","0",0," "," ","0",0," "," ","0",3," "," ","0",3," "," ","0",3," "," ","0",3," "," ","0",0," "," ","0",0,"T"," ","0",224," "," ","0",69," "," ","0",23," "," ","0",8," "," ","0",218," "," ","0",61," "," ","0",NA," "," "," "
"2645","USC00359461",2005,11,"SNOW",0,"P"," ","0",0,"P"," ","0",0,"P"," ","0",0,"P"," ","0",0,"P"," ","0",0,"P"," ","0",0,"P"," ","0",0,"P"," ","0",0,"P"," ","0",0,"P"," ","0",0,"P"," ","0",0,"P"," ","0",0,"P"," ","0",0,"P"," ","0",0,"P"," ","0",0,"P"," ","0",0,"P"," ","0",0,"P"," ","0",0,"P"," ","0",0,"P"," ","0",0,"P"," ","0",0,"P"," ","0",0,"P"," ","0",0,"P"," ","0",0,"P"," ","0",0,"P"," ","0",0,"P"," ","0",0,"P"," ","0",0,"P"," ","0",0,"P"," ","0",NA," "," "," "
"2646","USC00359461",2005,11,"SNWD",0,"P"," ","0",0,"P"," ","0",0,"P"," ","0",0,"P"," ","0",0,"P"," ","0",0,"P"," ","0",0,"P"," ","0",0,"P"," ","0",0,"P"," ","0",0,"P"," ","0",0,"P"," ","0",0,"P"," ","0",0,"P"," ","0",0,"P"," ","0",0,"P"," ","0",0,"P"," ","0",0,"P"," ","0",0,"P"," ","0",0,"P"," ","0",0,"P"," ","0",0,"P"," ","0",0,"P"," ","0",0,"P"," ","0",0,"P"," ","0",0,"P"," ","0",0,"P"," ","0",0,"P"," ","0",0,"P"," ","0",0,"P"," ","0",0,"P"," ","0",NA," "," "," "
"2647","USC00359461",2005,12,"TMAX",67," "," ","0",83," "," ","0",67," "," ","0",50," "," ","0",72," "," ","0",78," "," ","0",56," "," ","0",39," "," ","0",39," "," ","0",50," "," ","0",50," "," ","0",39," "," ","0",44," "," ","0",44," "," ","0",61," "," ","0",17," "," ","0",28," "," ","0",11," "," ","0",44," "," ","0",100," "," ","0",172," "," ","0",128," "," ","0",144," "," ","0",133," "," ","0",156," "," ","0",133," "," ","0",133," "," ","0",139," "," ","0",122," "," ","0",117," "," ","0",128," "," ","0"
"2648","USC00359461",2005,12,"TMIN",22," "," ","0",28," "," ","0",11," "," ","0",22," "," ","0",11," "," ","0",6," "," ","0",11," "," ","0",22," "," ","0",22," "," ","0",22," "," ","0",22," "," ","0",17," "," ","0",6," "," ","0",17," "," ","0",-22," "," ","0",-22," "," ","0",-17," "," ","0",-33," "," ","0",-28," "," ","0",39," "," ","0",72," "," ","0",50," "," ","0",61," "," ","0",61," "," ","0",56," "," ","0",83," "," ","0",78," "," ","0",78," "," ","0",28," "," ","0",28," "," ","0",78," "," ","0"
"2649","USC00359461",2005,12,"TOBS",28," "," ","0",28," "," ","0",17," "," ","0",39," "," ","0",11," "," ","0",11," "," ","0",33," "," ","0",28," "," ","0",28," "," ","0",33," "," ","0",28," "," ","0",28," "," ","0",28," "," ","0",22," "," ","0",-22," "," ","0",-17," "," ","0",-17," "," ","0",-28," "," ","0",39," "," ","0",78," "," ","0",83," "," ","0",111," "," ","0",78," "," ","0",72," "," ","0",94," "," ","0",89," "," ","0",89," "," ","0",122," "," ","0",33," "," ","0",106," "," ","0",83," "," ","0"
"2650","USC00359461",2005,12,"PRCP",292," "," ","0",155," "," ","0",206," "," ","0",20," "," ","0",0,"T"," ","0",0,"T"," ","0",0,"T"," ","0",127," "," ","0",0,"T"," ","0",0," "," ","0",0," "," ","0",0," "," ","0",0," "," ","0",0," "," ","0",0," "," ","0",0," "," ","0",0," "," ","0",0," "," ","0",122," "," ","0",160," "," ","0",28," "," ","0",173," "," ","0",18," "," ","0",0," "," ","0",38," "," ","0",74," "," ","0",147," "," ","0",419," "," ","0",163," "," ","0",284," "," ","0",470," "," ","0"
"2651","USC00359461",2005,12,"SNOW",0,"P"," ","0",0,"P"," ","0",0,"P"," ","0",0,"P"," ","0",0,"P"," ","0",0,"P"," ","0",0,"P"," ","0",0,"P"," ","0",0,"P"," ","0",0,"P"," ","0",0,"P"," ","0",0,"P"," ","0",0,"P"," ","0",0,"P"," ","0",0,"P"," ","0",0,"P"," ","0",0,"P"," ","0",0,"P"," ","0",0,"P"," ","0",0,"P"," ","0",0,"P"," ","0",0,"P"," ","0",0,"P"," ","0",0,"P"," ","0",0,"P"," ","0",0,"P"," ","0",0,"P"," ","0",0,"P"," ","0",0,"P"," ","0",0,"P"," ","0",0,"P"," ","0"
"2652","USC00359461",2005,12,"SNWD",0,"P"," ","0",0,"P"," ","0",0,"P"," ","0",0,"P"," ","0",0,"P"," ","0",0,"P"," ","0",0,"P"," ","0",0,"P"," ","0",0,"P"," ","0",0,"P"," ","0",0,"P"," ","0",0,"P"," ","0",0,"P"," ","0",0,"P"," ","0",0,"P"," ","0",0,"P"," ","0",0,"P"," ","0",0,"P"," ","0",0,"P"," ","0",0,"P"," ","0",0,"P"," ","0",0,"P"," ","0",0,"P"," ","0",0,"P"," ","0",0,"P"," ","0",0,"P"," ","0",0,"P"," ","0",0,"P"," ","0",0,"P"," ","0",0,"P"," ","0",0,"P"," ","0"
"2653","USC00359461",2006,1,"TMAX",117," "," ","0",122," "," ","0",100," "," ","0",94," "," ","0",94," "," ","0",117," "," ","0",83," "," ","0",83," "," ","0",100," "," ","0",133," "," ","0",133," "," ","0",100," "," ","0",89," "," ","0",100," "," ","0",72," "," ","0",61," "," ","0",122," "," ","0",100," "," ","0",78," "," ","0",89," "," ","0",100," "," ","0",94," "," ","0",94," "," ","0",89," "," ","0",117," "," ","0",61," "," ","0",78," "," ","0",94," "," ","0",100," "," ","0",139," "," ","0",106," "," ","0"
"2654","USC00359461",2006,1,"TMIN",50," "," ","0",39," "," ","0",22," "," ","0",6," "," ","0",11," "," ","0",22," "," ","0",39," "," ","0",44," "," ","0",50," "," ","0",50," "," ","0",78," "," ","0",50," "," ","0",56," "," ","0",56," "," ","0",11," "," ","0",39," ","I","0",44," "," ","0",50," "," ","0",44," "," ","0",44," "," ","0",39," "," ","0",17," "," ","0",6," "," ","0",11," "," ","0",6," "," ","0",0," "," ","0",17," "," ","0",22," "," ","0",39," "," ","0",50," "," ","0",28," "," ","0"
"2655","USC00359461",2006,1,"TOBS",111," "," ","0",44," "," ","0",33," "," ","0",11," "," ","0",22," "," ","0",50," "," ","0",67," "," ","0",56," "," ","0",56," "," ","0",111," "," ","0",78," "," ","0",56," "," ","0",78," "," ","0",56," "," ","0",11," "," ","0",11," ","I","0",83," "," ","0",50," "," ","0",50," "," ","0",72," "," ","0",50," "," ","0",33," "," ","0",17," "," ","0",22," "," ","0",11," "," ","0",22," "," ","0",33," "," ","0",39," "," ","0",56," "," ","0",106," "," ","0",28," ","I","0"
"2656","USC00359461",2006,1,"PRCP",300," "," ","0",99," "," ","0",33," "," ","0",53," "," ","0",3," "," ","0",0," "," ","0",99," "," ","0",206," "," ","0",3," "," ","0",206," "," ","0",239," "," ","0",43," "," ","0",74," "," ","0",168," "," ","0",119," "," ","0",71," "," ","0",145," "," ","0",566," "," ","0",51," "," ","0",28," "," ","0",109," "," ","0",20," "," ","0",0,"T"," ","0",0,"T"," ","0",3," "," ","0",61," "," ","0",109," "," ","0",170," "," ","0",91," "," ","0",201," "," ","0",86," "," ","0"
"2657","USC00359461",2006,1,"SNOW",0,"P"," ","0",0,"P"," ","0",0,"P"," ","0",0,"P"," ","0",0,"P"," ","0",0,"P"," ","0",0,"P"," ","0",0,"P"," ","0",0,"P"," ","0",0,"P"," ","0",0,"P"," ","0",0,"P"," ","0",0,"P"," ","0",0,"P"," ","0",0,"P"," ","0",0,"P"," ","0",0,"P"," ","0",0,"P"," ","0",0,"P"," ","0",0,"P"," ","0",0,"P"," ","0",0,"P"," ","0",0,"P"," ","0",0,"P"," ","0",0,"P"," ","0",0,"P"," ","0",0,"P"," ","0",0,"P"," ","0",0,"P"," ","0",0,"P"," ","0",0,"P"," ","0"
"2658","USC00359461",2006,1,"SNWD",0,"P"," ","0",0,"P"," ","0",0,"P"," ","0",0,"P"," ","0",0,"P"," ","0",0,"P"," ","0",0,"P"," ","0",0,"P"," ","0",0,"P"," ","0",0,"P"," ","0",0,"P"," ","0",0,"P"," ","0",0,"P"," ","0",0,"P"," ","0",0,"P"," ","0",0,"P"," ","0",0,"P"," ","0",0,"P"," ","0",0,"P"," ","0",0,"P"," ","0",0,"P"," ","0",0,"P"," ","0",0,"P"," ","0",0,"P"," ","0",0,"P"," ","0",0,"P"," ","0",0,"P"," ","0",0,"P"," ","0",0,"P"," ","0",0,"P"," ","0",0,"P"," ","0"
"2659","USC00359461",2006,2,"TMAX",89," "," ","0",100," "," ","0",139," "," ","0",178," "," ","0",83," "," ","0",83," "," ","0",144," "," ","0",156," "," ","0",167," "," ","0",122," "," ","0",139," "," ","0",161," "," ","0",161," "," ","0",89," "," ","0",78," "," ","0",72," "," ","0",83," "," ","0",61," "," ","0",72," "," ","0",100," "," ","0",94," "," ","0",111," "," ","0",133," "," ","0",156," "," ","0",122," "," ","0",156," "," ","0",211," "," ","0",117," "," ","0",NA," "," "," ",NA," "," "," ",NA," "," "," "
"2660","USC00359461",2006,2,"TMIN",39," ","I","0",44," "," ","0",44," "," ","0",72," "," ","0",11," "," ","0",6," "," ","0",6," "," ","0",33," ","I","0",39," "," ","0",22," "," ","0",11," "," ","0",22," "," ","0",22," "," ","0",-11," "," ","0",0," "," ","0",-50," "," ","0",-50," "," ","0",-61," "," ","0",-67," "," ","0",-67," "," ","0",-72," "," ","0",28," ","I","0",-11," "," ","0",0," ","I","0",-17," "," ","0",6," ","I","0",39," "," ","0",56," "," ","0",NA," "," "," ",NA," "," "," ",NA," "," "," "
"2661","USC00359461",2006,2,"TOBS",44," "," ","0",50," "," ","0",72," "," ","0",72," "," ","0",17," "," ","0",11," "," ","0",11," ","I","0",44," "," ","0",72," "," ","0",33," "," ","0",22," "," ","0",67," "," ","0",39," "," ","0",-6," "," ","0",22," "," ","0",-44," "," ","0",0," "," ","0",-50," "," ","0",-61," "," ","0",-61," "," ","0",17," ","I","0",33," "," ","0",-11," ","I","0",39," "," ","0",-6," ","I","0",33," "," ","0",83," "," ","0",56," "," ","0",NA," "," "," ",NA," "," "," ",NA," "," "," "
"2662","USC00359461",2006,2,"PRCP",267," "," ","0",3," "," ","0",0," "," ","0",97," "," ","0",66," "," ","0",3," "," ","0",0," "," ","0",0," "," ","0",0," "," ","0",0," "," ","0",3," "," ","0",0," "," ","0",0," "," ","0",3," "," ","0",3," "," ","0",0," "," ","0",0," "," ","0",0," "," ","0",0," "," ","0",0," "," ","0",0," "," ","0",0," "," ","0",0," "," ","0",0,"T"," ","0",0," "," ","0",0,"T"," ","0",203," "," ","0",373," "," ","0",NA," "," "," ",NA," "," "," ",NA," "," "," "
"2663","USC00359461",2006,2,"SNOW",0,"P"," ","0",0,"P"," ","0",0,"P"," ","0",0,"P"," ","0",0,"P"," ","0",0,"P"," ","0",0,"P"," ","0",0,"P"," ","0",0,"P"," ","0",0,"P"," ","0",0,"P"," ","0",0,"P"," ","0",0,"P"," ","0",0,"P"," ","0",0,"P"," ","0",0,"P"," ","0",0,"P"," ","0",0,"P"," ","0",0,"P"," ","0",0,"P"," ","0",0,"P"," ","0",0,"P"," ","0",0,"P"," ","0",0,"P"," ","0",0,"P"," ","0",0,"P"," ","0",0,"P"," ","0",0,"P"," ","0",NA," "," "," ",NA," "," "," ",NA," "," "," "
"2664","USC00359461",2006,2,"SNWD",0,"P"," ","0",0,"P"," ","0",0,"P"," ","0",0,"P"," ","0",0,"P"," ","0",0,"P"," ","0",0,"P"," ","0",0,"P"," ","0",0,"P"," ","0",0,"P"," ","0",0,"P"," ","0",0,"P"," ","0",0,"P"," ","0",0,"P"," ","0",0,"P"," ","0",0,"P"," ","0",0,"P"," ","0",0,"P"," ","0",0,"P"," ","0",0,"P"," ","0",0,"P"," ","0",0,"P"," ","0",0,"P"," ","0",0,"P"," ","0",0,"P"," ","0",0,"P"," ","0",0,"P"," ","0",0,"P"," ","0",NA," "," "," ",NA," "," "," ",NA," "," "," "
"2665","USC00359461",2006,3,"TMAX",122," "," ","0",167," "," ","0",122," "," ","0",94," "," ","0",139," "," ","0",139," "," ","0",122," "," ","0",117," "," ","0",78," "," ","0",39," "," ","0",67," "," ","0",89," "," ","0",94," "," ","0",111," "," ","0",89," "," ","0",133," "," ","0",106," "," ","0",122," "," ","0",111," "," ","0",128," "," ","0",89," "," ","0",122," "," ","0",161," "," ","0",200," "," ","0",128," "," ","0",117," "," ","0",139," "," ","0",156," "," ","0",167," "," ","0",150," "," ","0",133," "," ","0"
"2666","USC00359461",2006,3,"TMIN",33," "," ","0",39," "," ","0",33," "," ","0",6," "," ","0",72," ","I","0",61," "," ","0",50," "," ","0",33," "," ","0",6," "," ","0",6," "," ","0",-11," "," ","0",-17," "," ","0",-11," "," ","0",-6," "," ","0",17," "," ","0",33," "," ","0",44," "," ","0",28," "," ","0",17," "," ","0",22," "," ","0",28," "," ","0",50," "," ","0",50," "," ","0",56," "," ","0",44," "," ","0",11," "," ","0",6," "," ","0",22," ","I","0",28," "," ","0",72," ","I","0",44," "," ","0"
"2667","USC00359461",2006,3,"TOBS",33," "," ","0",50," "," ","0",39," "," ","0",11," ","I","0",78," "," ","0",61," "," ","0",50," "," ","0",50," "," ","0",6," "," ","0",6," "," ","0",-11," "," ","0",-11," "," ","0",-11," "," ","0",17," "," ","0",28," "," ","0",61," "," ","0",56," "," ","0",39," "," ","0",33," "," ","0",39," "," ","0",67," "," ","0",61," "," ","0",61," "," ","0",56," "," ","0",50," "," ","0",11," "," ","0",6," ","I","0",33," "," ","0",33," ","I","0",72," "," ","0",56," "," ","0"
"2668","USC00359461",2006,3,"PRCP",15," "," ","0",53," "," ","0",3," "," ","0",20," "," ","0",0," "," ","0",10," "," ","0",64," "," ","0",20," "," ","0",152," "," ","0",241," "," ","0",20," "," ","0",3," "," ","0",0," "," ","0",15," "," ","0",3," "," ","0",43," "," ","0",13," "," ","0",10," "," ","0",0,"T"," ","0",0,"T"," ","0",48," "," ","0",10," "," ","0",0," "," ","0",25," "," ","0",20," "," ","0",25," "," ","0",0,"T"," ","0",8," "," ","0",135," "," ","0",3," "," ","0",38," "," ","0"
"2669","USC00359461",2006,3,"SNOW",0,"P"," ","0",0,"P"," ","0",0,"P"," ","0",0,"P"," ","0",0,"P"," ","0",0,"P"," ","0",0,"P"," ","0",0,"P"," ","0",0,"P"," ","0",0,"P"," ","0",0,"P"," ","0",0,"P"," ","0",0,"P"," ","0",0,"P"," ","0",0,"P"," ","0",0,"P"," ","0",0,"P"," ","0",0,"P"," ","0",0,"P"," ","0",0,"P"," ","0",0,"P"," ","0",0,"P"," ","0",0,"P"," ","0",0,"P"," ","0",0,"P"," ","0",0,"P"," ","0",0,"P"," ","0",0,"P"," ","0",0,"P"," ","0",0,"P"," ","0",0,"P"," ","0"
"2670","USC00359461",2006,3,"SNWD",0,"P"," ","0",0,"P"," ","0",0,"P"," ","0",0,"P"," ","0",0,"P"," ","0",0,"P"," ","0",0,"P"," ","0",0,"P"," ","0",0,"P"," ","0",0,"P"," ","0",0,"P"," ","0",0,"P"," ","0",0,"P"," ","0",0,"P"," ","0",0,"P"," ","0",0,"P"," ","0",0,"P"," ","0",0,"P"," ","0",0,"P"," ","0",0,"P"," ","0",0,"P"," ","0",0,"P"," ","0",0,"P"," ","0",0,"P"," ","0",0,"P"," ","0",0,"P"," ","0",0,"P"," ","0",0,"P"," ","0",0,"P"," ","0",0,"P"," ","0",0,"P"," ","0"
"2671","USC00359461",2006,4,"TMAX",139," "," ","0",144," "," ","0",161," "," ","0",161," "," ","0",167," "," ","0",122," "," ","0",183," "," ","0",178," "," ","0",167," "," ","0",133," "," ","0",167," "," ","0",156," "," ","0",183," "," ","0",200," "," ","0",156," "," ","0",100," "," ","0",122," "," ","0",111," "," ","0",189," "," ","0",217," "," ","0",206," "," ","0",139," "," ","0",178," "," ","0",239," "," ","0",194," "," ","0",217," "," ","0",178," "," ","0",244," "," ","0",272," "," ","0",211," "," ","0",NA," "," "," "
"2672","USC00359461",2006,4,"TMIN",22," "," ","0",33," "," ","0",72," "," ","0",39," "," ","0",44," "," ","0",17," "," ","0",33," "," ","0",72," "," ","0",72," "," ","0",56," "," ","0",56," "," ","0",78," "," ","0",83," "," ","0",94," "," ","0",56," "," ","0",22," "," ","0",22," "," ","0",22," "," ","0",22," "," ","0",44," "," ","0",61," "," ","0",39," "," ","0",28," "," ","0",33," "," ","0",61," ","I","0",67," "," ","0",61," "," ","0",61," "," ","0",89," "," ","0",61," "," ","0",NA," "," "," "
"2673","USC00359461",2006,4,"TOBS",33," "," ","0",78," "," ","0",83," "," ","0",50," "," ","0",94," "," ","0",28," "," ","0",72," "," ","0",72," "," ","0",78," "," ","0",56," "," ","0",78," "," ","0",89," "," ","0",100," "," ","0",106," "," ","0",67," "," ","0",28," "," ","0",39," "," ","0",33," "," ","0",50," "," ","0",56," "," ","0",83," "," ","0",39," "," ","0",28," "," ","0",44," ","I","0",94," "," ","0",83," "," ","0",67," "," ","0",94," "," ","0",89," "," ","0",61," "," ","0",NA," "," "," "
"2674","USC00359461",2006,4,"PRCP",58," "," ","0",5," "," ","0",46," "," ","0",3," "," ","0",0," "," ","0",0,"T"," ","0",0," "," ","0",25," "," ","0",20," "," ","0",94," "," ","0",30," "," ","0",13," "," ","0",8," "," ","0",10," "," ","0",25," "," ","0",201," "," ","0",48," "," ","0",46," "," ","0",0," "," ","0",0," "," ","0",0,"T"," ","0",0,"T"," ","0",0," "," ","0",0," "," ","0",0," "," ","0",0," "," ","0",0," "," ","0",0," "," ","0",0," "," ","0",0," "," ","0",NA," "," "," "
"2675","USC00359461",2006,4,"SNOW",0,"P"," ","0",0,"P"," ","0",0,"P"," ","0",0,"P"," ","0",0,"P"," ","0",0,"P"," ","0",0,"P"," ","0",0,"P"," ","0",0,"P"," ","0",0,"P"," ","0",0,"P"," ","0",0,"P"," ","0",0,"P"," ","0",0,"P"," ","0",0,"P"," ","0",0,"P"," ","0",0,"P"," ","0",0,"P"," ","0",0,"P"," ","0",0,"P"," ","0",0,"P"," ","0",0,"P"," ","0",0,"P"," ","0",0,"P"," ","0",0,"P"," ","0",0,"P"," ","0",0,"P"," ","0",0,"P"," ","0",0,"P"," ","0",0,"P"," ","0",NA," "," "," "
"2676","USC00359461",2006,4,"SNWD",0,"P"," ","0",0,"P"," ","0",0,"P"," ","0",0,"P"," ","0",0,"P"," ","0",0,"P"," ","0",0,"P"," ","0",0,"P"," ","0",0,"P"," ","0",0,"P"," ","0",0,"P"," ","0",0,"P"," ","0",0,"P"," ","0",0,"P"," ","0",0,"P"," ","0",0,"P"," ","0",0,"P"," ","0",0,"P"," ","0",0,"P"," ","0",0,"P"," ","0",0,"P"," ","0",0,"P"," ","0",0,"P"," ","0",0,"P"," ","0",0,"P"," ","0",0,"P"," ","0",0,"P"," ","0",0,"P"," ","0",0,"P"," ","0",0,"P"," ","0",NA," "," "," "
"2677","USC00359461",2006,5,"TMAX",183," "," ","0",167," "," ","0",189," "," ","0",233," "," ","0",278," "," ","0",217," "," ","0",200," "," ","0",178," "," ","0",167," "," ","0",206," "," ","0",256," "," ","0",228," "," ","0",211," "," ","0",250," "," ","0",306," "," ","0",367," "," ","0",300," "," ","0",317," "," ","0",311," "," ","0",167," "," ","0",217," "," ","0",239," "," ","0",217," "," ","0",194," "," ","0",178," "," ","0",183," "," ","0",150," "," ","0",133," "," ","0",178," "," ","0",233," "," ","0",267," "," ","0"
"2678","USC00359461",2006,5,"TMIN",56," "," ","0",50," "," ","0",50," "," ","0",50," "," ","0",50," "," ","0",56," "," ","0",83," ","I","0",83," "," ","0",44," "," ","0",44," "," ","0",72," ","I","0",78," "," ","0",44," "," ","0",83," ","I","0",56," "," ","0",133," "," ","0",133," "," ","0",117," "," ","0",133," ","I","0",111," "," ","0",111," "," ","0",128," ","I","0",128," "," ","0",111," "," ","0",83," "," ","0",89," "," ","0",78," "," ","0",78," "," ","0",83," "," ","0",83," "," ","0",83," "," ","0"
"2679","USC00359461",2006,5,"TOBS",61," "," ","0",61," "," ","0",61," "," ","0",50," "," ","0",72," "," ","0",67," ","I","0",100," "," ","0",83," "," ","0",44," "," ","0",44," ","I","0",78," "," ","0",83," "," ","0",83," "," ","0",50," ","I","0",133," "," ","0",139," "," ","0",133," "," ","0",122," ","I","0",133," "," ","0",111," "," ","0",111," "," ","0",111," ","I","0",128," "," ","0",111," "," ","0",94," "," ","0",94," "," ","0",83," "," ","0",100," "," ","0",100," "," ","0",89," "," ","0",122," "," ","0"
"2680","USC00359461",2006,5,"PRCP",0," "," ","0",0," "," ","0",0," "," ","0",0," "," ","0",0," "," ","0",0," "," ","0",0," "," ","0",20," "," ","0",0," "," ","0",0," "," ","0",0," "," ","0",0," "," ","0",0," "," ","0",0," "," ","0",0," "," ","0",0," "," ","0",0," "," ","0",0," "," ","0",0,"T"," ","0",122," "," ","0",0," "," ","0",180," "," ","0",64," "," ","0",142," "," ","0",15," "," ","0",10," "," ","0",71," "," ","0",25," "," ","0",5," "," ","0",0," "," ","0",0," "," ","0"
"2681","USC00359461",2006,5,"SNOW",0,"P"," ","0",0,"P"," ","0",0,"P"," ","0",0,"P"," ","0",0,"P"," ","0",0,"P"," ","0",0,"P"," ","0",0,"P"," ","0",0,"P"," ","0",0,"P"," ","0",0,"P"," ","0",0,"P"," ","0",0,"P"," ","0",0,"P"," ","0",0,"P"," ","0",0,"P"," ","0",0,"P"," ","0",0,"P"," ","0",0,"P"," ","0",0,"P"," ","0",0,"P"," ","0",0,"P"," ","0",0,"P"," ","0",0,"P"," ","0",0,"P"," ","0",0,"P"," ","0",0,"P"," ","0",0,"P"," ","0",0,"P"," ","0",0,"P"," ","0",0,"P"," ","0"
"2682","USC00359461",2006,5,"SNWD",0,"P"," ","0",0,"P"," ","0",0,"P"," ","0",0,"P"," ","0",0,"P"," ","0",0,"P"," ","0",0,"P"," ","0",0,"P"," ","0",0,"P"," ","0",0,"P"," ","0",0,"P"," ","0",0,"P"," ","0",0,"P"," ","0",0,"P"," ","0",0,"P"," ","0",0,"P"," ","0",0,"P"," ","0",0,"P"," ","0",0,"P"," ","0",0,"P"," ","0",0,"P"," ","0",0,"P"," ","0",0,"P"," ","0",0,"P"," ","0",0,"P"," ","0",0,"P"," ","0",0,"P"," ","0",0,"P"," ","0",0,"P"," ","0",0,"P"," ","0",0,"P"," ","0"
"2683","USC00359461",2006,6,"TMAX",211," "," ","0",244," "," ","0",222," "," ","0",250," "," ","0",217," "," ","0",222," "," ","0",211," "," ","0",200," "," ","0",206," "," ","0",217," "," ","0",222," "," ","0",289," "," ","0",244," "," ","0",178," "," ","0",206," "," ","0",233," "," ","0",211," "," ","0",244," "," ","0",222," "," ","0",228," "," ","0",244," "," ","0",244," "," ","0",267," "," ","0",333," "," ","0",372," "," ","0",389," "," ","0",333," "," ","0",283," "," ","0",289," "," ","0",306," "," ","0",NA," "," "," "
"2684","USC00359461",2006,6,"TMIN",111," "," ","0",156," "," ","0",139," "," ","0",139," "," ","0",144," "," ","0",139," "," ","0",128," "," ","0",111," "," ","0",100," "," ","0",89," "," ","0",100," "," ","0",139," "," ","0",106," "," ","0",100," "," ","0",111," "," ","0",117," "," ","0",128," "," ","0",94," "," ","0",94," "," ","0",106," "," ","0",111," "," ","0",106," "," ","0",133," ","I","0",156," ","I","0",178," ","I","0",178," "," ","0",167," "," ","0",161," "," ","0",161," "," ","0",161," "," ","0",NA," "," "," "
"2685","USC00359461",2006,6,"TOBS",150," "," ","0",156," "," ","0",139," "," ","0",144," "," ","0",144," "," ","0",139," "," ","0",128," "," ","0",122," "," ","0",128," "," ","0",111," "," ","0",144," "," ","0",156," "," ","0",139," "," ","0",144," "," ","0",117," "," ","0",161," "," ","0",128," "," ","0",100," "," ","0",106," "," ","0",117," "," ","0",128," "," ","0",111," ","I","0",144," ","I","0",161," ","I","0",189," "," ","0",189," "," ","0",167," "," ","0",178," "," ","0",167," "," ","0",161," "," ","0",NA," "," "," "
"2686","USC00359461",2006,6,"PRCP",51," "," ","0",91," "," ","0",3," "," ","0",56," "," ","0",0," "," ","0",0," "," ","0",0," "," ","0",0," "," ","0",0," "," ","0",0," "," ","0",0,"T"," ","0",20," "," ","0",43," "," ","0",5," "," ","0",18," "," ","0",0,"T"," ","0",0,"T"," ","0",0," "," ","0",0," "," ","0",0," "," ","0",0," "," ","0",0," "," ","0",0," "," ","0",0," "," ","0",0," "," ","0",0," "," ","0",0," "," ","0",0," "," ","0",0," "," ","0",0," "," ","0",NA," "," "," "
"2687","USC00359461",2006,6,"SNOW",0,"P"," ","0",0,"P"," ","0",0,"P"," ","0",0,"P"," ","0",0,"P"," ","0",0,"P"," ","0",0,"P"," ","0",0,"P"," ","0",0,"P"," ","0",0,"P"," ","0",0,"P"," ","0",0,"P"," ","0",0,"P"," ","0",0,"P"," ","0",0,"P"," ","0",0,"P"," ","0",0,"P"," ","0",0,"P"," ","0",0,"P"," ","0",0,"P"," ","0",0,"P"," ","0",0,"P"," ","0",0,"P"," ","0",0,"P"," ","0",0,"P"," ","0",0,"P"," ","0",0,"P"," ","0",0,"P"," ","0",0,"P"," ","0",0,"P"," ","0",NA," "," "," "
"2688","USC00359461",2006,6,"SNWD",0,"P"," ","0",0,"P"," ","0",0,"P"," ","0",0,"P"," ","0",0,"P"," ","0",0,"P"," ","0",0,"P"," ","0",0,"P"," ","0",0,"P"," ","0",0,"P"," ","0",0,"P"," ","0",0,"P"," ","0",0,"P"," ","0",0,"P"," ","0",0,"P"," ","0",0,"P"," ","0",0,"P"," ","0",0,"P"," ","0",0,"P"," ","0",0,"P"," ","0",0,"P"," ","0",0,"P"," ","0",0,"P"," ","0",0,"P"," ","0",0,"P"," ","0",0,"P"," ","0",0,"P"," ","0",0,"P"," ","0",0,"P"," ","0",0,"P"," ","0",NA," "," "," "
"2689","USC00359461",2006,7,"TMAX",333," "," ","0",328," "," ","0",317," "," ","0",294," "," ","0",250," "," ","0",183," "," ","0",294," "," ","0",328," "," ","0",333," "," ","0",244," "," ","0",228," "," ","0",244," "," ","0",294," "," ","0",306," "," ","0",272," "," ","0",244," "," ","0",317," "," ","0",306," "," ","0",294," "," ","0",311," "," ","0",356," "," ","0",372," "," ","0",400," "," ","0",406," "," ","0",378," "," ","0",344," "," ","0",339," "," ","0",344," "," ","0",289," "," ","0",256," "," ","0",250," "," ","0"
"2690","USC00359461",2006,7,"TMIN",133," "," ","0",139," "," ","0",122," "," ","0",128," "," ","0",128," "," ","0",128," "," ","0",94," "," ","0",100," "," ","0",144," "," ","0",122," "," ","0",133," "," ","0",144," "," ","0",133," "," ","0",139," "," ","0",128," "," ","0",128," "," ","0",122," "," ","0",133," "," ","0",117," "," ","0",133," ","I","0",178," ","I","0",183," "," ","0",211," "," ","0",211," "," ","0",183," "," ","0",183," "," ","0",183," "," ","0",150," "," ","0",111," "," ","0",100," "," ","0",106," "," ","0"
"2691","USC00359461",2006,7,"TOBS",156," "," ","0",139," "," ","0",122," "," ","0",128," "," ","0",128," "," ","0",139," "," ","0",128," "," ","0",139," "," ","0",161," "," ","0",144," "," ","0",150," "," ","0",167," "," ","0",139," "," ","0",150," "," ","0",128," "," ","0",128," "," ","0",133," "," ","0",144," "," ","0",117," ","I","0",150," ","I","0",183," "," ","0",239," "," ","0",217," "," ","0",217," "," ","0",200," "," ","0",200," "," ","0",200," "," ","0",150," "," ","0",111," "," ","0",100," "," ","0",106," "," ","0"
"2692","USC00359461",2006,7,"PRCP",0," "," ","0",0," "," ","0",0," "," ","0",0," "," ","0",0," "," ","0",0,"T"," ","0",0," "," ","0",0," "," ","0",0,"T"," ","0",0," "," ","0",3," "," ","0",0," "," ","0",0," "," ","0",0," "," ","0",0," "," ","0",0," "," ","0",0," "," ","0",0," "," ","0",0," "," ","0",0," "," ","0",0," "," ","0",0,"T"," ","0",0," "," ","0",0," "," ","0",0," "," ","0",0," "," ","0",0," "," ","0",0," "," ","0",0," "," ","0",0," "," ","0",0," "," ","0"
"2693","USC00359461",2006,7,"SNOW",0,"P"," ","0",0,"P"," ","0",0,"P"," ","0",0,"P"," ","0",0,"P"," ","0",0,"P"," ","0",0,"P"," ","0",0,"P"," ","0",0,"P"," ","0",0,"P"," ","0",0,"P"," ","0",0,"P"," ","0",0,"P"," ","0",0,"P"," ","0",0,"P"," ","0",0,"P"," ","0",0,"P"," ","0",0,"P"," ","0",0,"P"," ","0",0,"P"," ","0",0,"P"," ","0",0,"P"," ","0",0,"P"," ","0",0,"P"," ","0",0,"P"," ","0",0,"P"," ","0",0,"P"," ","0",0,"P"," ","0",0,"P"," ","0",0,"P"," ","0",0,"P"," ","0"
"2694","USC00359461",2006,7,"SNWD",0,"P"," ","0",0,"P"," ","0",0,"P"," ","0",0,"P"," ","0",0,"P"," ","0",0,"P"," ","0",0,"P"," ","0",0,"P"," ","0",0,"P"," ","0",0,"P"," ","0",0,"P"," ","0",0,"P"," ","0",0,"P"," ","0",0,"P"," ","0",0,"P"," ","0",0,"P"," ","0",0,"P"," ","0",0,"P"," ","0",0,"P"," ","0",0,"P"," ","0",0,"P"," ","0",0,"P"," ","0",0,"P"," ","0",0,"P"," ","0",0,"P"," ","0",0,"P"," ","0",0,"P"," ","0",0,"P"," ","0",0,"P"," ","0",0,"P"," ","0",0,"P"," ","0"
"2695","USC00359461",2006,8,"TMAX",261," "," ","0",278," "," ","0",278," "," ","0",278," "," ","0",289," "," ","0",328," "," ","0",300," "," ","0",294," "," ","0",322," "," ","0",289," "," ","0",261," "," ","0",267," "," ","0",283," "," ","0",328," "," ","0",306," "," ","0",239," "," ","0",233," "," ","0",283," "," ","0",350," "," ","0",356," "," ","0",317," "," ","0",283," "," ","0",272," "," ","0",272," "," ","0",267," "," ","0",283," "," ","0",339," "," ","0",361," "," ","0",333," "," ","0",239," "," ","0",233," "," ","0"
"2696","USC00359461",2006,8,"TMIN",100," "," ","0",111," ","I","0",117," "," ","0",122," "," ","0",106," "," ","0",133," ","I","0",122," "," ","0",122," "," ","0",139," "," ","0",100," "," ","0",106," "," ","0",117," "," ","0",122," "," ","0",133," ","I","0",111," "," ","0",133," ","I","0",94," "," ","0",94," "," ","0",122," "," ","0",139," "," ","0",128," "," ","0",117," "," ","0",122," "," ","0",133," "," ","0",128," "," ","0",122," "," ","0",128," "," ","0",128," "," ","0",128," "," ","0",83," "," ","0",94," ","I","0"
"2697","USC00359461",2006,8,"TOBS",100," ","I","0",117," "," ","0",139," "," ","0",122," "," ","0",117," ","I","0",178," "," ","0",139," "," ","0",144," "," ","0",156," "," ","0",100," "," ","0",122," "," ","0",117," "," ","0",122," ","I","0",139," "," ","0",111," ","I","0",133," "," ","0",100," "," ","0",128," "," ","0",144," "," ","0",144," "," ","0",133," "," ","0",122," "," ","0",150," "," ","0",150," "," ","0",128," "," ","0",122," "," ","0",128," "," ","0",144," "," ","0",139," "," ","0",83," ","I","0",111," "," ","0"
"2698","USC00359461",2006,8,"PRCP",0," "," ","0",0," "," ","0",0," "," ","0",0," "," ","0",0," "," ","0",0," "," ","0",0," "," ","0",0," "," ","0",0," "," ","0",0," "," ","0",0," "," ","0",0," "," ","0",0," "," ","0",0," "," ","0",0," "," ","0",0," "," ","0",0," "," ","0",0," "," ","0",0," "," ","0",0," "," ","0",0," "," ","0",0," "," ","0",0," "," ","0",0," "," ","0",0," "," ","0",0," "," ","0",0," "," ","0",0," "," ","0",0," "," ","0",0," "," ","0",0," "," ","0"
"2699","USC00359461",2006,8,"SNOW",0,"P"," ","0",0,"P"," ","0",0,"P"," ","0",0,"P"," ","0",0,"P"," ","0",0,"P"," ","0",0,"P"," ","0",0,"P"," ","0",0,"P"," ","0",0,"P"," ","0",0,"P"," ","0",0,"P"," ","0",0,"P"," ","0",0,"P"," ","0",0,"P"," ","0",0,"P"," ","0",0,"P"," ","0",0,"P"," ","0",0,"P"," ","0",0,"P"," ","0",0,"P"," ","0",0,"P"," ","0",0,"P"," ","0",0,"P"," ","0",0,"P"," ","0",0,"P"," ","0",0,"P"," ","0",0,"P"," ","0",0,"P"," ","0",0,"P"," ","0",0,"P"," ","0"
"2700","USC00359461",2006,8,"SNWD",0,"P"," ","0",0,"P"," ","0",0,"P"," ","0",0,"P"," ","0",0,"P"," ","0",0,"P"," ","0",0,"P"," ","0",0,"P"," ","0",0,"P"," ","0",0,"P"," ","0",0,"P"," ","0",0,"P"," ","0",0,"P"," ","0",0,"P"," ","0",0,"P"," ","0",0,"P"," ","0",0,"P"," ","0",0,"P"," ","0",0,"P"," ","0",0,"P"," ","0",0,"P"," ","0",0,"P"," ","0",0,"P"," ","0",0,"P"," ","0",0,"P"," ","0",0,"P"," ","0",0,"P"," ","0",0,"P"," ","0",0,"P"," ","0",0,"P"," ","0",0,"P"," ","0"
"2701","USC00359461",2006,9,"TMAX",267," "," ","0",372," "," ","0",344," "," ","0",339," "," ","0",294," "," ","0",317," "," ","0",322," "," ","0",289," "," ","0",267," "," ","0",239," "," ","0",222," "," ","0",306," "," ","0",311," "," ","0",272," "," ","0",211," "," ","0",172," "," ","0",211," "," ","0",211," "," ","0",172," "," ","0",217," "," ","0",211," "," ","0",172," "," ","0",200," "," ","0",261," "," ","0",300," "," ","0",294," "," ","0",311," "," ","0",322," "," ","0",300," "," ","0",300," "," ","0",NA," "," "," "
"2702","USC00359461",2006,9,"TMIN",106," "," ","0",100," "," ","0",106," "," ","0",106," "," ","0",122," "," ","0",122," "," ","0",89," "," ","0",94," "," ","0",100," "," ","0",89," "," ","0",100," "," ","0",106," "," ","0",111," "," ","0",94," "," ","0",100," "," ","0",89," "," ","0",72," "," ","0",111," ","I","0",100," "," ","0",106," "," ","0",106," "," ","0",72," "," ","0",61," "," ","0",67," "," ","0",67," "," ","0",83," "," ","0",83," "," ","0",78," "," ","0",78," "," ","0",89," "," ","0",NA," "," "," "
"2703","USC00359461",2006,9,"TOBS",106," "," ","0",133," "," ","0",117," "," ","0",128," "," ","0",128," "," ","0",139," "," ","0",89," "," ","0",94," "," ","0",144," "," ","0",94," "," ","0",100," "," ","0",106," "," ","0",139," "," ","0",100," "," ","0",100," "," ","0",89," "," ","0",72," ","I","0",117," "," ","0",111," "," ","0",100," "," ","0",122," "," ","0",72," "," ","0",61," "," ","0",67," "," ","0",83," "," ","0",83," "," ","0",94," "," ","0",83," "," ","0",89," "," ","0",106," "," ","0",NA," "," "," "
"2704","USC00359461",2006,9,"PRCP",0," "," ","0",0," "," ","0",0," "," ","0",0," "," ","0",0," "," ","0",0," "," ","0",0," "," ","0",0," "," ","0",10," "," ","0",0," "," ","0",0," "," ","0",0," "," ","0",0," "," ","0",0," "," ","0",3," "," ","0",46," "," ","0",0,"T"," ","0",0,"T"," ","0",36," "," ","0",99," "," ","0",25," "," ","0",0,"T"," ","0",0," "," ","0",0," "," ","0",0," "," ","0",0," "," ","0",0," "," ","0",0," "," ","0",0," "," ","0",0," "," ","0",NA," "," "," "
"2705","USC00359461",2006,9,"SNOW",0,"P"," ","0",0,"P"," ","0",0,"P"," ","0",0,"P"," ","0",0,"P"," ","0",0,"P"," ","0",0,"P"," ","0",0,"P"," ","0",0,"P"," ","0",0,"P"," ","0",0,"P"," ","0",0,"P"," ","0",0,"P"," ","0",0,"P"," ","0",0,"P"," ","0",0,"P"," ","0",0,"P"," ","0",0,"P"," ","0",0,"P"," ","0",0,"P"," ","0",0,"P"," ","0",0,"P"," ","0",0,"P"," ","0",0,"P"," ","0",0,"P"," ","0",0,"P"," ","0",0,"P"," ","0",0,"P"," ","0",0,"P"," ","0",0,"P"," ","0",NA," "," "," "
"2706","USC00359461",2006,9,"SNWD",0,"P"," ","0",0,"P"," ","0",0,"P"," ","0",0,"P"," ","0",0,"P"," ","0",0,"P"," ","0",0,"P"," ","0",0,"P"," ","0",0,"P"," ","0",0,"P"," ","0",0,"P"," ","0",0,"P"," ","0",0,"P"," ","0",0,"P"," ","0",0,"P"," ","0",0,"P"," ","0",0,"P"," ","0",0,"P"," ","0",0,"P"," ","0",0,"P"," ","0",0,"P"," ","0",0,"P"," ","0",0,"P"," ","0",0,"P"," ","0",0,"P"," ","0",0,"P"," ","0",0,"P"," ","0",0,"P"," ","0",0,"P"," ","0",0,"P"," ","0",NA," "," "," "
"2707","USC00359461",2006,10,"TMAX",233," "," ","0",222," "," ","0",233," "," ","0",189," "," ","0",222," "," ","0",228," "," ","0",200," "," ","0",183," "," ","0",228," "," ","0",244," "," ","0",228," "," ","0",278," "," ","0",289," "," ","0",261," "," ","0",200," "," ","0",144," "," ","0",150," "," ","0",172," "," ","0",172," "," ","0",194," "," ","0",183," "," ","0",183," "," ","0",233," "," ","0",167," "," ","0",144," "," ","0",144," "," ","0",167," "," ","0",178," "," ","0",156," "," ","0",122," "," ","0",100," "," ","0"
"2708","USC00359461",2006,10,"TMIN",100," "," ","0",67," "," ","0",67," "," ","0",89," "," ","0",72," "," ","0",67," "," ","0",78," "," ","0",50," "," ","0",50," "," ","0",33," "," ","0",28," "," ","0",39," "," ","0",44," "," ","0",50," "," ","0",61," "," ","0",106," "," ","0",78," "," ","0",56," "," ","0",56," "," ","0",117," "," ","0",72," "," ","0",39," "," ","0",39," "," ","0",44," "," ","0",22," "," ","0",0," "," ","0",0," "," ","0",11," "," ","0",56," ","I","0",-11," "," ","0",-22," "," ","0"
"2709","USC00359461",2006,10,"TOBS",122," "," ","0",72," "," ","0",111," "," ","0",106," "," ","0",72," "," ","0",78," "," ","0",111," "," ","0",50," "," ","0",133," "," ","0",33," "," ","0",39," "," ","0",44," "," ","0",61," "," ","0",67," "," ","0",111," "," ","0",111," "," ","0",94," "," ","0",72," "," ","0",117," "," ","0",139," "," ","0",83," "," ","0",39," "," ","0",50," "," ","0",44," "," ","0",22," "," ","0",17," "," ","0",22," "," ","0",39," "," ","0",-6," "," ","0",0," "," ","0",0," "," ","0"
"2710","USC00359461",2006,10,"PRCP",0," "," ","0",0," "," ","0",0," "," ","0",0," "," ","0",0," "," ","0",0," "," ","0",0," "," ","0",0," "," ","0",0," "," ","0",0," "," ","0",0," "," ","0",0," "," ","0",0," "," ","0",0," "," ","0",0," "," ","0",124," "," ","0",127," "," ","0",0," "," ","0",0," "," ","0",3," "," ","0",0," "," ","0",0," "," ","0",0," "," ","0",0," "," ","0",3," "," ","0",5," "," ","0",0," "," ","0",0," "," ","0",0," "," ","0",0,"T"," ","0",0," "," ","0"
"2711","USC00359461",2006,10,"SNOW",0,"P"," ","0",0,"P"," ","0",0,"P"," ","0",0,"P"," ","0",0,"P"," ","0",0,"P"," ","0",0,"P"," ","0",0,"P"," ","0",0,"P"," ","0",0,"P"," ","0",0,"P"," ","0",0,"P"," ","0",0,"P"," ","0",0,"P"," ","0",0,"P"," ","0",0,"P"," ","0",0,"P"," ","0",0,"P"," ","0",0,"P"," ","0",0,"P"," ","0",0,"P"," ","0",0,"P"," ","0",0,"P"," ","0",0,"P"," ","0",0,"P"," ","0",0,"P"," ","0",0,"P"," ","0",0,"P"," ","0",0,"P"," ","0",0,"P"," ","0",0,"P"," ","0"
"2712","USC00359461",2006,10,"SNWD",0,"P"," ","0",0,"P"," ","0",0,"P"," ","0",0,"P"," ","0",0,"P"," ","0",0,"P"," ","0",0,"P"," ","0",0,"P"," ","0",0,"P"," ","0",0,"P"," ","0",0,"P"," ","0",0,"P"," ","0",0,"P"," ","0",0,"P"," ","0",0,"P"," ","0",0,"P"," ","0",0,"P"," ","0",0,"P"," ","0",0,"P"," ","0",0,"P"," ","0",0,"P"," ","0",0,"P"," ","0",0,"P"," ","0",0,"P"," ","0",0,"P"," ","0",0,"P"," ","0",0,"P"," ","0",0,"P"," ","0",0,"P"," ","0",0,"P"," ","0",0,"P"," ","0"
"2713","USC00359461",2006,11,"TMAX",78," "," ","0",83," "," ","0",139," "," ","0",150," "," ","0",183," "," ","0",183," "," ","0",228," "," ","0",206," "," ","0",133," "," ","0",133," "," ","0",139," "," ","0",122," "," ","0",122," "," ","0",117," "," ","0",111," "," ","0",156," "," ","0",122," "," ","0",89," "," ","0",128," "," ","0",139," "," ","0",161," "," ","0",122," "," ","0",100," "," ","0",106," "," ","0",128," "," ","0",94," "," ","0",100," "," ","0",56," "," ","0",44," "," ","0",67," "," ","0",NA," "," "," "
"2714","USC00359461",2006,11,"TMIN",-22," "," ","0",-11," "," ","0",61," "," ","0",83," "," ","0",89," "," ","0",133," "," ","0",144," "," ","0",72," "," ","0",61," "," ","0",39," "," ","0",44," "," ","0",22," "," ","0",17," "," ","0",56," "," ","0",50," "," ","0",44," "," ","0",56," "," ","0",44," "," ","0",56," "," ","0",67," "," ","0",39," "," ","0",61," "," ","0",33," "," ","0",39," "," ","0",44," "," ","0",39," "," ","0",22," "," ","0",0," "," ","0",-11," "," ","0",-11," "," ","0",NA," "," "," "
"2715","USC00359461",2006,11,"TOBS",0," "," ","0",61," "," ","0",83," "," ","0",89," "," ","0",133," "," ","0",144," "," ","0",200," "," ","0",78," "," ","0",67," "," ","0",50," "," ","0",67," "," ","0",28," "," ","0",50," "," ","0",61," "," ","0",50," "," ","0",78," "," ","0",61," "," ","0",50," "," ","0",67," "," ","0",83," "," ","0",89," "," ","0",72," "," ","0",44," "," ","0",72," "," ","0",56," "," ","0",72," "," ","0",28," "," ","0",11," "," ","0",-6," "," ","0",39," "," ","0",NA," "," "," "
"2716","USC00359461",2006,11,"PRCP",0," "," ","0",51," "," ","0",86," "," ","0",112," "," ","0",201," "," ","0",8," "," ","0",0," "," ","0",307," "," ","0",137," "," ","0",0," "," ","0",257," "," ","0",13," "," ","0",102," "," ","0",76," "," ","0",3," "," ","0",74," "," ","0",0,"T"," ","0",0," "," ","0",0," "," ","0",135," "," ","0",64," "," ","0",147," "," ","0",173," "," ","0",53," "," ","0",51," "," ","0",30," "," ","0",150," "," ","0",173," "," ","0",0,"T"," ","0",3," "," ","0",NA," "," "," "
"2717","USC00359461",2006,11,"SNOW",0,"P"," ","0",0,"P"," ","0",0,"P"," ","0",0,"P"," ","0",0,"P"," ","0",0,"P"," ","0",0,"P"," ","0",0,"P"," ","0",0,"P"," ","0",0,"P"," ","0",0,"P"," ","0",0,"P"," ","0",0,"P"," ","0",0,"P"," ","0",0,"P"," ","0",0,"P"," ","0",0,"P"," ","0",0,"P"," ","0",0,"P"," ","0",0,"P"," ","0",0,"P"," ","0",0,"P"," ","0",0,"P"," ","0",0,"P"," ","0",0,"P"," ","0",0,"P"," ","0",0,"P"," ","0",0,"P"," ","0",0,"P"," ","0",0,"P"," ","0",NA," "," "," "
"2718","USC00359461",2006,11,"SNWD",0,"P"," ","0",0,"P"," ","0",0,"P"," ","0",0,"P"," ","0",0,"P"," ","0",0,"P"," ","0",0,"P"," ","0",0,"P"," ","0",0,"P"," ","0",0,"P"," ","0",0,"P"," ","0",0,"P"," ","0",0,"P"," ","0",0,"P"," ","0",0,"P"," ","0",0,"P"," ","0",0,"P"," ","0",0,"P"," ","0",0,"P"," ","0",0,"P"," ","0",0,"P"," ","0",0,"P"," ","0",0,"P"," ","0",0,"P"," ","0",0,"P"," ","0",0,"P"," ","0",0,"P"," ","0",0,"P"," ","0",0,"P"," ","0",0,"P"," ","0",NA," "," "," "
"2719","USC00359461",2006,12,"TMAX",72," "," ","0",72," "," ","0",61," "," ","0",83," "," ","0",100," "," ","0",117," "," ","0",100," "," ","0",83," "," ","0",139," "," ","0",139," "," ","0",133," "," ","0",139," "," ","0",133," "," ","0",139," "," ","0",167," "," ","0",67," "," ","0",44," "," ","0",17," "," ","0",67," "," ","0",33," "," ","0",111," "," ","0",78," "," ","0",111," "," ","0",139," "," ","0",161," "," ","0",89," "," ","0",139," "," ","0",72," "," ","0",39," "," ","0",78," "," ","0",39," "," ","0"
"2720","USC00359461",2006,12,"TMIN",22," "," ","0",11," "," ","0",0," "," ","0",-11," "," ","0",-6," "," ","0",0," "," ","0",11," "," ","0",33," ","I","0",122," ","I","0",78," ","I","0",122," ","I","0",67," "," ","0",128," ","I","0",83," "," ","0",44," "," ","0",-6," "," ","0",-11," "," ","0",-11," "," ","0",-22," "," ","0",-17," "," ","0",39," ","I","0",17," "," ","0",39," ","I","0",44," "," ","0",50," "," ","0",72," "," ","0",67," "," ","0",-6," "," ","0",-11," "," ","0",-6," "," ","0",22," "," ","0"
"2721","USC00359461",2006,12,"TOBS",39," "," ","0",17," "," ","0",11," "," ","0",-11," "," ","0",6," "," ","0",6," "," ","0",22," "," ","0",17," "," ","0",28," "," ","0",61," ","I","0",61," "," ","0",61," "," ","0",67," ","I","0",89," "," ","0",44," "," ","0",-6," "," ","0",-6," "," ","0",0," "," ","0",-17," "," ","0",-17," ","I","0",44," "," ","0",28," ","I","0",94," "," ","0",61," "," ","0",83," "," ","0",89," "," ","0",72," "," ","0",0," "," ","0",-11," "," ","0",22," "," ","0",28," "," ","0"
"2722","USC00359461",2006,12,"PRCP",33," "," ","0",0," "," ","0",0," "," ","0",0," "," ","0",0," "," ","0",0," "," ","0",3," "," ","0",0," "," ","0",5," "," ","0",18," "," ","0",51," "," ","0",91," "," ","0",193," "," ","0",221," "," ","0",203," "," ","0",61," "," ","0",0," "," ","0",3," "," ","0",0," "," ","0",0," "," ","0",132," "," ","0",36," "," ","0",25," "," ","0",61," "," ","0",439," "," ","0",411," "," ","0",193," "," ","0",25," "," ","0",0," "," ","0",0,"T"," ","0",0,"T"," ","0"
"2723","USC00359461",2006,12,"SNOW",0,"P"," ","0",0,"P"," ","0",0,"P"," ","0",0,"P"," ","0",0,"P"," ","0",0,"P"," ","0",0,"P"," ","0",0,"P"," ","0",0,"P"," ","0",0,"P"," ","0",0,"P"," ","0",0,"P"," ","0",0,"P"," ","0",0,"P"," ","0",0,"P"," ","0",0,"P"," ","0",0,"P"," ","0",0,"P"," ","0",0,"P"," ","0",0,"P"," ","0",0,"P"," ","0",0,"P"," ","0",0,"P"," ","0",0,"P"," ","0",0,"P"," ","0",0,"P"," ","0",0,"P"," ","0",0,"P"," ","0",0,"P"," ","0",0,"P"," ","0",0,"P"," ","0"
"2724","USC00359461",2006,12,"SNWD",0,"P"," ","0",0,"P"," ","0",0,"P"," ","0",0,"P"," ","0",0,"P"," ","0",0,"P"," ","0",0,"P"," ","0",0,"P"," ","0",0,"P"," ","0",0,"P"," ","0",0,"P"," ","0",0,"P"," ","0",0,"P"," ","0",0,"P"," ","0",0,"P"," ","0",0,"P"," ","0",0,"P"," ","0",0,"P"," ","0",0,"P"," ","0",0,"P"," ","0",0,"P"," ","0",0,"P"," ","0",0,"P"," ","0",0,"P"," ","0",0,"P"," ","0",0,"P"," ","0",0,"P"," ","0",0,"P"," ","0",0,"P"," ","0",0,"P"," ","0",0,"P"," ","0"
"2725","USC00359461",2007,1,"TMAX",122," "," ","0",100," "," ","0",128," "," ","0",117," "," ","0",61," "," ","0",61," "," ","0",83," "," ","0",122," "," ","0",128," "," ","0",122," "," ","0",50," "," ","0",17," "," ","0",6," "," ","0",17," "," ","0",0," "," ","0",44," "," ","0",22," "," ","0",28," "," ","0",83," "," ","0",94," "," ","0",94," "," ","0",89," "," ","0",100," "," ","0",111," "," ","0",106," "," ","0",61," "," ","0",72," "," ","0",44," "," ","0",61," "," ","0",78," "," ","0",94," "," ","0"
"2726","USC00359461",2007,1,"TMIN",0," "," ","0",11," "," ","0",44," "," ","0",33," "," ","0",11," "," ","0",0," "," ","0",50," "," ","0",50," "," ","0",39," "," ","0",28," "," ","0",-6," "," ","0",-61," "," ","0",-61," "," ","0",-50," "," ","0",-28," "," ","0",-28," "," ","0",-22," "," ","0",-6," "," ","0",-11," "," ","0",0," "," ","0",-11," "," ","0",-22," "," ","0",-33," "," ","0",-22," "," ","0",-22," "," ","0",-6," "," ","0",-11," "," ","0",0," "," ","0",-22," "," ","0",-17," "," ","0",-39," "," ","0"
"2727","USC00359461",2007,1,"TOBS",11," "," ","0",44," "," ","0",100," "," ","0",50," "," ","0",11," "," ","0",61," "," ","0",67," "," ","0",67," "," ","0",61," "," ","0",33," "," ","0",-6," "," ","0",-61," "," ","0",-22," "," ","0",-33," "," ","0",-22," "," ","0",-22," "," ","0",11," "," ","0",6," "," ","0",11," "," ","0",44," "," ","0",0," "," ","0",-17," "," ","0",-6," "," ","0",-17," "," ","0",6," "," ","0",28," "," ","0",0," "," ","0",6," "," ","0",-17," "," ","0",-17," "," ","0",-28," "," ","0"
"2728","USC00359461",2007,1,"PRCP",0," "," ","0",0," "," ","0",343," "," ","0",132," "," ","0",61," "," ","0",137," "," ","0",43," "," ","0",3," "," ","0",10," "," ","0",13," "," ","0",28," "," ","0",0," "," ","0",0," "," ","0",0," "," ","0",0," "," ","0",66," "," ","0",97," "," ","0",0," "," ","0",0,"T"," ","0",10," "," ","0",0," "," ","0",0," "," ","0",3," "," ","0",0," "," ","0",0,"T"," ","0",0," "," ","0",0,"T"," ","0",0,"T"," ","0",0," "," ","0",0," "," ","0",0," "," ","0"
"2729","USC00359461",2007,1,"SNOW",0,"P"," ","0",0,"P"," ","0",0,"P"," ","0",0,"P"," ","0",0,"P"," ","0",0,"P"," ","0",0,"P"," ","0",0,"P"," ","0",0,"P"," ","0",0,"P"," ","0",0,"P"," ","0",0,"P"," ","0",0,"P"," ","0",0,"P"," ","0",0,"P"," ","0",0,"P"," ","0",0,"P"," ","0",0,"P"," ","0",0,"P"," ","0",0,"P"," ","0",0,"P"," ","0",0,"P"," ","0",0,"P"," ","0",0,"P"," ","0",0,"P"," ","0",0,"P"," ","0",0,"P"," ","0",0,"P"," ","0",0,"P"," ","0",0,"P"," ","0",0,"P"," ","0"
"2730","USC00359461",2007,1,"SNWD",0,"P"," ","0",0,"P"," ","0",0,"P"," ","0",0,"P"," ","0",0,"P"," ","0",0,"P"," ","0",0,"P"," ","0",0,"P"," ","0",0,"P"," ","0",0,"P"," ","0",0,"P"," ","0",0,"P"," ","0",0,"P"," ","0",0,"P"," ","0",0,"P"," ","0",0,"P"," ","0",0,"P"," ","0",0,"P"," ","0",0,"P"," ","0",0,"P"," ","0",0,"P"," ","0",0,"P"," ","0",0,"P"," ","0",0,"P"," ","0",0,"P"," ","0",0,"P"," ","0",0,"P"," ","0",0,"P"," ","0",0,"P"," ","0",0,"P"," ","0",0,"P"," ","0"
"2731","USC00359461",2007,2,"TMAX",61," "," ","0",56," "," ","0",67," "," ","0",117," "," ","0",161," "," ","0",167," "," ","0",150," "," ","0",106," "," ","0",83," "," ","0",150," "," ","0",133," "," ","0",117," "," ","0",133," "," ","0",128," "," ","0",100," "," ","0",156," "," ","0",156," "," ","0",178," "," ","0",106," "," ","0",100," "," ","0",83," "," ","0",67," "," ","0",78," "," ","0",83," "," ","0",117," "," ","0",72," "," ","0",78," "," ","0",83," "," ","0",NA," "," "," ",NA," "," "," ",NA," "," "," "
"2732","USC00359461",2007,2,"TMIN",-28," "," ","0",-28," "," ","0",-22," "," ","0",11," "," ","0",17," "," ","0",33," "," ","0",44," "," ","0",33," "," ","0",33," "," ","0",28," "," ","0",39," "," ","0",39," "," ","0",33," "," ","0",39," "," ","0",50," "," ","0",94," "," ","0",61," "," ","0",56," "," ","0",50," "," ","0",44," "," ","0",22," "," ","0",17," "," ","0",11," "," ","0",11," "," ","0",39," "," ","0",11," "," ","0",6," "," ","0",0," "," ","0",NA," "," "," ",NA," "," "," ",NA," "," "," "
"2733","USC00359461",2007,2,"TOBS",-17," "," ","0",-17," "," ","0",11," "," ","0",22," "," ","0",44," "," ","0",61," "," ","0",61," "," ","0",33," "," ","0",33," "," ","0",39," "," ","0",78," "," ","0",39," "," ","0",56," "," ","0",50," "," ","0",94," "," ","0",106," "," ","0",61," "," ","0",61," "," ","0",56," "," ","0",78," "," ","0",33," "," ","0",22," "," ","0",11," "," ","0",72," "," ","0",39," "," ","0",11," "," ","0",28," "," ","0",6," ","I","0",NA," "," "," ",NA," "," "," ",NA," "," "," "
"2734","USC00359461",2007,2,"PRCP",0," "," ","0",0," "," ","0",0," "," ","0",0," "," ","0",0," "," ","0",0," "," ","0",0," "," ","0",84," "," ","0",43," "," ","0",5," "," ","0",81," "," ","0",15," "," ","0",46," "," ","0",3," "," ","0",112," "," ","0",66," "," ","0",15," "," ","0",25," "," ","0",8," "," ","0",8," "," ","0",46," "," ","0",152," "," ","0",38," "," ","0",15," "," ","0",180," "," ","0",231," "," ","0",15," "," ","0",165," "," ","0",NA," "," "," ",NA," "," "," ",NA," "," "," "
"2735","USC00359461",2007,2,"SNOW",0,"P"," ","0",0,"P"," ","0",0,"P"," ","0",0,"P"," ","0",0,"P"," ","0",0,"P"," ","0",0,"P"," ","0",0,"P"," ","0",0,"P"," ","0",0,"P"," ","0",0,"P"," ","0",0,"P"," ","0",0,"P"," ","0",0,"P"," ","0",0,"P"," ","0",0,"P"," ","0",0,"P"," ","0",0,"P"," ","0",0,"P"," ","0",0,"P"," ","0",0,"P"," ","0",0,"P"," ","0",0,"P"," ","0",0,"P"," ","0",0,"P"," ","0",0,"P"," ","0",0,"P"," ","0",0,"P"," ","0",NA," "," "," ",NA," "," "," ",NA," "," "," "
"2736","USC00359461",2007,2,"SNWD",0,"P"," ","0",0,"P"," ","0",0,"P"," ","0",0,"P"," ","0",0,"P"," ","0",0,"P"," ","0",0,"P"," ","0",0,"P"," ","0",0,"P"," ","0",0,"P"," ","0",0,"P"," ","0",0,"P"," ","0",0,"P"," ","0",0,"P"," ","0",0,"P"," ","0",0,"P"," ","0",0,"P"," ","0",0,"P"," ","0",0,"P"," ","0",0,"P"," ","0",0,"P"," ","0",0,"P"," ","0",0,"P"," ","0",0,"P"," ","0",0,"P"," ","0",0,"P"," ","0",0,"P"," ","0",0,"P"," ","0",NA," "," "," ",NA," "," "," ",NA," "," "," "
"2737","USC00359461",2007,3,"TMAX",61," "," ","0",83," "," ","0",106," "," ","0",161," "," ","0",200," "," ","0",194," "," ","0",194," "," ","0",122," "," ","0",144," "," ","0",139," "," ","0",178," "," ","0",244," "," ","0",183," "," ","0",133," "," ","0",156," "," ","0",200," "," ","0",239," "," ","0",206," "," ","0",211," "," ","0",150," "," ","0",106," "," ","0",133," "," ","0",194," "," ","0",206," "," ","0",200," "," ","0",150," "," ","0",100," "," ","0",83," "," ","0",128," "," ","0",200," "," ","0",206," "," ","0"
"2738","USC00359461",2007,3,"TMIN",17," ","I","0",39," "," ","0",56," "," ","0",44," "," ","0",78," "," ","0",39," "," ","0",39," "," ","0",22," "," ","0",28," "," ","0",44," "," ","0",50," "," ","0",78," "," ","0",67," "," ","0",67," "," ","0",6," "," ","0",6," "," ","0",39," "," ","0",50," "," ","0",72," "," ","0",67," "," ","0",0," "," ","0",-6," "," ","0",28," "," ","0",44," "," ","0",78," "," ","0",44," "," ","0",33," "," ","0",-6," "," ","0",6," ","I","0",11," "," ","0",39," "," ","0"
"2739","USC00359461",2007,3,"TOBS",39," "," ","0",61," "," ","0",67," "," ","0",78," "," ","0",83," "," ","0",39," "," ","0",89," "," ","0",22," "," ","0",67," "," ","0",44," "," ","0",78," "," ","0",106," "," ","0",67," "," ","0",67," "," ","0",17," "," ","0",50," "," ","0",61," "," ","0",117," "," ","0",78," "," ","0",67," "," ","0",0," "," ","0",22," "," ","0",44," "," ","0",78," "," ","0",89," "," ","0",44," "," ","0",33," "," ","0",-6," ","I","0",11," "," ","0",39," "," ","0",89," "," ","0"
"2740","USC00359461",2007,3,"PRCP",79," "," ","0",36," "," ","0",41," "," ","0",3," "," ","0",0," "," ","0",0," "," ","0",5," "," ","0",33," "," ","0",33," "," ","0",84," "," ","0",0,"T"," ","0",0," "," ","0",0," "," ","0",0," "," ","0",0," "," ","0",0," "," ","0",0," "," ","0",0," "," ","0",0," "," ","0",91," "," ","0",10," "," ","0",0,"T"," ","0",0," "," ","0",0," "," ","0",79," "," ","0",51," "," ","0",155," "," ","0",28," "," ","0",0,"T"," ","0",0," "," ","0",0,"T"," ","0"
"2741","USC00359461",2007,3,"SNOW",0,"P"," ","0",0,"P"," ","0",0,"P"," ","0",0,"P"," ","0",0,"P"," ","0",0,"P"," ","0",0,"P"," ","0",0,"P"," ","0",0,"P"," ","0",0,"P"," ","0",0,"P"," ","0",0,"P"," ","0",0,"P"," ","0",0,"P"," ","0",0,"P"," ","0",0,"P"," ","0",0,"P"," ","0",0,"P"," ","0",0,"P"," ","0",0,"P"," ","0",0,"P"," ","0",0,"P"," ","0",0,"P"," ","0",0,"P"," ","0",0,"P"," ","0",0,"P"," ","0",0,"P"," ","0",0,"P"," ","0",0,"P"," ","0",0,"P"," ","0",0,"P"," ","0"
"2742","USC00359461",2007,3,"SNWD",0,"P"," ","0",0,"P"," ","0",0,"P"," ","0",0,"P"," ","0",0,"P"," ","0",0,"P"," ","0",0,"P"," ","0",0,"P"," ","0",0,"P"," ","0",0,"P"," ","0",0,"P"," ","0",0,"P"," ","0",0,"P"," ","0",0,"P"," ","0",0,"P"," ","0",0,"P"," ","0",0,"P"," ","0",0,"P"," ","0",0,"P"," ","0",0,"P"," ","0",0,"P"," ","0",0,"P"," ","0",0,"P"," ","0",0,"P"," ","0",0,"P"," ","0",0,"P"," ","0",0,"P"," ","0",0,"P"," ","0",0,"P"," ","0",0,"P"," ","0",0,"P"," ","0"
"2743","USC00359461",2007,4,"TMAX",144," "," ","0",128," "," ","0",139," "," ","0",172," "," ","0",211," "," ","0",261," "," ","0",239," "," ","0",183," "," ","0",200," "," ","0",144," "," ","0",167," "," ","0",150," "," ","0",144," "," ","0",217," "," ","0",128," "," ","0",150," "," ","0",156," "," ","0",100," "," ","0",117," "," ","0",139," "," ","0",172," "," ","0",133," "," ","0",150," "," ","0",211," "," ","0",206," "," ","0",178," "," ","0",206," "," ","0",244," "," ","0",222," "," ","0",211," "," ","0",NA," "," "," "
"2744","USC00359461",2007,4,"TMIN",50," "," ","0",17," "," ","0",28," "," ","0",50," "," ","0",50," "," ","0",56," "," ","0",78," "," ","0",44," "," ","0",50," "," ","0",56," "," ","0",67," ","I","0",39," "," ","0",44," "," ","0",50," "," ","0",33," "," ","0",22," "," ","0",22," "," ","0",39," "," ","0",17," "," ","0",17," "," ","0",22," "," ","0",61," "," ","0",39," "," ","0",50," "," ","0",89," "," ","0",39," "," ","0",39," "," ","0",61," "," ","0",106," "," ","0",50," "," ","0",NA," "," "," "
"2745","USC00359461",2007,4,"TOBS",56," "," ","0",33," "," ","0",50," "," ","0",78," "," ","0",50," "," ","0",78," "," ","0",122," "," ","0",44," "," ","0",78," "," ","0",56," ","I","0",78," "," ","0",50," "," ","0",56," "," ","0",89," "," ","0",39," "," ","0",33," "," ","0",44," "," ","0",50," "," ","0",22," "," ","0",22," "," ","0",78," "," ","0",67," "," ","0",50," "," ","0",89," "," ","0",89," "," ","0",44," "," ","0",67," "," ","0",128," "," ","0",111," "," ","0",56," "," ","0",NA," "," "," "
"2746","USC00359461",2007,4,"PRCP",0," "," ","0",0," "," ","0",0," "," ","0",0," "," ","0",0," "," ","0",0," "," ","0",23," "," ","0",28," "," ","0",30," "," ","0",23," "," ","0",43," "," ","0",104," "," ","0",3," "," ","0",79," "," ","0",25," "," ","0",0," "," ","0",8," "," ","0",109," "," ","0",5," "," ","0",0," "," ","0",8," "," ","0",132," "," ","0",28," "," ","0",3," "," ","0",0,"T"," ","0",0," "," ","0",0," "," ","0",0," "," ","0",0," "," ","0",0," "," ","0",NA," "," "," "
"2747","USC00359461",2007,4,"SNOW",0,"P"," ","0",0,"P"," ","0",0,"P"," ","0",0,"P"," ","0",0,"P"," ","0",0,"P"," ","0",0,"P"," ","0",0,"P"," ","0",0,"P"," ","0",0,"P"," ","0",0,"P"," ","0",0,"P"," ","0",0,"P"," ","0",0,"P"," ","0",0,"P"," ","0",0,"P"," ","0",0,"P"," ","0",0,"P"," ","0",0,"P"," ","0",0,"P"," ","0",0,"P"," ","0",0,"P"," ","0",0,"P"," ","0",0,"P"," ","0",0,"P"," ","0",0,"P"," ","0",0,"P"," ","0",0,"P"," ","0",0,"P"," ","0",0,"P"," ","0",NA," "," "," "
"2748","USC00359461",2007,4,"SNWD",0,"P"," ","0",0,"P"," ","0",0,"P"," ","0",0,"P"," ","0",0,"P"," ","0",0,"P"," ","0",0,"P"," ","0",0,"P"," ","0",0,"P"," ","0",0,"P"," ","0",0,"P"," ","0",0,"P"," ","0",0,"P"," ","0",0,"P"," ","0",0,"P"," ","0",0,"P"," ","0",0,"P"," ","0",0,"P"," ","0",0,"P"," ","0",0,"P"," ","0",0,"P"," ","0",0,"P"," ","0",0,"P"," ","0",0,"P"," ","0",0,"P"," ","0",0,"P"," ","0",0,"P"," ","0",0,"P"," ","0",0,"P"," ","0",0,"P"," ","0",NA," "," "," "
"2749","USC00359461",2007,5,"TMAX",194," "," ","0",183," "," ","0",139," "," ","0",133," "," ","0",150," "," ","0",178," "," ","0",233," "," ","0",272," "," ","0",261," "," ","0",211," "," ","0",233," "," ","0",217," "," ","0",133," "," ","0",183," "," ","0",272," "," ","0",233," "," ","0",239," "," ","0",261," "," ","0",250," "," ","0",194," "," ","0",183," "," ","0",183," "," ","0",206," "," ","0",283," "," ","0",283," "," ","0",256," "," ","0",267," "," ","0",178," "," ","0",222," "," ","0",328," "," ","0",322," "," ","0"
"2750","USC00359461",2007,5,"TMIN",44," "," ","0",83," "," ","0",50," "," ","0",56," "," ","0",28," "," ","0",44," "," ","0",83," "," ","0",100," "," ","0",106," "," ","0",56," "," ","0",61," "," ","0",72," "," ","0",78," "," ","0",39," "," ","0",56," "," ","0",56," "," ","0",78," "," ","0",72," "," ","0",72," "," ","0",83," "," ","0",56," "," ","0",44," "," ","0",61," ","I","0",78," ","I","0",117," "," ","0",117," "," ","0",117," "," ","0",50," "," ","0",56," "," ","0",72," "," ","0",111," "," ","0"
"2751","USC00359461",2007,5,"TOBS",89," "," ","0",89," "," ","0",56," "," ","0",56," "," ","0",39," "," ","0",78," "," ","0",106," "," ","0",144," "," ","0",106," "," ","0",78," "," ","0",83," "," ","0",106," "," ","0",89," "," ","0",56," "," ","0",100," "," ","0",83," "," ","0",83," "," ","0",72," "," ","0",111," "," ","0",83," "," ","0",67," "," ","0",50," ","I","0",61," ","I","0",144," "," ","0",122," "," ","0",122," "," ","0",133," "," ","0",67," "," ","0",78," "," ","0",117," "," ","0",117," ","I","0"
"2752","USC00359461",2007,5,"PRCP",10," "," ","0",43," "," ","0",41," "," ","0",102," "," ","0",5," "," ","0",0," "," ","0",0," "," ","0",0," "," ","0",0," "," ","0",0," "," ","0",0," "," ","0",0," "," ","0",0," "," ","0",0," "," ","0",0," "," ","0",0," "," ","0",0," "," ","0",0," "," ","0",10," "," ","0",18," "," ","0",30," "," ","0",0," "," ","0",0," "," ","0",3," "," ","0",0," "," ","0",0," "," ","0",0," "," ","0",0," "," ","0",0," "," ","0",0," "," ","0",0," "," ","0"
"2753","USC00359461",2007,5,"SNOW",0,"P"," ","0",0,"P"," ","0",0,"P"," ","0",0,"P"," ","0",0,"P"," ","0",0,"P"," ","0",0,"P"," ","0",0,"P"," ","0",0,"P"," ","0",0,"P"," ","0",0,"P"," ","0",0,"P"," ","0",0,"P"," ","0",0,"P"," ","0",0,"P"," ","0",0,"P"," ","0",0,"P"," ","0",0,"P"," ","0",0,"P"," ","0",0,"P"," ","0",0,"P"," ","0",0,"P"," ","0",0,"P"," ","0",0,"P"," ","0",0,"P"," ","0",0,"P"," ","0",0,"P"," ","0",0,"P"," ","0",0,"P"," ","0",0,"P"," ","0",0,"P"," ","0"
"2754","USC00359461",2007,5,"SNWD",0,"P"," ","0",0,"P"," ","0",0,"P"," ","0",0,"P"," ","0",0,"P"," ","0",0,"P"," ","0",0,"P"," ","0",0,"P"," ","0",0,"P"," ","0",0,"P"," ","0",0,"P"," ","0",0,"P"," ","0",0,"P"," ","0",0,"P"," ","0",0,"P"," ","0",0,"P"," ","0",0,"P"," ","0",0,"P"," ","0",0,"P"," ","0",0,"P"," ","0",0,"P"," ","0",0,"P"," ","0",0,"P"," ","0",0,"P"," ","0",0,"P"," ","0",0,"P"," ","0",0,"P"," ","0",0,"P"," ","0",0,"P"," ","0",0,"P"," ","0",0,"P"," ","0"
"2755","USC00359461",2007,6,"TMAX",300," "," ","0",311," "," ","0",306," "," ","0",306," "," ","0",233," "," ","0",178," "," ","0",172," "," ","0",206," "," ","0",261," "," ","0",183," "," ","0",206," "," ","0",222," "," ","0",294," "," ","0",267," "," ","0",278," "," ","0",289," "," ","0",211," "," ","0",244," "," ","0",261," "," ","0",317," "," ","0",278," "," ","0",267," "," ","0",244," "," ","0",244," "," ","0",222," "," ","0",261," "," ","0",300," "," ","0",283," "," ","0",267," "," ","0",211," "," ","0",NA," "," "," "
"2756","USC00359461",2007,6,"TMIN",128," ","I","0",117," "," ","0",139," ","I","0",139," "," ","0",117," "," ","0",67," "," ","0",50," "," ","0",72," "," ","0",94," "," ","0",111," "," ","0",106," "," ","0",72," "," ","0",100," "," ","0",106," "," ","0",106," "," ","0",128," "," ","0",72," "," ","0",111," "," ","0",89," "," ","0",117," ","I","0",133," "," ","0",106," "," ","0",78," "," ","0",83," "," ","0",61," "," ","0",61," "," ","0",100," "," ","0",100," "," ","0",144," "," ","0",89," "," ","0",NA," "," "," "
"2757","USC00359461",2007,6,"TOBS",133," "," ","0",128," ","I","0",139," "," ","0",150," "," ","0",117," "," ","0",72," "," ","0",106," "," ","0",106," "," ","0",111," "," ","0",133," "," ","0",117," "," ","0",111," "," ","0",133," "," ","0",117," "," ","0",122," "," ","0",139," "," ","0",106," "," ","0",117," "," ","0",106," ","I","0",150," "," ","0",139," "," ","0",111," "," ","0",83," "," ","0",94," "," ","0",72," "," ","0",106," "," ","0",106," "," ","0",150," "," ","0",144," "," ","0",111," "," ","0",NA," "," "," "
"2758","USC00359461",2007,6,"PRCP",0," "," ","0",0," "," ","0",0," "," ","0",0," "," ","0",33," "," ","0",91," "," ","0",18," "," ","0",0," "," ","0",0," "," ","0",28," "," ","0",3," "," ","0",0," "," ","0",0," "," ","0",0," "," ","0",0," "," ","0",0," "," ","0",0," "," ","0",0," "," ","0",0," "," ","0",0," "," ","0",0," "," ","0",0," "," ","0",0," "," ","0",0," "," ","0",0," "," ","0",0," "," ","0",0," "," ","0",0," "," ","0",15," "," ","0",3," "," ","0",NA," "," "," "
"2759","USC00359461",2007,6,"SNOW",0,"P"," ","0",0,"P"," ","0",0,"P"," ","0",0,"P"," ","0",0,"P"," ","0",0,"P"," ","0",0,"P"," ","0",0,"P"," ","0",0,"P"," ","0",0,"P"," ","0",0,"P"," ","0",0,"P"," ","0",0,"P"," ","0",0,"P"," ","0",0,"P"," ","0",0,"P"," ","0",0,"P"," ","0",0,"P"," ","0",0,"P"," ","0",0,"P"," ","0",0,"P"," ","0",0,"P"," ","0",0,"P"," ","0",0,"P"," ","0",0,"P"," ","0",0,"P"," ","0",0,"P"," ","0",0,"P"," ","0",0,"P"," ","0",0,"P"," ","0",NA," "," "," "
"2760","USC00359461",2007,6,"SNWD",0,"P"," ","0",0,"P"," ","0",0,"P"," ","0",0,"P"," ","0",0,"P"," ","0",0,"P"," ","0",0,"P"," ","0",0,"P"," ","0",0,"P"," ","0",0,"P"," ","0",0,"P"," ","0",0,"P"," ","0",0,"P"," ","0",0,"P"," ","0",0,"P"," ","0",0,"P"," ","0",0,"P"," ","0",0,"P"," ","0",0,"P"," ","0",0,"P"," ","0",0,"P"," ","0",0,"P"," ","0",0,"P"," ","0",0,"P"," ","0",0,"P"," ","0",0,"P"," ","0",0,"P"," ","0",0,"P"," ","0",0,"P"," ","0",0,"P"," ","0",NA," "," "," "
"2761","USC00359461",2007,7,"TMAX",267," "," ","0",261," "," ","0",294," "," ","0",300," "," ","0",339," "," ","0",328," "," ","0",311," "," ","0",272," "," ","0",322," "," ","0",311," "," ","0",378," "," ","0",306," "," ","0",244," "," ","0",289," "," ","0",317," "," ","0",289," "," ","0",278," "," ","0",233," "," ","0",250," "," ","0",261," "," ","0",261," "," ","0",300," "," ","0",317," "," ","0",283," "," ","0",272," "," ","0",306," "," ","0",267," "," ","0",311," "," ","0",289," "," ","0",244," "," ","0",272," "," ","0"
"2762","USC00359461",2007,7,"TMIN",106," "," ","0",122," "," ","0",133," "," ","0",139," "," ","0",167," "," ","0",139," "," ","0",139," "," ","0",128," "," ","0",161," "," ","0",156," "," ","0",222," ","I","0",156," "," ","0",150," "," ","0",156," "," ","0",133," "," ","0",167," "," ","0",161," "," ","0",161," "," ","0",144," "," ","0",144," "," ","0",144," "," ","0",156," "," ","0",156," "," ","0",172," "," ","0",144," "," ","0",139," "," ","0",128," "," ","0",139," ","I","0",150," "," ","0",133," "," ","0",144," "," ","0"
"2763","USC00359461",2007,7,"TOBS",122," "," ","0",133," "," ","0",150," "," ","0",161," "," ","0",200," "," ","0",161," "," ","0",172," "," ","0",161," "," ","0",167," "," ","0",178," ","I","0",217," "," ","0",161," "," ","0",150," "," ","0",172," "," ","0",161," "," ","0",167," "," ","0",161," "," ","0",167," "," ","0",150," "," ","0",156," "," ","0",189," "," ","0",167," "," ","0",183," "," ","0",178," "," ","0",156," "," ","0",139," "," ","0",128," ","I","0",150," "," ","0",161," "," ","0",144," "," ","0",150," "," ","0"
"2764","USC00359461",2007,7,"PRCP",0," "," ","0",0," "," ","0",0," "," ","0",0," "," ","0",0," "," ","0",0," "," ","0",0," "," ","0",0," "," ","0",0," "," ","0",0," "," ","0",0," "," ","0",20," "," ","0",0," "," ","0",0," "," ","0",0," "," ","0",0," "," ","0",0,"T"," ","0",58," "," ","0",61," "," ","0",0," "," ","0",0," "," ","0",0," "," ","0",0," "," ","0",0," "," ","0",0," "," ","0",0," "," ","0",0," "," ","0",0," "," ","0",0," "," ","0",0," "," ","0",0," "," ","0"
"2765","USC00359461",2007,7,"SNOW",0,"P"," ","0",0,"P"," ","0",0,"P"," ","0",0,"P"," ","0",0,"P"," ","0",0,"P"," ","0",0,"P"," ","0",0,"P"," ","0",0,"P"," ","0",0,"P"," ","0",0,"P"," ","0",0,"P"," ","0",0,"P"," ","0",0,"P"," ","0",0,"P"," ","0",0,"P"," ","0",0,"P"," ","0",0,"P"," ","0",0,"P"," ","0",0,"P"," ","0",0,"P"," ","0",0,"P"," ","0",0,"P"," ","0",0,"P"," ","0",0,"P"," ","0",0,"P"," ","0",0,"P"," ","0",0,"P"," ","0",0,"P"," ","0",0,"P"," ","0",0,"P"," ","0"
"2766","USC00359461",2007,7,"SNWD",0,"P"," ","0",0,"P"," ","0",0,"P"," ","0",0,"P"," ","0",0,"P"," ","0",0,"P"," ","0",0,"P"," ","0",0,"P"," ","0",0,"P"," ","0",0,"P"," ","0",0,"P"," ","0",0,"P"," ","0",0,"P"," ","0",0,"P"," ","0",0,"P"," ","0",0,"P"," ","0",0,"P"," ","0",0,"P"," ","0",0,"P"," ","0",0,"P"," ","0",0,"P"," ","0",0,"P"," ","0",0,"P"," ","0",0,"P"," ","0",0,"P"," ","0",0,"P"," ","0",0,"P"," ","0",0,"P"," ","0",0,"P"," ","0",0,"P"," ","0",0,"P"," ","0"
"2767","USC00359461",2007,8,"TMAX",306," "," ","0",350," "," ","0",339," "," ","0",278," "," ","0",283," "," ","0",278," "," ","0",211," "," ","0",250," "," ","0",283," "," ","0",267," "," ","0",283," "," ","0",289," "," ","0",272," "," ","0",306," "," ","0",333," "," ","0",300," "," ","0",256," "," ","0",267," "," ","0",261," "," ","0",228," "," ","0",211," "," ","0",272," "," ","0",244," "," ","0",283," "," ","0",300," "," ","0",294," "," ","0",239," "," ","0",256," "," ","0",300," "," ","0",372," "," ","0",339," "," ","0"
"2768","USC00359461",2007,8,"TMIN",144," "," ","0",156," ","I","0",133," "," ","0",128," "," ","0",122," "," ","0",133," "," ","0",150," "," ","0",122," "," ","0",133," "," ","0",100," "," ","0",100," "," ","0",89," "," ","0",100," ","I","0",100," "," ","0",122," "," ","0",111," "," ","0",106," "," ","0",100," "," ","0",111," "," ","0",133," "," ","0",161," "," ","0",167," "," ","0",117," "," ","0",122," "," ","0",139," "," ","0",133," "," ","0",122," "," ","0",106," "," ","0",111," "," ","0",144," ","I","0",144," "," ","0"
"2769","USC00359461",2007,8,"TOBS",144," ","I","0",189," "," ","0",156," "," ","0",150," "," ","0",139," "," ","0",156," "," ","0",156," "," ","0",139," "," ","0",161," "," ","0",100," "," ","0",106," "," ","0",89," ","I","0",100," "," ","0",122," "," ","0",128," "," ","0",167," "," ","0",111," "," ","0",161," "," ","0",144," "," ","0",167," "," ","0",178," "," ","0",167," "," ","0",117," "," ","0",133," "," ","0",139," "," ","0",106," ","I","0",122," "," ","0",106," "," ","0",122," ","I","0",150," "," ","0",150," "," ","0"
"2770","USC00359461",2007,8,"PRCP",0," "," ","0",0," "," ","0",0," "," ","0",0," "," ","0",0," "," ","0",0," "," ","0",0," "," ","0",0," "," ","0",0," "," ","0",0," "," ","0",0," "," ","0",0," "," ","0",0," "," ","0",0," "," ","0",0," "," ","0",0," "," ","0",0," "," ","0",0," "," ","0",135," "," ","0",168," "," ","0",3," "," ","0",0," "," ","0",0," "," ","0",0," "," ","0",0," "," ","0",0," "," ","0",0," "," ","0",0," "," ","0",0," "," ","0",0," "," ","0",0," "," ","0"
"2771","USC00359461",2007,8,"SNOW",0,"P"," ","0",0,"P"," ","0",0,"P"," ","0",0,"P"," ","0",0,"P"," ","0",0,"P"," ","0",0,"P"," ","0",0,"P"," ","0",0,"P"," ","0",0,"P"," ","0",0,"P"," ","0",0,"P"," ","0",0,"P"," ","0",0,"P"," ","0",0,"P"," ","0",0,"P"," ","0",0,"P"," ","0",0,"P"," ","0",0,"P"," ","0",0,"P"," ","0",0,"P"," ","0",0,"P"," ","0",0,"P"," ","0",0,"P"," ","0",0,"P"," ","0",0,"P"," ","0",0,"P"," ","0",0,"P"," ","0",0,"P"," ","0",0,"P"," ","0",0,"P"," ","0"
"2772","USC00359461",2007,8,"SNWD",0,"P"," ","0",0,"P"," ","0",0,"P"," ","0",0,"P"," ","0",0,"P"," ","0",0,"P"," ","0",0,"P"," ","0",0,"P"," ","0",0,"P"," ","0",0,"P"," ","0",0,"P"," ","0",0,"P"," ","0",0,"P"," ","0",0,"P"," ","0",0,"P"," ","0",0,"P"," ","0",0,"P"," ","0",0,"P"," ","0",0,"P"," ","0",0,"P"," ","0",0,"P"," ","0",0,"P"," ","0",0,"P"," ","0",0,"P"," ","0",0,"P"," ","0",0,"P"," ","0",0,"P"," ","0",0,"P"," ","0",0,"P"," ","0",0,"P"," ","0",0,"P"," ","0"
"2773","USC00359461",2007,9,"TMAX",283," "," ","0",294," "," ","0",300," "," ","0",311," "," ","0",222," "," ","0",256," "," ","0",261," "," ","0",256," "," ","0",289," "," ","0",333," "," ","0",367," "," ","0",328," "," ","0",267," "," ","0",183," "," ","0",222," "," ","0",250," "," ","0",200," "," ","0",211," "," ","0",200," "," ","0",189," "," ","0",233," "," ","0",256," "," ","0",200," "," ","0",194," "," ","0",217," "," ","0",239," "," ","0",256," "," ","0",278," "," ","0",150," "," ","0",183," "," ","0",NA," "," "," "
"2774","USC00359461",2007,9,"TMIN",117," "," ","0",106," "," ","0",111," "," ","0",128," "," ","0",133," "," ","0",128," "," ","0",128," "," ","0",94," "," ","0",94," "," ","0",89," "," ","0",83," "," ","0",106," "," ","0",117," "," ","0",117," "," ","0",100," "," ","0",100," "," ","0",106," "," ","0",94," "," ","0",94," "," ","0",78," "," ","0",78," "," ","0",78," "," ","0",56," "," ","0",39," "," ","0",39," "," ","0",50," "," ","0",67," "," ","0",67," "," ","0",50," "," ","0",56," "," ","0",NA," "," "," "
"2775","USC00359461",2007,9,"TOBS",117," "," ","0",122," "," ","0",133," "," ","0",161," "," ","0",144," "," ","0",128," "," ","0",133," "," ","0",94," "," ","0",94," "," ","0",89," "," ","0",106," "," ","0",117," "," ","0",128," "," ","0",122," "," ","0",100," "," ","0",133," "," ","0",139," "," ","0",100," "," ","0",117," "," ","0",78," "," ","0",78," "," ","0",83," "," ","0",56," "," ","0",39," "," ","0",44," "," ","0",72," "," ","0",72," "," ","0",100," "," ","0",61," "," ","0",111," "," ","0",NA," "," "," "
"2776","USC00359461",2007,9,"PRCP",0," "," ","0",0," "," ","0",0," "," ","0",38," "," ","0",66," "," ","0",0," "," ","0",0," "," ","0",0," "," ","0",0," "," ","0",0," "," ","0",0," "," ","0",0," "," ","0",0," "," ","0",0," "," ","0",0," "," ","0",0," "," ","0",3," "," ","0",0," "," ","0",3," "," ","0",0," "," ","0",0," "," ","0",0," "," ","0",0," "," ","0",0," "," ","0",0," "," ","0",0," "," ","0",0," "," ","0",48," "," ","0",84," "," ","0",10," "," ","0",NA," "," "," "
"2777","USC00359461",2007,9,"SNOW",0,"P"," ","0",0,"P"," ","0",0,"P"," ","0",0,"P"," ","0",0,"P"," ","0",0,"P"," ","0",0,"P"," ","0",0,"P"," ","0",0,"P"," ","0",0,"P"," ","0",0,"P"," ","0",0,"P"," ","0",0,"P"," ","0",0,"P"," ","0",0,"P"," ","0",0,"P"," ","0",0,"P"," ","0",0,"P"," ","0",0,"P"," ","0",0,"P"," ","0",0,"P"," ","0",0,"P"," ","0",0,"P"," ","0",0,"P"," ","0",0,"P"," ","0",0,"P"," ","0",0,"P"," ","0",0,"P"," ","0",0,"P"," ","0",0,"P"," ","0",NA," "," "," "
"2778","USC00359461",2007,9,"SNWD",0,"P"," ","0",0,"P"," ","0",0,"P"," ","0",0,"P"," ","0",0,"P"," ","0",0,"P"," ","0",0,"P"," ","0",0,"P"," ","0",0,"P"," ","0",0,"P"," ","0",0,"P"," ","0",0,"P"," ","0",0,"P"," ","0",0,"P"," ","0",0,"P"," ","0",0,"P"," ","0",0,"P"," ","0",0,"P"," ","0",0,"P"," ","0",0,"P"," ","0",0,"P"," ","0",0,"P"," ","0",0,"P"," ","0",0,"P"," ","0",0,"P"," ","0",0,"P"," ","0",0,"P"," ","0",0,"P"," ","0",0,"P"," ","0",0,"P"," ","0",NA," "," "," "
"2779","USC00359461",2007,10,"TMAX",133," "," ","0",183," "," ","0",183," "," ","0",172," "," ","0",150," "," ","0",139," "," ","0",161," "," ","0",217," "," ","0",200," "," ","0",189," "," ","0",167," "," ","0",144," "," ","0",178," "," ","0",189," "," ","0",217," "," ","0",172," "," ","0",144," "," ","0",128," "," ","0",200," "," ","0",167," "," ","0",111," "," ","0",167," "," ","0",211," "," ","0",239," "," ","0",161," "," ","0",122," "," ","0",161," "," ","0",194," "," ","0",206," "," ","0",128," "," ","0",133," "," ","0"
"2780","USC00359461",2007,10,"TMIN",83," "," ","0",67," "," ","0",67," "," ","0",83," "," ","0",72," "," ","0",39," "," ","0",56," "," ","0",56," "," ","0",106," "," ","0",106," "," ","0",78," "," ","0",89," "," ","0",50," "," ","0",56," "," ","0",61," "," ","0",89," "," ","0",72," "," ","0",67," "," ","0",111," "," ","0",67," "," ","0",44," "," ","0",50," "," ","0",50," "," ","0",72," "," ","0",67," "," ","0",33," "," ","0",0," "," ","0",0," "," ","0",17," "," ","0",50," "," ","0",72," "," ","0"
"2781","USC00359461",2007,10,"TOBS",94," "," ","0",72," "," ","0",117," "," ","0",83," "," ","0",72," "," ","0",50," "," ","0",56," "," ","0",117," "," ","0",106," "," ","0",106," "," ","0",89," "," ","0",106," "," ","0",61," "," ","0",67," "," ","0",106," "," ","0",94," "," ","0",78," "," ","0",111," "," ","0",128," "," ","0",67," "," ","0",44," "," ","0",50," "," ","0",67," "," ","0",100," "," ","0",78," "," ","0",39," "," ","0",11," "," ","0",28," "," ","0",61," "," ","0",100," "," ","0",83," "," ","0"
"2782","USC00359461",2007,10,"PRCP",130," "," ","0",0,"T"," ","0",30," "," ","0",46," "," ","0",30," "," ","0",0,"T"," ","0",0,"T"," ","0",0," "," ","0",0," "," ","0",112," "," ","0",13," "," ","0",5," "," ","0",0," "," ","0",0," "," ","0",0," "," ","0",33," "," ","0",135," "," ","0",30," "," ","0",315," "," ","0",61," "," ","0",25," "," ","0",3," "," ","0",0," "," ","0",0," "," ","0",5," "," ","0",0," "," ","0",0," "," ","0",0," "," ","0",0," "," ","0",104," "," ","0",0,"T"," ","0"
"2783","USC00359461",2007,10,"SNOW",0,"P"," ","0",0,"P"," ","0",0,"P"," ","0",0,"P"," ","0",0,"P"," ","0",0,"P"," ","0",0,"P"," ","0",0,"P"," ","0",0,"P"," ","0",0,"P"," ","0",0,"P"," ","0",0,"P"," ","0",0,"P"," ","0",0,"P"," ","0",0,"P"," ","0",0,"P"," ","0",0,"P"," ","0",0,"P"," ","0",0,"P"," ","0",0,"P"," ","0",0,"P"," ","0",0,"P"," ","0",0,"P"," ","0",0,"P"," ","0",0,"P"," ","0",0,"P"," ","0",0,"P"," ","0",0,"P"," ","0",0,"P"," ","0",0,"P"," ","0",0,"P"," ","0"
"2784","USC00359461",2007,10,"SNWD",0,"P"," ","0",0,"P"," ","0",0,"P"," ","0",0,"P"," ","0",0,"P"," ","0",0,"P"," ","0",0,"P"," ","0",0,"P"," ","0",0,"P"," ","0",0,"P"," ","0",0,"P"," ","0",0,"P"," ","0",0,"P"," ","0",0,"P"," ","0",0,"P"," ","0",0,"P"," ","0",0,"P"," ","0",0,"P"," ","0",0,"P"," ","0",0,"P"," ","0",0,"P"," ","0",0,"P"," ","0",0,"P"," ","0",0,"P"," ","0",0,"P"," ","0",0,"P"," ","0",0,"P"," ","0",0,"P"," ","0",0,"P"," ","0",0,"P"," ","0",0,"P"," ","0"
"2785","USC00359461",2007,11,"TMAX",161," "," ","0",111," "," ","0",117," "," ","0",72," "," ","0",83," "," ","0",78," "," ","0",106," "," ","0",94," "," ","0",128," "," ","0",128," "," ","0",122," "," ","0",139," "," ","0",161," "," ","0",117," "," ","0",128," "," ","0",139," "," ","0",139," "," ","0",144," "," ","0",100," "," ","0",89," "," ","0",72," "," ","0",67," "," ","0",67," "," ","0",22," "," ","0",72," "," ","0",33," "," ","0",67," "," ","0",89," "," ","0",83," "," ","0",89," "," ","0",NA," "," "," "
"2786","USC00359461",2007,11,"TMIN",33," "," ","0",33," "," ","0",22," "," ","0",22," "," ","0",33," "," ","0",44," "," ","0",44," "," ","0",50," "," ","0",67," "," ","0",78," "," ","0",39," "," ","0",33," "," ","0",61," "," ","0",22," "," ","0",33," "," ","0",94," "," ","0",100," "," ","0",83," "," ","0",50," "," ","0",28," "," ","0",33," "," ","0",0," "," ","0",-11," "," ","0",-11," "," ","0",0," "," ","0",6," "," ","0",17," "," ","0",-6," "," ","0",6," "," ","0",22," "," ","0",NA," "," "," "
"2787","USC00359461",2007,11,"TOBS",33," "," ","0",67," "," ","0",28," "," ","0",28," "," ","0",50," "," ","0",44," "," ","0",44," "," ","0",67," "," ","0",83," "," ","0",122," "," ","0",44," "," ","0",94," "," ","0",72," "," ","0",44," "," ","0",100," "," ","0",100," "," ","0",111," "," ","0",83," "," ","0",50," "," ","0",28," "," ","0",33," "," ","0",17," "," ","0",-6," "," ","0",6," "," ","0",17," "," ","0",22," "," ","0",39," "," ","0",11," "," ","0",39," "," ","0",22," "," ","0",NA," "," "," "
"2788","USC00359461",2007,11,"PRCP",0," "," ","0",0," "," ","0",0," "," ","0",0," "," ","0",3," "," ","0",3," "," ","0",8," "," ","0",3," "," ","0",3," "," ","0",33," "," ","0",15," "," ","0",0," "," ","0",89," "," ","0",3," "," ","0",13," "," ","0",43," "," ","0",307," "," ","0",178," "," ","0",391," "," ","0",46," "," ","0",0,"T"," ","0",0," "," ","0",0," "," ","0",0," "," ","0",3," "," ","0",0,"T"," ","0",56," "," ","0",8," "," ","0",36," "," ","0",36," "," ","0",NA," "," "," "
"2789","USC00359461",2007,11,"SNOW",0,"P"," ","0",0,"P"," ","0",0,"P"," ","0",0,"P"," ","0",0,"P"," ","0",0,"P"," ","0",0,"P"," ","0",0,"P"," ","0",0,"P"," ","0",0,"P"," ","0",0,"P"," ","0",0,"P"," ","0",0,"P"," ","0",0,"P"," ","0",0,"P"," ","0",0,"P"," ","0",0,"P"," ","0",0,"P"," ","0",0,"P"," ","0",0,"P"," ","0",0,"P"," ","0",0,"P"," ","0",0,"P"," ","0",0,"P"," ","0",0,"P"," ","0",0,"P"," ","0",0,"P"," ","0",0,"P"," ","0",0,"P"," ","0",0,"P"," ","0",NA," "," "," "
"2790","USC00359461",2007,11,"SNWD",0,"P"," ","0",0,"P"," ","0",0,"P"," ","0",0,"P"," ","0",0,"P"," ","0",0,"P"," ","0",0,"P"," ","0",0,"P"," ","0",0,"P"," ","0",0,"P"," ","0",0,"P"," ","0",0,"P"," ","0",0,"P"," ","0",0,"P"," ","0",0,"P"," ","0",0,"P"," ","0",0,"P"," ","0",0,"P"," ","0",0,"P"," ","0",0,"P"," ","0",0,"P"," ","0",0,"P"," ","0",0,"P"," ","0",0,"P"," ","0",0,"P"," ","0",0,"P"," ","0",0,"P"," ","0",0,"P"," ","0",0,"P"," ","0",0,"P"," ","0",NA," "," "," "
"2791","USC00359461",2007,12,"TMAX",56," "," ","0",94," "," ","0",161," "," ","0",172," "," ","0",178," "," ","0",117," "," ","0",106," "," ","0",83," "," ","0",72," "," ","0",56," "," ","0",33," "," ","0",67," "," ","0",78," "," ","0",56," "," ","0",72," "," ","0",106," "," ","0",117," "," ","0",83," "," ","0",106," "," ","0",83," "," ","0",44," "," ","0",44," "," ","0",67," "," ","0",139," "," ","0",61," "," ","0",56," "," ","0",50," "," ","0",56," "," ","0",72," "," ","0",100," "," ","0",67," "," ","0"
"2792","USC00359461",2007,12,"TMIN",-11," "," ","0",-11," "," ","0",83," "," ","0",94," "," ","0",67," "," ","0",83," "," ","0",72," "," ","0",39," "," ","0",6," "," ","0",17," "," ","0",0," "," ","0",0," "," ","0",-6," "," ","0",0," "," ","0",17," "," ","0",6," "," ","0",17," "," ","0",44," "," ","0",50," "," ","0",33," "," ","0",28," "," ","0",-11," "," ","0",11," "," ","0",33," "," ","0",0," "," ","0",0," "," ","0",6," "," ","0",17," "," ","0",33," "," ","0",28," "," ","0",-6," "," ","0"
"2793","USC00359461",2007,12,"TOBS",-11," "," ","0",89," "," ","0",156," "," ","0",94," "," ","0",83," "," ","0",78," "," ","0",67," "," ","0",39," "," ","0",11," "," ","0",17," "," ","0",6," "," ","0",28," "," ","0",11," "," ","0",17," "," ","0",50," "," ","0",11," "," ","0",39," "," ","0",72," "," ","0",72," "," ","0",39," "," ","0",33," "," ","0",11," "," ","0",56," "," ","0",44," "," ","0",11," "," ","0",17," "," ","0",11," "," ","0",33," "," ","0",39," "," ","0",28," "," ","0",-6," "," ","0"
"2794","USC00359461",2007,12,"PRCP",0,"T"," ","0",0,"T"," ","0",69," "," ","0",241," "," ","0",5," "," ","0",0,"T"," ","0",94," "," ","0",18," "," ","0",3," "," ","0",0," "," ","0",0," "," ","0",0," "," ","0",0," "," ","0",0," "," ","0",28," "," ","0",3," "," ","0",130," "," ","0",76," "," ","0",36," "," ","0",338," "," ","0",38," "," ","0",3," "," ","0",81," "," ","0",196," "," ","0",23," "," ","0",86," "," ","0",36," "," ","0",71," "," ","0",102," "," ","0",142," "," ","0",23," "," ","0"
"2795","USC00359461",2007,12,"SNOW",0,"P"," ","0",0,"P"," ","0",0,"P"," ","0",0,"P"," ","0",0,"P"," ","0",0,"P"," ","0",0,"P"," ","0",0,"P"," ","0",0,"P"," ","0",0,"P"," ","0",0,"P"," ","0",0,"P"," ","0",0,"P"," ","0",0,"P"," ","0",0,"P"," ","0",0,"P"," ","0",0,"P"," ","0",0,"P"," ","0",0,"P"," ","0",0,"P"," ","0",0,"P"," ","0",0,"P"," ","0",0,"P"," ","0",0,"P"," ","0",0,"P"," ","0",0,"P"," ","0",0,"P"," ","0",0,"P"," ","0",0,"P"," ","0",0,"P"," ","0",0,"P"," ","0"
"2796","USC00359461",2007,12,"SNWD",0,"P"," ","0",0,"P"," ","0",0,"P"," ","0",0,"P"," ","0",0,"P"," ","0",0,"P"," ","0",0,"P"," ","0",0,"P"," ","0",0,"P"," ","0",0,"P"," ","0",0,"P"," ","0",0,"P"," ","0",0,"P"," ","0",0,"P"," ","0",0,"P"," ","0",0,"P"," ","0",0,"P"," ","0",0,"P"," ","0",0,"P"," ","0",0,"P"," ","0",0,"P"," ","0",0,"P"," ","0",0,"P"," ","0",0,"P"," ","0",0,"P"," ","0",0,"P"," ","0",0,"P"," ","0",0,"P"," ","0",0,"P"," ","0",0,"P"," ","0",0,"P"," ","0"
"2797","USC00359461",2008,1,"TMAX",61," "," ","0",61," "," ","0",61," "," ","0",133," "," ","0",94," ","I","0",67," "," ","0",44," "," ","0",67," "," ","0",78," "," ","0",83," "," ","0",133," "," ","0",122," "," ","0",111," "," ","0",111," "," ","0",72," "," ","0",50," "," ","0",50," "," ","0",17," "," ","0",28," "," ","0",50," "," ","0",78," "," ","0",61," "," ","0",56," "," ","0",61," "," ","0",11," "," ","0",22," "," ","0",44," "," ","0",39," "," ","0",56," "," ","0",44," "," ","0",61," "," ","0"
"2798","USC00359461",2008,1,"TMIN",-11," "," ","0",-11," "," ","0",17," "," ","0",44," "," ","0",33," "," ","0",22," "," ","0",0," "," ","0",6," "," ","0",33," "," ","0",28," "," ","0",61," "," ","0",61," "," ","0",44," "," ","0",6," "," ","0",-11," "," ","0",-28," "," ","0",-28," "," ","0",-17," "," ","0",0," "," ","0",0," "," ","0",0," "," ","0",-56," "," ","0",-67," "," ","0",-67," "," ","0",-61," "," ","0",-6," "," ","0",6," "," ","0",-6," "," ","0",0," "," ","0",0," "," ","0",11," "," ","0"
"2799","USC00359461",2008,1,"TOBS",-11," "," ","0",11," "," ","0",44," "," ","0",128," ","I","0",39," "," ","0",22," "," ","0",11," "," ","0",61," "," ","0",39," "," ","0",61," "," ","0",61," "," ","0",61," "," ","0",44," "," ","0",6," "," ","0",-11," "," ","0",-28," "," ","0",-11," "," ","0",11," "," ","0",11," "," ","0",33," "," ","0",6," "," ","0",-44," "," ","0",-61," "," ","0",-61," "," ","0",-6," "," ","0",6," "," ","0",28," "," ","0",0," "," ","0",22," "," ","0",6," "," ","0",61," "," ","0"
"2800","USC00359461",2008,1,"PRCP",0,"T"," ","0",5," "," ","0",15," "," ","0",117," "," ","0",348," "," ","0",132," "," ","0",180," "," ","0",152," "," ","0",246," "," ","0",91," "," ","0",28," "," ","0",48," "," ","0",20," "," ","0",0,"T"," ","0",28," "," ","0",0," "," ","0",0," "," ","0",0," "," ","0",0," "," ","0",23," "," ","0",3," "," ","0",0," "," ","0",0," "," ","0",0," "," ","0",15," "," ","0",5," "," ","0",224," "," ","0",239," "," ","0",28," "," ","0",262," "," ","0",104," "," ","0"
"2801","USC00359461",2008,1,"SNOW",0,"P"," ","0",0,"P"," ","0",0,"P"," ","0",0,"P"," ","0",0,"P"," ","0",0,"P"," ","0",0,"P"," ","0",0,"P"," ","0",0,"P"," ","0",0,"P"," ","0",0,"P"," ","0",0,"P"," ","0",0,"P"," ","0",0,"P"," ","0",0,"P"," ","0",0,"P"," ","0",0,"P"," ","0",0,"P"," ","0",0,"P"," ","0",0,"P"," ","0",0,"P"," ","0",0,"P"," ","0",0,"P"," ","0",0,"P"," ","0",0,"P"," ","0",0,"P"," ","0",0,"P"," ","0",0,"P"," ","0",0,"P"," ","0",0,"P"," ","0",0,"P"," ","0"
"2802","USC00359461",2008,1,"SNWD",0,"P"," ","0",0,"P"," ","0",0,"P"," ","0",0,"P"," ","0",0,"P"," ","0",0,"P"," ","0",0,"P"," ","0",0,"P"," ","0",0,"P"," ","0",0,"P"," ","0",0,"P"," ","0",0,"P"," ","0",0,"P"," ","0",0,"P"," ","0",0,"P"," ","0",0,"P"," ","0",0,"P"," ","0",0,"P"," ","0",0,"P"," ","0",0,"P"," ","0",0,"P"," ","0",0,"P"," ","0",0,"P"," ","0",0,"P"," ","0",0,"P"," ","0",0,"P"," ","0",0,"P"," ","0",0,"P"," ","0",0,"P"," ","0",0,"P"," ","0",0,"P"," ","0"
"2803","USC00359461",2008,2,"TMAX",78," "," ","0",67," "," ","0",56," "," ","0",72," "," ","0",78," "," ","0",83," "," ","0",89," "," ","0",94," "," ","0",111," "," ","0",133," "," ","0",100," "," ","0",133," "," ","0",133," "," ","0",94," "," ","0",100," "," ","0",111," "," ","0",144," "," ","0",100," "," ","0",144," "," ","0",89," "," ","0",139," "," ","0",100," "," ","0",100," "," ","0",83," "," ","0",106," "," ","0",128," "," ","0",150," "," ","0",156," "," ","0",161," "," ","0",NA," "," "," ",NA," "," "," "
"2804","USC00359461",2008,2,"TMIN",22," "," ","0",22," "," ","0",17," "," ","0",17," "," ","0",17," "," ","0",22," "," ","0",22," "," ","0",6," "," ","0",11," "," ","0",17," "," ","0",44," "," ","0",28," "," ","0",28," "," ","0",-17," "," ","0",-17," "," ","0",-11," "," ","0",0," "," ","0",0," "," ","0",0," "," ","0",28," "," ","0",17," "," ","0",22," "," ","0",0," "," ","0",11," "," ","0",39," "," ","0",28," "," ","0",39," "," ","0",28," "," ","0",28," "," ","0",NA," "," "," ",NA," "," "," "
"2805","USC00359461",2008,2,"TOBS",33," "," ","0",39," "," ","0",28," "," ","0",22," "," ","0",28," "," ","0",28," "," ","0",72," "," ","0",17," "," ","0",11," "," ","0",39," "," ","0",56," "," ","0",28," "," ","0",39," "," ","0",-11," "," ","0",-6," "," ","0",6," "," ","0",17," "," ","0",6," "," ","0",33," "," ","0",67," "," ","0",22," "," ","0",33," "," ","0",11," "," ","0",39," "," ","0",56," "," ","0",44," "," ","0",39," "," ","0",33," "," ","0",61," "," ","0",NA," "," "," ",NA," "," "," "
"2806","USC00359461",2008,2,"PRCP",135," "," ","0",56," "," ","0",292," "," ","0",43," "," ","0",8," "," ","0",13," "," ","0",33," "," ","0",18," "," ","0",0,"T"," ","0",0," "," ","0",0," "," ","0",0," "," ","0",5," "," ","0",0," "," ","0",0," "," ","0",0," "," ","0",0," "," ","0",5," "," ","0",0," "," ","0",18," "," ","0",5," "," ","0",3," "," ","0",20," "," ","0",30," "," ","0",15," "," ","0",0,"T"," ","0",0,"T"," ","0",0," "," ","0",0," "," ","0",NA," "," "," ",NA," "," "," "
"2807","USC00359461",2008,3,"TMAX",161," "," ","0",94," "," ","0",111," "," ","0",111," "," ","0",111," "," ","0",111," "," ","0",144," "," ","0",128," "," ","0",150," "," ","0",200," "," ","0",183," "," ","0",144," "," ","0",144," "," ","0",128," "," ","0",94," "," ","0",94," "," ","0",111," "," ","0",100," "," ","0",133," "," ","0",94," "," ","0",117," "," ","0",111," "," ","0",178," "," ","0",144," "," ","0",122," "," ","0",133," "," ","0",89," "," ","0",111," "," ","0",72," "," ","0",89," "," ","0",83," "," ","0"
"2808","USC00359461",2008,3,"TMIN",56," "," ","0",28," "," ","0",11," "," ","0",6," "," ","0",-22," "," ","0",0," ","I","0",0," "," ","0",6," "," ","0",33," "," ","0",44," ","I","0",50," "," ","0",33," "," ","0",44," "," ","0",56," "," ","0",33," "," ","0",33," "," ","0",39," "," ","0",44," "," ","0",61," "," ","0",39," "," ","0",22," "," ","0",-6," "," ","0",-6," "," ","0",56," "," ","0",-11," "," ","0",-11," "," ","0",6," "," ","0",11," "," ","0",-17," "," ","0",-6," "," ","0",0," "," ","0"
"2809","USC00359461",2008,3,"TOBS",61," "," ","0",33," "," ","0",17," "," ","0",39," "," ","0",-17," ","I","0",0," "," ","0",0," "," ","0",50," "," ","0",33," ","I","0",50," "," ","0",61," "," ","0",39," "," ","0",72," "," ","0",61," "," ","0",39," "," ","0",56," "," ","0",44," "," ","0",78," "," ","0",61," "," ","0",44," "," ","0",22," "," ","0",-6," "," ","0",61," "," ","0",56," "," ","0",-11," "," ","0",44," "," ","0",17," "," ","0",50," "," ","0",-6," "," ","0",6," "," ","0",17," "," ","0"
"2810","USC00359461",2008,3,"PRCP",28," "," ","0",48," "," ","0",3," "," ","0",5," "," ","0",0," "," ","0",0," "," ","0",0," "," ","0",20," "," ","0",3," "," ","0",0," "," ","0",20," "," ","0",0," "," ","0",61," "," ","0",46," "," ","0",221," "," ","0",30," "," ","0",13," "," ","0",64," "," ","0",91," "," ","0",104," "," ","0",56," "," ","0",0,"T"," ","0",0,"T"," ","0",0,"T"," ","0",0," "," ","0",66," "," ","0",183," "," ","0",5," "," ","0",91," "," ","0",13," "," ","0",15," "," ","0"
"2811","USC00359461",2008,3,"SNOW",0,"P"," ","0",0,"P"," ","0",0,"P"," ","0",0,"P"," ","0",0,"P"," ","0",0,"P"," ","0",0,"P"," ","0",0,"P"," ","0",0,"P"," ","0",0,"P"," ","0",0,"P"," ","0",0,"P"," ","0",0,"P"," ","0",0,"P"," ","0",0,"P"," ","0",0,"P"," ","0",0,"P"," ","0",0,"P"," ","0",0,"P"," ","0",0,"P"," ","0",0,"P"," ","0",0,"P"," ","0",0,"P"," ","0",0,"P"," ","0",0,"P"," ","0",0,"P"," ","0",0,"P"," ","0",0,"P"," ","0",0,"P"," ","0",0,"P"," ","0",0,"P"," ","0"
"2812","USC00359461",2008,3,"SNWD",0,"P"," ","0",0,"P"," ","0",0,"P"," ","0",0,"P"," ","0",0,"P"," ","0",0,"P"," ","0",0,"P"," ","0",0,"P"," ","0",0,"P"," ","0",0,"P"," ","0",0,"P"," ","0",0,"P"," ","0",0,"P"," ","0",0,"P"," ","0",0,"P"," ","0",0,"P"," ","0",0,"P"," ","0",0,"P"," ","0",0,"P"," ","0",0,"P"," ","0",0,"P"," ","0",0,"P"," ","0",0,"P"," ","0",0,"P"," ","0",0,"P"," ","0",0,"P"," ","0",0,"P"," ","0",0,"P"," ","0",0,"P"," ","0",0,"P"," ","0",0,"P"," ","0"
"2813","USC00359461",2008,4,"TMAX",106," "," ","0",139," "," ","0",167," "," ","0",194," "," ","0",117," "," ","0",106," "," ","0",128," "," ","0",111," "," ","0",122," "," ","0",122," "," ","0",167," "," ","0",228," "," ","0",300," "," ","0",217," "," ","0",100," "," ","0",111," "," ","0",172," "," ","0",178," "," ","0",111," "," ","0",83," "," ","0",78," "," ","0",94," "," ","0",144," "," ","0",122," "," ","0",150," "," ","0",144," "," ","0",244," "," ","0",217," "," ","0",211," "," ","0",106," "," ","0",NA," "," "," "
"2814","USC00359461",2008,4,"TMIN",-17," "," ","0",-22," "," ","0",-17," "," ","0",0," "," ","0",50," "," ","0",50," "," ","0",28," "," ","0",28," "," ","0",39," "," ","0",44," "," ","0",22," "," ","0",28," "," ","0",44," "," ","0",39," "," ","0",0," "," ","0",0," "," ","0",28," "," ","0",28," "," ","0",0," "," ","0",0," "," ","0",0," "," ","0",17," "," ","0",28," "," ","0",28," "," ","0",33," "," ","0",39," "," ","0",39," "," ","0",67," "," ","0",72," "," ","0",44," "," ","0",NA," "," "," "
"2815","USC00359461",2008,4,"TOBS",-11," "," ","0",-6," "," ","0",0," "," ","0",50," "," ","0",50," "," ","0",56," "," ","0",28," "," ","0",39," "," ","0",61," "," ","0",50," "," ","0",33," "," ","0",56," "," ","0",72," "," ","0",50," "," ","0",6," "," ","0",56," "," ","0",28," "," ","0",72," "," ","0",6," "," ","0",6," "," ","0",17," "," ","0",50," "," ","0",44," "," ","0",33," "," ","0",67," "," ","0",44," "," ","0",72," "," ","0",117," "," ","0",78," "," ","0",50," "," ","0",NA," "," "," "
"2816","USC00359461",2008,4,"PRCP",0," "," ","0",0," "," ","0",0," "," ","0",0," "," ","0",5," "," ","0",28," "," ","0",18," "," ","0",46," "," ","0",36," "," ","0",0," "," ","0",0," "," ","0",0," "," ","0",0," "," ","0",0," "," ","0",64," "," ","0",8," "," ","0",0," "," ","0",0," "," ","0",0,"T"," ","0",152," "," ","0",64," "," ","0",28," "," ","0",51," "," ","0",10," "," ","0",0," "," ","0",0," "," ","0",0," "," ","0",0," "," ","0",28," "," ","0",64," "," ","0",NA," "," "," "
"2817","USC00359461",2008,4,"SNOW",0,"P"," ","0",0,"P"," ","0",0," "," ","0",0," "," ","0",0," "," ","0",0," "," ","0",0," "," ","0",0," "," ","0",0," "," ","0",0,"P"," ","0",0,"P"," ","0",0,"P"," ","0",0,"P"," ","0",0,"P"," ","0",0," "," ","0",0,"P"," ","0",0,"P"," ","0",0,"P"," ","0",0,"P"," ","0",0,"T"," ","0",0,"P"," ","0",0,"P"," ","0",0,"P"," ","0",0,"P"," ","0",0,"P"," ","0",0,"P"," ","0",0,"P"," ","0",0,"P"," ","0",0,"P"," ","0",0,"P"," ","0",NA," "," "," "
"2818","USC00359461",2008,4,"SNWD",0,"P"," ","0",0,"P"," ","0",0," "," ","0",0," "," ","0",0," "," ","0",0," "," ","0",0," "," ","0",0," "," ","0",0," "," ","0",0,"P"," ","0",0,"P"," ","0",0,"P"," ","0",0,"P"," ","0",0,"P"," ","0",0," "," ","0",0,"P"," ","0",0,"P"," ","0",0,"P"," ","0",0,"P"," ","0",0,"T"," ","0",0,"P"," ","0",0,"P"," ","0",0,"P"," ","0",0,"P"," ","0",0,"P"," ","0",0,"P"," ","0",0,"P"," ","0",0,"P"," ","0",0,"P"," ","0",0,"P"," ","0",NA," "," "," "
"2819","USC00359461",2008,5,"TMAX",117," "," ","0",172," "," ","0",200," "," ","0",194," "," ","0",211," "," ","0",244," "," ","0",178," "," ","0",144," "," ","0",156," "," ","0",206," "," ","0",211," "," ","0",156," "," ","0",189," "," ","0",228," "," ","0",256," "," ","0",306," "," ","0",383," "," ","0",356," "," ","0",322," "," ","0",328," "," ","0",167," "," ","0",150," "," ","0",139," "," ","0",122," "," ","0",233," "," ","0",189," "," ","0",178," "," ","0",222," "," ","0",133," "," ","0",178," "," ","0",228," "," ","0"
"2820","USC00359461",2008,5,"TMIN",17," "," ","0",17," "," ","0",61," "," ","0",72," "," ","0",67," "," ","0",56," "," ","0",61," "," ","0",44," "," ","0",33," "," ","0",33," "," ","0",78," "," ","0",39," "," ","0",67," "," ","0",100," "," ","0",117," "," ","0",117," "," ","0",128," "," ","0",106," "," ","0",106," "," ","0",117," "," ","0",83," "," ","0",78," "," ","0",67," "," ","0",78," "," ","0",94," "," ","0",111," "," ","0",111," "," ","0",106," "," ","0",106," "," ","0",89," "," ","0",106," "," ","0"
"2821","USC00359461",2008,5,"TOBS",33," "," ","0",78," "," ","0",72," "," ","0",72," "," ","0",72," "," ","0",61," "," ","0",78," "," ","0",67," "," ","0",33," "," ","0",106," "," ","0",89," "," ","0",72," "," ","0",111," "," ","0",128," "," ","0",133," "," ","0",144," "," ","0",144," "," ","0",122," "," ","0",117," "," ","0",144," "," ","0",83," "," ","0",83," "," ","0",78," "," ","0",94," "," ","0",111," "," ","0",133," "," ","0",117," "," ","0",111," "," ","0",106," "," ","0",106," "," ","0",106," "," ","0"
"2822","USC00359461",2008,5,"PRCP",18," "," ","0",0," "," ","0",0," "," ","0",0," "," ","0",0," "," ","0",0," "," ","0",3," "," ","0",0,"T"," ","0",0," "," ","0",0," "," ","0",3," "," ","0",3," "," ","0",0," "," ","0",0," "," ","0",0," "," ","0",0," "," ","0",0," "," ","0",0," "," ","0",0," "," ","0",0,"T"," ","0",69," "," ","0",3," "," ","0",38," "," ","0",20," "," ","0",25," "," ","0",0,"T"," ","0",0," "," ","0",56," "," ","0",38," "," ","0",3," "," ","0",0," "," ","0"
"2823","USC00359461",2008,5,"SNOW",0," "," ","0",0," "," ","0",0," "," ","0",0," "," ","0",0," "," ","0",0," "," ","0",0," "," ","0",0,"P"," ","0",0,"P"," ","0",0,"P"," ","0",0,"P"," ","0",0,"P"," ","0",0,"P"," ","0",0,"P"," ","0",0,"P"," ","0",0,"P"," ","0",0,"P"," ","0",0,"P"," ","0",0,"P"," ","0",0,"P"," ","0",0,"P"," ","0",0,"P"," ","0",0,"P"," ","0",0,"P"," ","0",0,"P"," ","0",0,"P"," ","0",0,"P"," ","0",0,"P"," ","0",0," "," ","0",0," "," ","0",0," "," ","0"
"2824","USC00359461",2008,5,"SNWD",0," "," ","0",0," "," ","0",0," "," ","0",0," "," ","0",0," "," ","0",0," "," ","0",0," "," ","0",0,"P"," ","0",0,"P"," ","0",0,"P"," ","0",0,"P"," ","0",0,"P"," ","0",0,"P"," ","0",0,"P"," ","0",0,"P"," ","0",0,"P"," ","0",0,"P"," ","0",0,"P"," ","0",0,"P"," ","0",0,"P"," ","0",0,"P"," ","0",0,"P"," ","0",0,"P"," ","0",0,"P"," ","0",0,"P"," ","0",0,"P"," ","0",0,"P"," ","0",0,"P"," ","0",0," "," ","0",0," "," ","0",0," "," ","0"
"2825","USC00359461",2008,6,"TMAX",150," "," ","0",150," "," ","0",200," "," ","0",NA," "," "," ",172," "," ","0",178," "," ","0",144," "," ","0",183," "," ","0",250," "," ","0",194," "," ","0",161," "," ","0",189," "," ","0",244," "," ","0",278," "," ","0",256," "," ","0",244," "," ","0",261," "," ","0",228," "," ","0",228," "," ","0",300," "," ","0",333," "," ","0",272," "," ","0",239," "," ","0",239," "," ","0",278," "," ","0",256," "," ","0",250," "," ","0",322," "," ","0",361," "," ","0",333," "," ","0",NA," "," "," "
"2826","USC00359461",2008,6,"TMIN",83," "," ","0",33," "," ","0",33," "," ","0",NA," "," "," ",67," "," ","0",78," "," ","0",83," "," ","0",56," "," ","0",50," "," ","0",72," "," ","0",78," "," ","0",56," "," ","0",72," "," ","0",106," "," ","0",89," "," ","0",83," "," ","0",67," "," ","0",83," "," ","0",72," "," ","0",94," "," ","0",122," "," ","0",100," "," ","0",100," "," ","0",67," "," ","0",89," "," ","0",89," "," ","0",106," "," ","0",144," "," ","0",167," "," ","0",133," "," ","0",NA," "," "," "
"2827","USC00359461",2008,6,"TOBS",83," "," ","0",33," "," ","0",111," "," ","0",NA," "," "," ",94," "," ","0",94," "," ","0",100," "," ","0",83," "," ","0",128," "," ","0",83," "," ","0",94," "," ","0",72," "," ","0",106," "," ","0",122," "," ","0",106," "," ","0",94," "," ","0",83," "," ","0",106," "," ","0",106," "," ","0",133," "," ","0",161," "," ","0",122," "," ","0",117," "," ","0",94," "," ","0",111," "," ","0",106," "," ","0",144," "," ","0",167," "," ","0",167," "," ","0",133," "," ","0",NA," "," "," "
"2828","USC00359461",2008,6,"PRCP",3," "," ","0",0," "," ","0",51," "," ","0",NA," "," "," ",NA," "," "," ",0," "," ","0",13," "," ","0",0," "," ","0",0," "," ","0",5," "," ","0",0," "," ","0",0," "," ","0",0," "," ","0",0," "," ","0",0," "," ","0",0," "," ","0",0," "," ","0",0," "," ","0",0," "," ","0",0," "," ","0",0,"T"," ","0",0,"T"," ","0",0," "," ","0",0," "," ","0",0," "," ","0",0," "," ","0",0," "," ","0",0," "," ","0",0," "," ","0",0," "," ","0",NA," "," "," "
"2829","USC00359461",2008,6,"SNOW",0," "," ","0",0," "," ","0",0," "," ","0",0,"P"," ","0",0,"P"," ","0",0,"P"," ","0",0,"P"," ","0",0,"P"," ","0",0,"P"," ","0",0,"P"," ","0",0,"P"," ","0",0,"P"," ","0",0,"P"," ","0",0,"P"," ","0",0,"P"," ","0",0,"P"," ","0",0,"P"," ","0",0,"P"," ","0",0," "," ","0",0,"P"," ","0",0,"P"," ","0",0,"P"," ","0",0,"P"," ","0",0,"P"," ","0",0,"P"," ","0",0," "," ","0",0," "," ","0",0," "," ","0",0," "," ","0",0," "," ","0",NA," "," "," "
"2830","USC00359461",2008,6,"SNWD",0," "," ","0",0," "," ","0",0," "," ","0",0,"P"," ","0",0,"P"," ","0",0,"P"," ","0",0,"P"," ","0",0,"P"," ","0",0,"P"," ","0",0,"P"," ","0",0,"P"," ","0",0,"P"," ","0",0,"P"," ","0",0,"P"," ","0",0,"P"," ","0",0,"P"," ","0",0,"P"," ","0",0,"P"," ","0",0," "," ","0",0,"P"," ","0",0,"P"," ","0",0,"P"," ","0",0,"P"," ","0",0,"P"," ","0",0,"P"," ","0",0," "," ","0",0," "," ","0",0," "," ","0",0," "," ","0",0," "," ","0",NA," "," "," "
"2831","USC00359461",2008,6,"MDPR",NA," "," "," ",NA," "," "," ",NA," "," "," ",NA," "," "," ",3," "," ","0",NA," "," "," ",NA," "," "," ",NA," "," "," ",NA," "," "," ",NA," "," "," ",NA," "," "," ",NA," "," "," ",NA," "," "," ",NA," "," "," ",NA," "," "," ",NA," "," "," ",NA," "," "," ",NA," "," "," ",NA," "," "," ",NA," "," "," ",NA," "," "," ",NA," "," "," ",NA," "," "," ",NA," "," "," ",NA," "," "," ",NA," "," "," ",NA," "," "," ",NA," "," "," ",NA," "," "," ",NA," "," "," ",NA," "," "," "
"2832","USC00359461",2008,7,"TMAX",300," "," ","0",311," "," ","0",328," "," ","0",306," "," ","0",294," "," ","0",278," "," ","0",272," "," ","0",294," "," ","0",339," "," ","0",361," "," ","0",306," "," ","0",317," "," ","0",356," "," ","0",361," "," ","0",350," "," ","0",328," "," ","0",300," "," ","0",306," "," ","0",289," "," ","0",278," "," ","0",311," "," ","0",311," "," ","0",189," "," ","0",256," "," ","0",294," "," ","0",300," "," ","0",306," "," ","0",272," "," ","0",306," "," ","0",250," "," ","0",283," "," ","0"
"2833","USC00359461",2008,7,"TMIN",128," "," ","0",133," "," ","0",133," "," ","0",178," ","I","0",178," "," ","0",167," "," ","0",133," "," ","0",133," "," ","0",167," "," ","0",150," "," ","0",128," "," ","0",139," "," ","0",139," "," ","0",156," "," ","0",156," "," ","0",150," "," ","0",117," "," ","0",111," "," ","0",128," "," ","0",111," "," ","0",111," "," ","0",133," "," ","0",111," "," ","0",100," "," ","0",106," "," ","0",106," "," ","0",122," "," ","0",117," "," ","0",117," "," ","0",122," "," ","0",106," "," ","0"
"2834","USC00359461",2008,7,"TOBS",133," "," ","0",156," "," ","0",150," ","I","0",183," "," ","0",189," "," ","0",178," "," ","0",144," "," ","0",183," "," ","0",178," "," ","0",167," "," ","0",139," "," ","0",161," "," ","0",172," "," ","0",156," "," ","0",161," "," ","0",150," "," ","0",133," "," ","0",133," "," ","0",144," "," ","0",122," "," ","0",139," "," ","0",144," "," ","0",117," "," ","0",106," "," ","0",122," "," ","0",122," "," ","0",161," "," ","0",128," "," ","0",122," "," ","0",144," "," ","0",128," "," ","0"
"2835","USC00359461",2008,7,"PRCP",0," "," ","0",0," "," ","0",0," "," ","0",0," "," ","0",0," "," ","0",0," "," ","0",0," "," ","0",0," "," ","0",0," "," ","0",0," "," ","0",0," "," ","0",0," "," ","0",0," "," ","0",0," "," ","0",0," "," ","0",0," "," ","0",0," "," ","0",0," "," ","0",0," "," ","0",0," "," ","0",0," "," ","0",0," "," ","0",0," "," ","0",0," "," ","0",0," "," ","0",0," "," ","0",0," "," ","0",0," "," ","0",0," "," ","0",0," "," ","0",0," "," ","0"
"2836","USC00359461",2008,7,"SNOW",0," "," ","0",0," "," ","0",0," "," ","0",0," "," ","0",0," "," ","0",0," "," ","0",0," "," ","0",0," "," ","0",0," "," ","0",0,"P"," ","0",0,"P"," ","0",0,"P"," ","0",0,"P"," ","0",0,"P"," ","0",0,"P"," ","0",0,"P"," ","0",0,"P"," ","0",0,"P"," ","0",0,"P"," ","0",0,"P"," ","0",0,"P"," ","0",0,"P"," ","0",0,"P"," ","0",0," "," ","0",0," "," ","0",0," "," ","0",0," "," ","0",0," "," ","0",0," "," ","0",0," "," ","0",0," "," ","0"
"2837","USC00359461",2008,7,"SNWD",0," "," ","0",0," "," ","0",0," "," ","0",0," "," ","0",0," "," ","0",0," "," ","0",0," "," ","0",0," "," ","0",0," "," ","0",0,"P"," ","0",0,"P"," ","0",0,"P"," ","0",0,"P"," ","0",0,"P"," ","0",0,"P"," ","0",0,"P"," ","0",0,"P"," ","0",0,"P"," ","0",0,"P"," ","0",0,"P"," ","0",0,"P"," ","0",0,"P"," ","0",0,"P"," ","0",0," "," ","0",0," "," ","0",0," "," ","0",0," "," ","0",0," "," ","0",0," "," ","0",0," "," ","0",0," "," ","0"
"2838","USC00359461",2008,8,"TMAX",306," "," ","0",294," "," ","0",256," "," ","0",278," "," ","0",322," "," ","0",344," "," ","0",333," "," ","0",294," "," ","0",283," "," ","0",256," "," ","0",294," "," ","0",322," "," ","0",311," "," ","0",333," "," ","0",389," "," ","0",356," "," ","0",389," "," ","0",322," "," ","0",222," "," ","0",278," "," ","0",267," "," ","0",233," "," ","0",283," "," ","0",322," "," ","0",317," "," ","0",233," "," ","0",250," "," ","0",267," "," ","0",311," "," ","0",317," "," ","0",217," "," ","0"
"2839","USC00359461",2008,8,"TMIN",117," "," ","0",128," "," ","0",111," "," ","0",111," "," ","0",128," "," ","0",144," "," ","0",133," "," ","0",133," "," ","0",139," "," ","0",100," "," ","0",100," "," ","0",122," "," ","0",133," "," ","0",128," "," ","0",172," "," ","0",178," "," ","0",189," "," ","0",150," "," ","0",150," "," ","0",150," "," ","0",144," "," ","0",100," "," ","0",100," "," ","0",106," "," ","0",128," "," ","0",94," "," ","0",94," "," ","0",100," "," ","0",111," "," ","0",128," "," ","0",72," "," ","0"
"2840","USC00359461",2008,8,"TOBS",128," "," ","0",150," "," ","0",128," "," ","0",128," "," ","0",156," "," ","0",156," "," ","0",150," "," ","0",139," "," ","0",161," "," ","0",100," "," ","0",122," "," ","0",139," "," ","0",133," "," ","0",172," "," ","0",183," "," ","0",189," "," ","0",217," "," ","0",156," "," ","0",156," "," ","0",206," "," ","0",144," "," ","0",100," "," ","0",106," "," ","0",128," "," ","0",150," "," ","0",94," "," ","0",100," "," ","0",122," "," ","0",167," "," ","0",144," "," ","0",72," "," ","0"
"2841","USC00359461",2008,8,"PRCP",0," "," ","0",0," "," ","0",0," "," ","0",0," "," ","0",0," "," ","0",0," "," ","0",0," "," ","0",0," "," ","0",0," "," ","0",0," "," ","0",0," "," ","0",0," "," ","0",0," "," ","0",0," "," ","0",0," "," ","0",0," "," ","0",0," "," ","0",0,"T"," ","0",3," "," ","0",0,"T"," ","0",5," "," ","0",0," "," ","0",0," "," ","0",0," "," ","0",20," "," ","0",0," "," ","0",0," "," ","0",0," "," ","0",0," "," ","0",0,"T"," ","0",0," "," ","0"
"2842","USC00359461",2008,8,"SNOW",0," "," ","0",0," "," ","0",0," "," ","0",0," "," ","0",0," "," ","0",0," "," ","0",0,"P"," ","0",0,"P"," ","0",0,"P"," ","0",0,"P"," ","0",0,"P"," ","0",0,"P"," ","0",0,"P"," ","0",0,"P"," ","0",0,"P"," ","0",0,"P"," ","0",0,"P"," ","0",0,"P"," ","0",0,"P"," ","0",0,"P"," ","0",0," "," ","0",0," "," ","0",0," "," ","0",0," "," ","0",0," "," ","0",0," "," ","0",0," "," ","0",0," "," ","0",0," "," ","0",0," "," ","0",0," "," ","0"
"2843","USC00359461",2008,8,"SNWD",0," "," ","0",0," "," ","0",0," "," ","0",0," "," ","0",0," "," ","0",0," "," ","0",0,"P"," ","0",0,"P"," ","0",0,"P"," ","0",0,"P"," ","0",0,"P"," ","0",0,"P"," ","0",0,"P"," ","0",0,"P"," ","0",0,"P"," ","0",0,"P"," ","0",0,"P"," ","0",0,"P"," ","0",0,"P"," ","0",0,"P"," ","0",0," "," ","0",0," "," ","0",0," "," ","0",0," "," ","0",0," "," ","0",0," "," ","0",0," "," ","0",0," "," ","0",0," "," ","0",0," "," ","0",0," "," ","0"
"2844","USC00359461",2008,9,"TMAX",217," "," ","0",228," "," ","0",261," "," ","0",267," "," ","0",278," "," ","0",294," "," ","0",294," "," ","0",311," "," ","0",328," "," ","0",272," "," ","0",272," "," ","0",333," "," ","0",311," "," ","0",294," "," ","0",333," "," ","0",344," "," ","0",333," "," ","0",278," "," ","0",206," "," ","0",233," "," ","0",217," "," ","0",222," "," ","0",189," "," ","0",239," "," ","0",278," "," ","0",217," "," ","0",250," "," ","0",244," "," ","0",289," "," ","0",289," "," ","0",NA," "," "," "
"2845","USC00359461",2008,9,"TMIN",56," "," ","0",50," "," ","0",72," "," ","0",72," "," ","0",111," "," ","0",117," "," ","0",128," "," ","0",122," "," ","0",117," "," ","0",89," "," ","0",89," "," ","0",94," "," ","0",100," "," ","0",94," "," ","0",94," "," ","0",111," "," ","0",117," "," ","0",122," "," ","0",78," "," ","0",78," "," ","0",100," "," ","0",78," "," ","0",44," "," ","0",44," "," ","0",83," "," ","0",50," "," ","0",50," "," ","0",61," "," ","0",56," "," ","0",72," "," ","0",NA," "," "," "
"2846","USC00359461",2008,9,"TOBS",72," "," ","0",83," "," ","0",78," "," ","0",111," "," ","0",117," "," ","0",144," "," ","0",128," "," ","0",122," "," ","0",117," "," ","0",89," "," ","0",100," "," ","0",100," "," ","0",122," "," ","0",100," "," ","0",117," "," ","0",128," "," ","0",133," "," ","0",122," "," ","0",78," "," ","0",128," "," ","0",100," "," ","0",78," "," ","0",44," "," ","0",94," "," ","0",144," "," ","0",61," "," ","0",78," "," ","0",72," "," ","0",72," "," ","0",133," "," ","0",NA," "," "," "
"2847","USC00359461",2008,9,"PRCP",0," "," ","0",0," "," ","0",0," "," ","0",0," "," ","0",0," "," ","0",0," "," ","0",0," "," ","0",0," "," ","0",0," "," ","0",0," "," ","0",0," "," ","0",0," "," ","0",0," "," ","0",0," "," ","0",0," "," ","0",0," "," ","0",0," "," ","0",0," "," ","0",0," "," ","0",0," "," ","0",0," "," ","0",0," "," ","0",3," "," ","0",0," "," ","0",3," "," ","0",0," "," ","0",0," "," ","0",0," "," ","0",0," "," ","0",0," "," ","0",NA," "," "," "
"2848","USC00359461",2008,9,"SNOW",0," "," ","0",0," "," ","0",0," "," ","0",0,"P"," ","0",0,"P"," ","0",0,"P"," ","0",0,"P"," ","0",0,"P"," ","0",0,"P"," ","0",0,"P"," ","0",0,"P"," ","0",0,"P"," ","0",0,"P"," ","0",0,"P"," ","0",0,"P"," ","0",0,"P"," ","0",0,"P"," ","0",0," "," ","0",0," "," ","0",0," "," ","0",0,"P"," ","0",0," "," ","0",0,"P"," ","0",0,"P"," ","0",0," "," ","0",0," "," ","0",0," "," ","0",0," "," ","0",0," "," ","0",0," "," ","0",NA," "," "," "
"2849","USC00359461",2008,9,"SNWD",0," "," ","0",0," "," ","0",0," "," ","0",0,"P"," ","0",0,"P"," ","0",0,"P"," ","0",0,"P"," ","0",0,"P"," ","0",0,"P"," ","0",0,"P"," ","0",0,"P"," ","0",0,"P"," ","0",0,"P"," ","0",0,"P"," ","0",0,"P"," ","0",0,"P"," ","0",0,"P"," ","0",0," "," ","0",0," "," ","0",0," "," ","0",0,"P"," ","0",0," "," ","0",0,"P"," ","0",0,"P"," ","0",0," "," ","0",0," "," ","0",0," "," ","0",0," "," ","0",0," "," ","0",0," "," ","0",NA," "," "," "
"2850","USC00359461",2008,10,"TMAX",294," "," ","0",239," "," ","0",233," "," ","0",183," "," ","0",161," "," ","0",178," "," ","0",256," "," ","0",189," "," ","0",167," "," ","0",139," "," ","0",122," "," ","0",150," "," ","0",172," "," ","0",211," "," ","0",183," "," ","0",189," "," ","0",222," "," ","0",178," "," ","0",167," "," ","0",189," "," ","0",156," "," ","0",156," "," ","0",189," "," ","0",194," "," ","0",144," "," ","0",194," "," ","0",200," "," ","0",217," "," ","0",139," "," ","0",194," "," ","0",167," "," ","0"
"2851","USC00359461",2008,10,"TMIN",89," "," ","0",89," "," ","0",128," "," ","0",128," "," ","0",106," "," ","0",106," "," ","0",106," "," ","0",61," "," ","0",56," "," ","0",33," "," ","0",0," "," ","0",0," "," ","0",6," "," ","0",33," "," ","0",28," "," ","0",33," "," ","0",78," "," ","0",89," "," ","0",94," "," ","0",78," "," ","0",50," "," ","0",33," "," ","0",33," "," ","0",17," "," ","0",28," "," ","0",33," "," ","0",50," "," ","0",50," "," ","0",61," "," ","0",72," "," ","0",72," "," ","0"
"2852","USC00359461",2008,10,"TOBS",94," "," ","0",139," "," ","0",133," "," ","0",133," "," ","0",106," "," ","0",106," "," ","0",128," "," ","0",67," "," ","0",67," "," ","0",39," "," ","0",17," "," ","0",11," "," ","0",39," "," ","0",100," "," ","0",39," "," ","0",100," "," ","0",89," "," ","0",94," "," ","0",100," "," ","0",83," "," ","0",61," "," ","0",50," "," ","0",39," "," ","0",28," "," ","0",44," "," ","0",61," "," ","0",61," "," ","0",72," "," ","0",111," "," ","0",72," "," ","0",111," "," ","0"
"2853","USC00359461",2008,10,"PRCP",0," "," ","0",0,"T"," ","0",38," "," ","0",122," "," ","0",61," "," ","0",0,"T"," ","0",28," "," ","0",0,"T"," ","0",5," "," ","0",25," "," ","0",0,"T"," ","0",0," "," ","0",0," "," ","0",0," "," ","0",0," "," ","0",0," "," ","0",0," "," ","0",0," "," ","0",0," "," ","0",0," "," ","0",13," "," ","0",0,"T"," ","0",0," "," ","0",0," "," ","0",0," "," ","0",0," "," ","0",0," "," ","0",0," "," ","0",0," "," ","0",0," "," ","0",38," "," ","0"
"2854","USC00359461",2008,10,"SNOW",0," "," ","0",0,"P"," ","0",0," "," ","0",0,"P"," ","0",0,"P"," ","0",0,"P"," ","0",0,"P"," ","0",0,"P"," ","0",0,"P"," ","0",0,"P"," ","0",0,"P"," ","0",0,"P"," ","0",0,"P"," ","0",0,"P"," ","0",0,"P"," ","0",0,"P"," ","0",0,"P"," ","0",0,"P"," ","0",0,"P"," ","0",0,"P"," ","0",0,"P"," ","0",0,"P"," ","0",0," "," ","0",0," "," ","0",0," "," ","0",0," "," ","0",0," "," ","0",0," "," ","0",0," "," ","0",0,"P"," ","0",0,"P"," ","0"
"2855","USC00359461",2008,10,"SNWD",0," "," ","0",0,"P"," ","0",0," "," ","0",0,"P"," ","0",0,"P"," ","0",0,"P"," ","0",0,"P"," ","0",0,"P"," ","0",0,"P"," ","0",0,"P"," ","0",0,"P"," ","0",0,"P"," ","0",0,"P"," ","0",0,"P"," ","0",0,"P"," ","0",0,"P"," ","0",0,"P"," ","0",0,"P"," ","0",0,"P"," ","0",0,"P"," ","0",0,"P"," ","0",0,"P"," ","0",0," "," ","0",0," "," ","0",0," "," ","0",0," "," ","0",0," "," ","0",0," "," ","0",0," "," ","0",0,"P"," ","0",0,"P"," ","0"
"2856","USC00359461",2008,11,"TMAX",211," "," ","0",194," "," ","0",150," "," ","0",111," "," ","0",94," "," ","0",100," "," ","0",150," "," ","0",178," "," ","0",178," "," ","0",128," "," ","0",111," "," ","0",133," "," ","0",183," "," ","0",161," "," ","0",150," "," ","0",89," "," ","0",144," "," ","0",178," "," ","0",133," "," ","0",128," "," ","0",128," "," ","0",100," "," ","0",117," "," ","0",100," "," ","0",67," "," ","0",106," "," ","0",78," "," ","0",89," "," ","0",128," "," ","0",150," "," ","0",NA," "," "," "
"2857","USC00359461",2008,11,"TMIN",111," "," ","0",94," "," ","0",72," "," ","0",61," "," ","0",50," "," ","0",56," "," ","0",89," "," ","0",89," "," ","0",72," "," ","0",78," "," ","0",78," "," ","0",83," "," ","0",117," "," ","0",67," "," ","0",56," "," ","0",56," "," ","0",56," "," ","0",56," "," ","0",89," "," ","0",56," "," ","0",28," "," ","0",33," "," ","0",17," "," ","0",17," "," ","0",17," "," ","0",33," "," ","0",56," "," ","0",56," "," ","0",56," "," ","0",44," "," ","0",NA," "," "," "
"2858","USC00359461",2008,11,"TOBS",122," "," ","0",94," "," ","0",83," "," ","0",61," "," ","0",56," "," ","0",100," "," ","0",100," "," ","0",106," "," ","0",83," "," ","0",78," "," ","0",89," "," ","0",122," "," ","0",122," "," ","0",72," "," ","0",56," "," ","0",61," "," ","0",56," "," ","0",89," "," ","0",100," "," ","0",94," "," ","0",39," "," ","0",78," "," ","0",39," "," ","0",28," "," ","0",44," "," ","0",67," "," ","0",56," "," ","0",72," "," ","0",67," "," ","0",61," "," ","0",NA," "," "," "
"2859","USC00359461",2008,11,"PRCP",3," "," ","0",66," "," ","0",46," "," ","0",196," "," ","0",91," "," ","0",157," "," ","0",8," "," ","0",0,"T"," ","0",198," "," ","0",18," "," ","0",89," "," ","0",165," "," ","0",30," "," ","0",3," "," ","0",3," "," ","0",3," "," ","0",3," "," ","0",0,"T"," ","0",0," "," ","0",46," "," ","0",69," "," ","0",28," "," ","0",0,"T"," ","0",3," "," ","0",0,"T"," ","0",0," "," ","0",0," "," ","0",0,"T"," ","0",0,"T"," ","0",0,"T"," ","0",NA," "," "," "
"2860","USC00359461",2008,11,"SNOW",0,"P"," ","0",0,"P"," ","0",0,"P"," ","0",0,"P"," ","0",0,"P"," ","0",0,"P"," ","0",0,"P"," ","0",0,"P"," ","0",0,"P"," ","0",0,"P"," ","0",0,"P"," ","0",0,"P"," ","0",0," "," ","0",0," "," ","0",0," "," ","0",0," "," ","0",0," "," ","0",0," "," ","0",0," "," ","0",0," "," ","0",0," "," ","0",0," "," ","0",0," "," ","0",0," "," ","0",0," "," ","0",0," "," ","0",0,"P"," ","0",0,"P"," ","0",0,"P"," ","0",0,"P"," ","0",NA," "," "," "
"2861","USC00359461",2008,11,"SNWD",0,"P"," ","0",0,"P"," ","0",0,"P"," ","0",0,"P"," ","0",0,"P"," ","0",0,"P"," ","0",0,"P"," ","0",0,"P"," ","0",0,"P"," ","0",0,"P"," ","0",0,"P"," ","0",0,"P"," ","0",0," "," ","0",0," "," ","0",0," "," ","0",0," "," ","0",0," "," ","0",0," "," ","0",0," "," ","0",0," "," ","0",0," "," ","0",0," "," ","0",0," "," ","0",0," "," ","0",0," "," ","0",0," "," ","0",0,"P"," ","0",0,"P"," ","0",0,"P"," ","0",0,"P"," ","0",NA," "," "," "
"2862","USC00359461",2008,12,"TMAX",100," "," ","0",122," "," ","0",139," "," ","0",94," "," ","0",83," "," ","0",106," "," ","0",117," "," ","0",67," "," ","0",94," "," ","0",94," "," ","0",89," "," ","0",61," "," ","0",78," "," ","0",39," "," ","0",67," "," ","0",-6," "," ","0",-17," "," ","0",33," "," ","0",44," "," ","0",39," "," ","0",56," "," ","0",83," "," ","0",61," "," ","0",67," "," ","0",56," "," ","0",39," "," ","0",72," "," ","0",111," "," ","0",128," "," ","0",117," "," ","0",67," "," ","0"
"2863","USC00359461",2008,12,"TMIN",44," "," ","0",50," "," ","0",33," "," ","0",56," "," ","0",17," "," ","0",0," "," ","0",0," "," ","0",11," "," ","0",6," "," ","0",6," "," ","0",6," "," ","0",22," "," ","0",0," "," ","0",0," "," ","0",-11," "," ","0",-72," "," ","0",-72," "," ","0",-67," "," ","0",11," "," ","0",6," "," ","0",6," "," ","0",22," "," ","0",6," "," ","0",6," "," ","0",6," "," ","0",-6," "," ","0",0," "," ","0",67," "," ","0",78," "," ","0",6," "," ","0",17," "," ","0"
"2864","USC00359461",2008,12,"TOBS",50," "," ","0",78," "," ","0",56," "," ","0",61," "," ","0",39," "," ","0",6," "," ","0",11," "," ","0",44," "," ","0",17," "," ","0",11," "," ","0",22," "," ","0",50," "," ","0",6," "," ","0",11," "," ","0",-11," "," ","0",-72," "," ","0",-17," "," ","0",33," "," ","0",11," "," ","0",6," "," ","0",39," "," ","0",28," "," ","0",11," "," ","0",11," "," ","0",6," "," ","0",0," "," ","0",67," "," ","0",94," "," ","0",94," "," ","0",17," "," ","0",50," "," ","0"
"2865","USC00359461",2008,12,"PRCP",0,"T"," ","0",8," "," ","0",5," "," ","0",5," "," ","0",0,"T"," ","0",0,"T"," ","0",0,"T"," ","0",3," "," ","0",0,"T"," ","0",0,"T"," ","0",3," "," ","0",0,"T"," ","0",188," "," ","0",109," "," ","0",48," "," ","0",0," "," ","0",0," "," ","0",46," "," ","0",279," "," ","0",25," "," ","0",71," "," ","0",147," "," ","0",56," "," ","0",38," "," ","0",175," "," ","0",30," "," ","0",53," "," ","0",196," "," ","0",470," "," ","0",61," "," ","0",20," "," ","0"
"2866","USC00359461",2008,12,"SNOW",0,"P"," ","0",0,"P"," ","0",0,"P"," ","0",0,"P"," ","0",0,"P"," ","0",0,"P"," ","0",0,"P"," ","0",0,"P"," ","0",0,"P"," ","0",0,"P"," ","0",0," "," ","0",0," "," ","0",0," "," ","0",0," "," ","0",0," "," ","0",0,"P"," ","0",0," "," ","0",0," "," ","0",30," "," ","0",0," "," ","0",0," "," ","0",0," "," ","0",0," "," ","0",0," "," ","0",0,"T"," ","0",0,"P"," ","0",0,"P"," ","0",0,"P"," ","0",0,"P"," ","0",0,"P"," ","0",0,"P"," ","0"
"2867","USC00359461",2008,12,"SNWD",0,"P"," ","0",0,"P"," ","0",0,"P"," ","0",0,"P"," ","0",0,"P"," ","0",0,"P"," ","0",0,"P"," ","0",0,"P"," ","0",0,"P"," ","0",0,"P"," ","0",0," "," ","0",0," "," ","0",0," "," ","0",0," "," ","0",0," "," ","0",0,"P"," ","0",0," "," ","0",0," "," ","0",25," "," ","0",0," "," ","0",0," "," ","0",0," "," ","0",0," "," ","0",0," "," ","0",0,"T"," ","0",0,"P"," ","0",0,"P"," ","0",0,"P"," ","0",0,"P"," ","0",0,"P"," ","0",0,"P"," ","0"
"2868","USC00359461",2009,1,"TMAX",100," "," ","0",128," "," ","0",72," "," ","0",67," "," ","0",89," "," ","0",106," "," ","0",117," "," ","0",156," "," ","0",94," "," ","0",44," "," ","0",100," "," ","0",111," "," ","0",61," "," ","0",56," "," ","0",94," "," ","0",67," "," ","0",78," "," ","0",33," "," ","0",33," "," ","0",28," "," ","0",28," "," ","0",61," "," ","0",94," "," ","0",100," "," ","0",72," "," ","0",72," "," ","0",33," "," ","0",67," "," ","0",94," "," ","0",56," "," ","0",117," "," ","0"
"2869","USC00359461",2009,1,"TMIN",50," "," ","0",50," "," ","0",-6," "," ","0",-22," "," ","0",-17," "," ","0",67," "," ","0",61," "," ","0",78," "," ","0",6," "," ","0",6," "," ","0",11," "," ","0",11," "," ","0",22," "," ","0",22," "," ","0",-6," "," ","0",-17," "," ","0",-17," "," ","0",-11," "," ","0",-11," "," ","0",-17," "," ","0",-17," "," ","0",-6," "," ","0",39," "," ","0",39," "," ","0",28," "," ","0",0," "," ","0",-17," "," ","0",-6," "," ","0",0," "," ","0",11," "," ","0",11," "," ","0"
"2870","USC00359461",2009,1,"TOBS",89," "," ","0",56," "," ","0",0," "," ","0",-6," "," ","0",83," "," ","0",78," "," ","0",100," "," ","0",78," "," ","0",6," "," ","0",11," "," ","0",33," "," ","0",22," "," ","0",39," "," ","0",28," "," ","0",-6," "," ","0",-17," "," ","0",0," "," ","0",0," "," ","0",-11," "," ","0",-11," "," ","0",-6," "," ","0",39," "," ","0",44," "," ","0",39," "," ","0",28," "," ","0",0," "," ","0",-6," "," ","0",44," "," ","0",17," "," ","0",22," "," ","0",50," "," ","0"
"2871","USC00359461",2009,1,"PRCP",5," "," ","0",104," "," ","0",25," "," ","0",0," "," ","0",30," "," ","0",43," "," ","0",3," "," ","0",48," "," ","0",18," "," ","0",3," "," ","0",0," "," ","0",0," "," ","0",3," "," ","0",0," "," ","0",0," "," ","0",0," "," ","0",0," "," ","0",0," "," ","0",0," "," ","0",0," "," ","0",0," "," ","0",5," "," ","0",3," "," ","0",5," "," ","0",69," "," ","0",38," "," ","0",0," "," ","0",46," "," ","0",0,"T"," ","0",0,"T"," ","0",0,"T"," ","0"
"2872","USC00359461",2009,1,"SNOW",0,"P"," ","0",0,"P"," ","0",0,"P"," ","0",0,"P"," ","0",0,"P"," ","0",0,"P"," ","0",0,"P"," ","0",0," "," ","0",0," "," ","0",0," "," ","0",0," "," ","0",0," "," ","0",0," "," ","0",0," "," ","0",0," "," ","0",0," "," ","0",0," "," ","0",0," "," ","0",0," "," ","0",0," "," ","0",0," "," ","0",0,"P"," ","0",0,"P"," ","0",0,"P"," ","0",0,"P"," ","0",0,"P"," ","0",0,"P"," ","0",0,"P"," ","0",0,"P"," ","0",0,"P"," ","0",0,"P"," ","0"
"2873","USC00359461",2009,1,"SNWD",0,"P"," ","0",0,"P"," ","0",0,"P"," ","0",0,"P"," ","0",0,"P"," ","0",0,"P"," ","0",0,"P"," ","0",0," "," ","0",0," "," ","0",0," "," ","0",0," "," ","0",0," "," ","0",0," "," ","0",0," "," ","0",0," "," ","0",0," "," ","0",0," "," ","0",0," "," ","0",0," "," ","0",0," "," ","0",0," "," ","0",0,"P"," ","0",0,"P"," ","0",0,"P"," ","0",0,"P"," ","0",0,"P"," ","0",0,"P"," ","0",0,"P"," ","0",0,"P"," ","0",0,"P"," ","0",0,"P"," ","0"
"2874","USC00359461",2009,2,"TMAX",100," "," ","0",89," "," ","0",144," "," ","0",156," "," ","0",139," "," ","0",117," "," ","0",133," "," ","0",78," "," ","0",89," "," ","0",72," "," ","0",61," "," ","0",89," "," ","0",94," "," ","0",67," "," ","0",94," "," ","0",156," "," ","0",117," "," ","0",128," "," ","0",144," "," ","0",128," "," ","0",167," "," ","0",122," "," ","0",117," "," ","0",128," "," ","0",133," "," ","0",100," "," ","0",89," "," ","0",100," "," ","0",NA," "," "," ",NA," "," "," ",NA," "," "," "
"2875","USC00359461",2009,2,"TMIN",-28," "," ","0",-17," "," ","0",-17," "," ","0",-6," "," ","0",11," "," ","0",33," "," ","0",56," "," ","0",22," "," ","0",0," "," ","0",-17," "," ","0",-6," "," ","0",33," "," ","0",11," "," ","0",11," "," ","0",22," "," ","0",11," "," ","0",39," "," ","0",11," "," ","0",17," "," ","0",-6," "," ","0",-6," "," ","0",11," "," ","0",56," "," ","0",61," "," ","0",61," "," ","0",28," "," ","0",11," "," ","0",6," "," ","0",NA," "," "," ",NA," "," "," ",NA," "," "," "
"2876","USC00359461",2009,2,"TOBS",-11," "," ","0",-11," "," ","0",0," "," ","0",17," "," ","0",33," "," ","0",56," "," ","0",61," "," ","0",28," "," ","0",0," "," ","0",-6," "," ","0",50," "," ","0",39," "," ","0",11," "," ","0",22," "," ","0",28," "," ","0",50," "," ","0",39," "," ","0",22," "," ","0",17," "," ","0",0," "," ","0",11," "," ","0",56," "," ","0",72," "," ","0",72," "," ","0",61," "," ","0",28," "," ","0",22," "," ","0",17," "," ","0",NA," "," "," ",NA," "," "," ",NA," "," "," "
"2877","USC00359461",2009,2,"PRCP",0," "," ","0",0," "," ","0",0," "," ","0",0,"T"," ","0",0," "," ","0",58," "," ","0",5," "," ","0",0," "," ","0",13," "," ","0",0," "," ","0",61," "," ","0",15," "," ","0",58," "," ","0",20," "," ","0",23," "," ","0",3," "," ","0",99," "," ","0",3," "," ","0",0," "," ","0",0," "," ","0",0," "," ","0",33," "," ","0",168," "," ","0",79," "," ","0",18," "," ","0",109," "," ","0",18," "," ","0",0," "," ","0",NA," "," "," ",NA," "," "," ",NA," "," "," "
"2878","USC00359461",2009,2,"SNOW",0,"P"," ","0",0,"P"," ","0",0,"P"," ","0",0,"P"," ","0",0," "," ","0",0," "," ","0",0," "," ","0",0," "," ","0",0," "," ","0",0," "," ","0",0," "," ","0",0," "," ","0",0," "," ","0",0," "," ","0",0," "," ","0",0," "," ","0",0," "," ","0",0," "," ","0",0,"P"," ","0",0,"P"," ","0",0,"P"," ","0",0,"P"," ","0",0,"P"," ","0",0,"P"," ","0",0,"P"," ","0",0,"P"," ","0",0,"P"," ","0",0,"P"," ","0",NA," "," "," ",NA," "," "," ",NA," "," "," "
"2879","USC00359461",2009,2,"SNWD",0,"P"," ","0",0,"P"," ","0",0,"P"," ","0",0,"P"," ","0",0," "," ","0",0," "," ","0",0," "," ","0",0," "," ","0",0," "," ","0",0," "," ","0",0," "," ","0",0," "," ","0",0," "," ","0",0," "," ","0",0," "," ","0",0," "," ","0",0," "," ","0",0," "," ","0",0,"P"," ","0",0,"P"," ","0",0,"P"," ","0",0,"P"," ","0",0,"P"," ","0",0,"P"," ","0",0,"P"," ","0",0,"P"," ","0",0,"P"," ","0",0,"P"," ","0",NA," "," "," ",NA," "," "," ",NA," "," "," "
"2880","USC00359461",2009,3,"TMAX",89," "," ","0",133," "," ","0",167," "," ","0",117," "," ","0",94," "," ","0",83," "," ","0",106," "," ","0",89," "," ","0",72," "," ","0",72," "," ","0",83," "," ","0",78," "," ","0",128," "," ","0",178," "," ","0",106," "," ","0",106," "," ","0",100," "," ","0",133," "," ","0",161," "," ","0",172," "," ","0",172," "," ","0",122," "," ","0",83," "," ","0",89," "," ","0",133," "," ","0",133," "," ","0",150," "," ","0",183," "," ","0",156," "," ","0",94," "," ","0",133," "," ","0"
"2881","USC00359461",2009,3,"TMIN",11," "," ","0",39," "," ","0",39," "," ","0",6," "," ","0",22," "," ","0",22," "," ","0",0," "," ","0",17," "," ","0",0," "," ","0",6," "," ","0",-6," "," ","0",-17," "," ","0",-6," "," ","0",0," "," ","0",39," "," ","0",50," "," ","0",39," "," ","0",39," "," ","0",28," "," ","0",33," "," ","0",78," "," ","0",44," "," ","0",-11," "," ","0",-11," "," ","0",44," "," ","0",61," "," ","0",28," "," ","0",22," "," ","0",17," "," ","0",6," "," ","0",0," "," ","0"
"2882","USC00359461",2009,3,"TOBS",44," "," ","0",67," "," ","0",50," "," ","0",28," "," ","0",22," "," ","0",39," "," ","0",17," "," ","0",22," "," ","0",6," "," ","0",17," "," ","0",6," "," ","0",0," "," ","0",0," "," ","0",50," "," ","0",61," "," ","0",50," "," ","0",39," "," ","0",50," "," ","0",33," "," ","0",83," "," ","0",78," "," ","0",44," "," ","0",-11," "," ","0",50," "," ","0",61," "," ","0",78," "," ","0",33," "," ","0",83," "," ","0",22," "," ","0",11," "," ","0",39," "," ","0"
"2883","USC00359461",2009,3,"PRCP",0,"T"," ","0",104," "," ","0",69," "," ","0",66," "," ","0",51," "," ","0",38," "," ","0",3," "," ","0",5," "," ","0",33," "," ","0",8," "," ","0",0," "," ","0",0," "," ","0",0," "," ","0",0," "," ","0",56," "," ","0",351," "," ","0",15," "," ","0",0," "," ","0",0," "," ","0",0," "," ","0",0,"T"," ","0",112," "," ","0",18," "," ","0",28," "," ","0",0,"T"," ","0",3," "," ","0",0,"T"," ","0",0," "," ","0",46," "," ","0",25," "," ","0",0," "," ","0"
"2884","USC00359461",2009,3,"SNOW",0,"P"," ","0",0,"P"," ","0",0,"P"," ","0",0,"P"," ","0",0," "," ","0",0," "," ","0",0," "," ","0",0," "," ","0",0," "," ","0",0," "," ","0",0," "," ","0",0," "," ","0",0," "," ","0",0," "," ","0",0," "," ","0",0," "," ","0",0," "," ","0",0," "," ","0",0,"P"," ","0",0,"P"," ","0",0,"P"," ","0",0,"P"," ","0",0,"P"," ","0",0,"P"," ","0",0,"P"," ","0",0,"P"," ","0",0,"P"," ","0",0,"P"," ","0",0,"P"," ","0",0,"P"," ","0",0,"P"," ","0"
"2885","USC00359461",2009,3,"SNWD",0,"P"," ","0",0,"P"," ","0",0,"P"," ","0",0,"P"," ","0",0," "," ","0",0," "," ","0",0," "," ","0",0," "," ","0",0," "," ","0",0," "," ","0",0," "," ","0",0," "," ","0",0," "," ","0",0," "," ","0",0," "," ","0",0," "," ","0",0," "," ","0",0," "," ","0",0,"P"," ","0",0,"P"," ","0",0,"P"," ","0",0,"P"," ","0",0,"P"," ","0",0,"P"," ","0",0,"P"," ","0",0,"P"," ","0",0,"P"," ","0",0,"P"," ","0",0,"P"," ","0",0,"P"," ","0",0,"P"," ","0"
"2886","USC00359461",2009,4,"TMAX",133," "," ","0",117," "," ","0",117," "," ","0",89," "," ","0",161," "," ","0",217," "," ","0",250," "," ","0",178," "," ","0",139," "," ","0",128," "," ","0",144," "," ","0",172," "," ","0",167," "," ","0",100," "," ","0",78," "," ","0",133," "," ","0",194," "," ","0",161," "," ","0",217," "," ","0",261," "," ","0",294," "," ","0",283," "," ","0",239," "," ","0",156," "," ","0",172," "," ","0",122," "," ","0",150," "," ","0",139," "," ","0",128," "," ","0",150," "," ","0",NA," "," "," "
"2887","USC00359461",2009,4,"TMIN",33," "," ","0",50," "," ","0",39," "," ","0",-6," "," ","0",0," "," ","0",11," "," ","0",28," "," ","0",50," "," ","0",72," "," ","0",44," "," ","0",44," "," ","0",50," "," ","0",44," "," ","0",17," "," ","0",11," "," ","0",-6," "," ","0",-6," "," ","0",39," "," ","0",39," "," ","0",44," "," ","0",72," "," ","0",72," "," ","0",44," "," ","0",28," "," ","0",17," "," ","0",17," "," ","0",39," "," ","0",61," "," ","0",39," "," ","0",6," "," ","0",NA," "," "," "
"2888","USC00359461",2009,4,"TOBS",56," "," ","0",83," "," ","0",39," "," ","0",0," "," ","0",11," "," ","0",28," "," ","0",50," "," ","0",83," "," ","0",78," "," ","0",50," "," ","0",50," "," ","0",89," "," ","0",44," "," ","0",17," "," ","0",11," "," ","0",-6," "," ","0",78," "," ","0",56," "," ","0",44," "," ","0",72," "," ","0",78," "," ","0",72," "," ","0",50," "," ","0",56," "," ","0",22," "," ","0",61," "," ","0",72," "," ","0",72," "," ","0",61," "," ","0",6," "," ","0",NA," "," "," "
"2889","USC00359461",2009,4,"PRCP",0," "," ","0",20," "," ","0",23," "," ","0",3," "," ","0",0," "," ","0",0," "," ","0",0," "," ","0",0," "," ","0",33," "," ","0",64," "," ","0",0," "," ","0",3," "," ","0",20," "," ","0",38," "," ","0",28," "," ","0",0," "," ","0",0,"T"," ","0",3," "," ","0",0," "," ","0",0," "," ","0",0," "," ","0",0," "," ","0",0," "," ","0",0," "," ","0",0," "," ","0",0,"T"," ","0",0," "," ","0",0," "," ","0",8," "," ","0",0,"T"," ","0",NA," "," "," "
"2890","USC00359461",2009,4,"SNOW",0,"P"," ","0",0," "," ","0",0," "," ","0",0," "," ","0",0," "," ","0",0," "," ","0",0," "," ","0",0," "," ","0",0,"P"," ","0",0,"P"," ","0",0,"P"," ","0",0,"P"," ","0",0,"P"," ","0",0,"P"," ","0",0,"P"," ","0",0,"P"," ","0",0,"P"," ","0",0,"P"," ","0",0,"P"," ","0",0,"P"," ","0",0,"P"," ","0",0,"P"," ","0",0,"P"," ","0",0,"P"," ","0",0,"P"," ","0",0,"P"," ","0",0,"P"," ","0",0,"P"," ","0",0,"P"," ","0",0," "," ","0",NA," "," "," "
"2891","USC00359461",2009,4,"SNWD",0,"P"," ","0",0," "," ","0",0," "," ","0",0," "," ","0",0," "," ","0",0," "," ","0",0," "," ","0",0," "," ","0",0,"P"," ","0",0,"P"," ","0",0,"P"," ","0",0,"P"," ","0",0,"P"," ","0",0,"P"," ","0",0,"P"," ","0",0,"P"," ","0",0,"P"," ","0",0,"P"," ","0",0,"P"," ","0",0,"P"," ","0",0,"P"," ","0",0,"P"," ","0",0,"P"," ","0",0,"P"," ","0",0,"P"," ","0",0,"P"," ","0",0,"P"," ","0",0,"P"," ","0",0,"P"," ","0",0," "," ","0",NA," "," "," "
"2892","USC00359461",2009,5,"TMAX",194," "," ","0",217," "," ","0",178," "," ","0",161," "," ","0",139," "," ","0",167," "," ","0",183," "," ","0",172," "," ","0",178," "," ","0",217," "," ","0",244," "," ","0",194," "," ","0",144," "," ","0",172," "," ","0",222," "," ","0",244," "," ","0",294," "," ","0",317," "," ","0",289," "," ","0",178," "," ","0",200," "," ","0",239," "," ","0",239," "," ","0",239," "," ","0",244," "," ","0",256," "," ","0",278," "," ","0",272," "," ","0",311," "," ","0",328," "," ","0",317," "," ","0"
"2893","USC00359461",2009,5,"TMIN",6," "," ","0",100," "," ","0",83," "," ","0",83," "," ","0",89," "," ","0",89," "," ","0",83," "," ","0",39," "," ","0",39," "," ","0",56," "," ","0",67," "," ","0",78," "," ","0",44," "," ","0",50," "," ","0",78," "," ","0",67," "," ","0",72," "," ","0",94," "," ","0",111," "," ","0",44," "," ","0",56," "," ","0",67," "," ","0",72," "," ","0",67," "," ","0",56," "," ","0",67," "," ","0",89," "," ","0",94," "," ","0",94," "," ","0",133," "," ","0",122," "," ","0"
"2894","USC00359461",2009,5,"TOBS",100," "," ","0",100," "," ","0",83," "," ","0",89," "," ","0",89," "," ","0",100," "," ","0",83," "," ","0",39," "," ","0",61," "," ","0",67," "," ","0",122," "," ","0",78," "," ","0",50," "," ","0",117," "," ","0",78," "," ","0",72," "," ","0",106," "," ","0",122," "," ","0",117," "," ","0",56," "," ","0",94," "," ","0",78," "," ","0",89," "," ","0",83," "," ","0",72," "," ","0",94," "," ","0",106," "," ","0",94," "," ","0",144," "," ","0",144," "," ","0",122," "," ","0"
"2895","USC00359461",2009,5,"PRCP",0," "," ","0",51," "," ","0",79," "," ","0",38," "," ","0",216," "," ","0",28," "," ","0",23," "," ","0",8," "," ","0",0," "," ","0",0," "," ","0",0," "," ","0",5," "," ","0",0," "," ","0",36," "," ","0",0," "," ","0",0," "," ","0",0," "," ","0",0," "," ","0",0,"T"," ","0",3," "," ","0",0," "," ","0",0," "," ","0",0," "," ","0",0," "," ","0",0," "," ","0",0," "," ","0",0," "," ","0",0," "," ","0",0," "," ","0",0," "," ","0",0," "," ","0"
"2896","USC00359461",2009,5,"SNOW",0," "," ","0",0," "," ","0",0," "," ","0",0," "," ","0",0," "," ","0",0," "," ","0",0,"P"," ","0",0,"P"," ","0",0,"P"," ","0",0,"P"," ","0",0,"P"," ","0",0,"P"," ","0",0,"P"," ","0",0,"P"," ","0",0,"P"," ","0",0,"P"," ","0",0,"P"," ","0",0,"P"," ","0",0,"P"," ","0",0,"P"," ","0",0,"P"," ","0",0,"P"," ","0",0,"P"," ","0",0,"P"," ","0",0,"P"," ","0",0,"P"," ","0",0,"P"," ","0",0," "," ","0",0," "," ","0",0," "," ","0",0," "," ","0"
"2897","USC00359461",2009,5,"SNWD",0," "," ","0",0," "," ","0",0," "," ","0",0," "," ","0",0," "," ","0",0," "," ","0",0,"P"," ","0",0,"P"," ","0",0,"P"," ","0",0,"P"," ","0",0,"P"," ","0",0,"P"," ","0",0,"P"," ","0",0,"P"," ","0",0,"P"," ","0",0,"P"," ","0",0,"P"," ","0",0,"P"," ","0",0,"P"," ","0",0,"P"," ","0",0,"P"," ","0",0,"P"," ","0",0,"P"," ","0",0,"P"," ","0",0,"P"," ","0",0,"P"," ","0",0,"P"," ","0",0," "," ","0",0," "," ","0",0," "," ","0",0," "," ","0"
"2898","USC00359461",2009,6,"TMAX",278," "," ","0",261," "," ","0",278," "," ","0",278," "," ","0",200," "," ","0",206," "," ","0",206," "," ","0",222," "," ","0",250," "," ","0",211," "," ","0",200," "," ","0",233," "," ","0",261," "," ","0",239," "," ","0",239," "," ","0",272," "," ","0",278," "," ","0",278," "," ","0",289," "," ","0",222," "," ","0",194," "," ","0",206," "," ","0",239," "," ","0",294," "," ","0",283," "," ","0",233," "," ","0",239," "," ","0",306," "," ","0",278," "," ","0",272," "," ","0",NA," "," "," "
"2899","USC00359461",2009,6,"TMIN",122," "," ","0",133," "," ","0",144," "," ","0",150," "," ","0",122," "," ","0",122," "," ","0",122," "," ","0",128," "," ","0",100," "," ","0",122," "," ","0",122," "," ","0",139," "," ","0",139," "," ","0",139," "," ","0",139," "," ","0",117," "," ","0",122," "," ","0",133," "," ","0",144," "," ","0",122," "," ","0",106," "," ","0",67," "," ","0",89," "," ","0",106," "," ","0",128," "," ","0",133," "," ","0",133," "," ","0",100," "," ","0",100," "," ","0",128," "," ","0",NA," "," "," "
"2900","USC00359461",2009,6,"TOBS",133," "," ","0",150," "," ","0",150," "," ","0",150," "," ","0",133," "," ","0",122," "," ","0",128," "," ","0",128," "," ","0",128," "," ","0",122," "," ","0",139," "," ","0",144," "," ","0",150," "," ","0",139," "," ","0",144," "," ","0",122," "," ","0",144," "," ","0",156," "," ","0",150," "," ","0",128," "," ","0",117," "," ","0",94," "," ","0",117," "," ","0",133," "," ","0",144," "," ","0",133," "," ","0",139," "," ","0",100," "," ","0",144," "," ","0",144," "," ","0",NA," "," "," "
"2901","USC00359461",2009,6,"PRCP",0," "," ","0",5," "," ","0",109," "," ","0",8," "," ","0",64," "," ","0",0,"T"," ","0",0," "," ","0",0," "," ","0",0," "," ","0",3," "," ","0",0,"T"," ","0",0," "," ","0",0," "," ","0",0," "," ","0",0," "," ","0",0," "," ","0",0," "," ","0",0," "," ","0",0,"T"," ","0",0,"T"," ","0",0,"T"," ","0",0," "," ","0",0," "," ","0",0," "," ","0",0," "," ","0",0," "," ","0",0," "," ","0",0," "," ","0",0," "," ","0",0," "," ","0",NA," "," "," "
"2902","USC00359461",2009,6,"SNOW",0," "," ","0",0," "," ","0",0," "," ","0",0,"P"," ","0",0," "," ","0",0,"P"," ","0",0," "," ","0",0,"P"," ","0",0,"P"," ","0",0,"P"," ","0",0,"P"," ","0",0,"P"," ","0",0,"P"," ","0",0,"P"," ","0",0,"P"," ","0",0,"P"," ","0",0,"P"," ","0",0,"P"," ","0",0,"P"," ","0",0,"P"," ","0",0,"P"," ","0",0,"P"," ","0",0,"P"," ","0",0,"P"," ","0",0," "," ","0",0," "," ","0",0,"P"," ","0",0,"P"," ","0",0," "," ","0",0," "," ","0",NA," "," "," "
"2903","USC00359461",2009,6,"SNWD",0," "," ","0",0," "," ","0",0," "," ","0",0,"P"," ","0",0," "," ","0",0,"P"," ","0",0," "," ","0",0,"P"," ","0",0,"P"," ","0",0,"P"," ","0",0,"P"," ","0",0,"P"," ","0",0,"P"," ","0",0,"P"," ","0",0,"P"," ","0",0,"P"," ","0",0,"P"," ","0",0,"P"," ","0",0,"P"," ","0",0,"P"," ","0",0,"P"," ","0",0,"P"," ","0",0,"P"," ","0",0,"P"," ","0",0," "," ","0",0," "," ","0",0,"P"," ","0",0,"P"," ","0",0," "," ","0",0," "," ","0",NA," "," "," "
"2904","USC00359461",2009,7,"TMAX",283," "," ","0",300," "," ","0",356," "," ","0",356," "," ","0",361," "," ","0",289," "," ","0",256," "," ","0",250," "," ","0",261," "," ","0",267," "," ","0",278," "," ","0",244," "," ","0",200," "," ","0",267," "," ","0",294," "," ","0",339," "," ","0",356," "," ","0",350," "," ","0",328," "," ","0",311," "," ","0",356," "," ","0",322," "," ","0",289," "," ","0",283," "," ","0",322," "," ","0",344," "," ","0",361," "," ","0",394," "," ","0",411," "," ","0",394," "," ","0",350," "," ","0"
"2905","USC00359461",2009,7,"TMIN",139," "," ","0",133," "," ","0",128," "," ","0",128," "," ","0",128," "," ","0",128," "," ","0",117," "," ","0",117," "," ","0",117," "," ","0",139," "," ","0",128," "," ","0",139," "," ","0",139," "," ","0",133," "," ","0",111," "," ","0",111," "," ","0",144," "," ","0",144," "," ","0",144," "," ","0",133," "," ","0",128," "," ","0",122," "," ","0",128," "," ","0",139," "," ","0",150," "," ","0",161," "," ","0",172," "," ","0",172," "," ","0",200," "," ","0",200," "," ","0",200," "," ","0"
"2906","USC00359461",2009,7,"TOBS",150," "," ","0",133," "," ","0",128," "," ","0",128," "," ","0",133," "," ","0",128," "," ","0",117," "," ","0",117," "," ","0",139," "," ","0",156," "," ","0",139," "," ","0",150," "," ","0",139," "," ","0",133," "," ","0",111," "," ","0",156," "," ","0",156," "," ","0",167," "," ","0",161," "," ","0",144," "," ","0",144," "," ","0",133," "," ","0",139," "," ","0",150," "," ","0",167," "," ","0",172," "," ","0",172," "," ","0",206," "," ","0",200," "," ","0",200," "," ","0",222," "," ","0"
"2907","USC00359461",2009,7,"PRCP",0," "," ","0",0," "," ","0",0," "," ","0",0," "," ","0",0," "," ","0",0," "," ","0",0," "," ","0",0," "," ","0",0," "," ","0",3," "," ","0",0," "," ","0",0," "," ","0",86," "," ","0",0," "," ","0",0," "," ","0",0," "," ","0",0," "," ","0",0," "," ","0",0," "," ","0",0," "," ","0",0," "," ","0",0," "," ","0",0," "," ","0",0," "," ","0",0," "," ","0",0," "," ","0",0," "," ","0",0," "," ","0",0," "," ","0",0," "," ","0",0," "," ","0"
"2908","USC00359461",2009,7,"SNOW",0," "," ","0",0,"P"," ","0",0,"P"," ","0",0,"P"," ","0",0,"P"," ","0",0,"P"," ","0",0,"P"," ","0",0,"P"," ","0",0,"P"," ","0",0,"P"," ","0",0,"P"," ","0",0,"P"," ","0",0,"P"," ","0",0,"P"," ","0",0,"P"," ","0",0,"P"," ","0",0,"P"," ","0",0,"P"," ","0",0,"P"," ","0",0,"P"," ","0",0,"P"," ","0",0,"P"," ","0",0," "," ","0",0," "," ","0",0," "," ","0",0," "," ","0",0," "," ","0",0," "," ","0",0," "," ","0",0,"P"," ","0",0,"P"," ","0"
"2909","USC00359461",2009,7,"SNWD",0," "," ","0",0,"P"," ","0",0,"P"," ","0",0,"P"," ","0",0,"P"," ","0",0,"P"," ","0",0,"P"," ","0",0,"P"," ","0",0,"P"," ","0",0,"P"," ","0",0,"P"," ","0",0,"P"," ","0",0,"P"," ","0",0,"P"," ","0",0,"P"," ","0",0,"P"," ","0",0,"P"," ","0",0,"P"," ","0",0,"P"," ","0",0,"P"," ","0",0,"P"," ","0",0,"P"," ","0",0," "," ","0",0," "," ","0",0," "," ","0",0," "," ","0",0," "," ","0",0," "," ","0",0," "," ","0",0,"P"," ","0",0,"P"," ","0"
"2910","USC00359461",2009,8,"TMAX",350," "," ","0",361," "," ","0",333," "," ","0",333," "," ","0",306," "," ","0",311," "," ","0",206," "," ","0",206," "," ","0",283," "," ","0",283," "," ","0",328," "," ","0",328," "," ","0",300," "," ","0",239," "," ","0",244," "," ","0",261," "," ","0",289," "," ","0",328," "," ","0",372," "," ","0",394," "," ","0",317," "," ","0",283," "," ","0",283," "," ","0",256," "," ","0",300," "," ","0",278," "," ","0",339," "," ","0",356," "," ","0",233," "," ","0",261," "," ","0",283," "," ","0"
"2911","USC00359461",2009,8,"TMIN",167," "," ","0",167," "," ","0",178," "," ","0",161," "," ","0",156," "," ","0",122," "," ","0",122," "," ","0",122," "," ","0",133," "," ","0",111," "," ","0",122," "," ","0",139," "," ","0",150," "," ","0",100," "," ","0",94," "," ","0",106," "," ","0",100," "," ","0",117," "," ","0",144," "," ","0",144," "," ","0",133," "," ","0",144," "," ","0",94," "," ","0",89," "," ","0",83," "," ","0",83," "," ","0",111," "," ","0",111," "," ","0",139," "," ","0",133," "," ","0",133," "," ","0"
"2912","USC00359461",2009,8,"TOBS",167," "," ","0",178," "," ","0",206," "," ","0",161," "," ","0",156," "," ","0",150," "," ","0",133," "," ","0",133," "," ","0",139," "," ","0",122," "," ","0",139," "," ","0",167," "," ","0",161," "," ","0",106," "," ","0",122," "," ","0",111," "," ","0",122," "," ","0",150," "," ","0",150," "," ","0",144," "," ","0",144," "," ","0",156," "," ","0",106," "," ","0",89," "," ","0",83," "," ","0",111," "," ","0",111," "," ","0",139," "," ","0",139," "," ","0",133," "," ","0",133," "," ","0"
"2913","USC00359461",2009,8,"PRCP",0," "," ","0",0," "," ","0",0," "," ","0",0," "," ","0",0," "," ","0",0," "," ","0",13," "," ","0",0," "," ","0",0," "," ","0",0," "," ","0",0," "," ","0",0," "," ","0",3," "," ","0",0," "," ","0",0," "," ","0",0," "," ","0",0," "," ","0",0," "," ","0",0," "," ","0",0," "," ","0",0," "," ","0",0," "," ","0",0," "," ","0",0," "," ","0",0," "," ","0",0," "," ","0",0," "," ","0",0," "," ","0",13," "," ","0",0," "," ","0",0," "," ","0"
"2914","USC00359461",2009,8,"SNOW",0,"P"," ","0",0,"P"," ","0",0,"P"," ","0",0,"P"," ","0",0,"P"," ","0",0,"P"," ","0",0,"P"," ","0",0,"P"," ","0",0,"P"," ","0",0,"P"," ","0",0,"P"," ","0",0,"P"," ","0",0,"P"," ","0",0,"P"," ","0",0,"P"," ","0",0,"P"," ","0",0,"P"," ","0",0,"P"," ","0",0,"P"," ","0",0," "," ","0",0," "," ","0",0," "," ","0",0," "," ","0",0," "," ","0",0," "," ","0",0," "," ","0",0,"P"," ","0",0,"P"," ","0",0,"P"," ","0",0,"P"," ","0",0,"P"," ","0"
"2915","USC00359461",2009,8,"SNWD",0,"P"," ","0",0,"P"," ","0",0,"P"," ","0",0,"P"," ","0",0,"P"," ","0",0,"P"," ","0",0,"P"," ","0",0,"P"," ","0",0,"P"," ","0",0,"P"," ","0",0,"P"," ","0",0,"P"," ","0",0,"P"," ","0",0,"P"," ","0",0,"P"," ","0",0,"P"," ","0",0,"P"," ","0",0,"P"," ","0",0,"P"," ","0",0," "," ","0",0," "," ","0",0," "," ","0",0," "," ","0",0," "," ","0",0," "," ","0",0," "," ","0",0,"P"," ","0",0,"P"," ","0",0,"P"," ","0",0,"P"," ","0",0,"P"," ","0"
"2916","USC00359461",2009,9,"TMAX",300," "," ","0",272," "," ","0",317," "," ","0",289," "," ","0",272," "," ","0",206," "," ","0",217," "," ","0",239," "," ","0",272," "," ","0",283," "," ","0",317," "," ","0",356," "," ","0",333," "," ","0",250," "," ","0",272," "," ","0",306," "," ","0",244," "," ","0",244," "," ","0",311," "," ","0",206," "," ","0",228," "," ","0",306," "," ","0",378," "," ","0",328," "," ","0",244," "," ","0",250," "," ","0",278," "," ","0",250," "," ","0",200," "," ","0",150," "," ","0",NA," "," "," "
"2917","USC00359461",2009,9,"TMIN",128," "," ","0",144," "," ","0",111," "," ","0",111," "," ","0",111," "," ","0",111," "," ","0",94," "," ","0",78," "," ","0",78," "," ","0",94," "," ","0",117," "," ","0",122," "," ","0",139," "," ","0",133," "," ","0",106," "," ","0",106," "," ","0",117," "," ","0",83," "," ","0",83," "," ","0",106," "," ","0",67," "," ","0",67," "," ","0",78," "," ","0",94," "," ","0",106," "," ","0",72," "," ","0",72," "," ","0",83," "," ","0",83," "," ","0",61," "," ","0",NA," "," "," "
"2918","USC00359461",2009,9,"TOBS",144," "," ","0",144," "," ","0",111," "," ","0",111," "," ","0",139," "," ","0",122," "," ","0",106," "," ","0",78," "," ","0",94," "," ","0",128," "," ","0",128," "," ","0",144," "," ","0",156," "," ","0",139," "," ","0",111," "," ","0",128," "," ","0",133," "," ","0",83," "," ","0",139," "," ","0",106," "," ","0",67," "," ","0",83," "," ","0",100," "," ","0",128," "," ","0",106," "," ","0",72," "," ","0",83," "," ","0",83," "," ","0",94," "," ","0",67," "," ","0",NA," "," "," "
"2919","USC00359461",2009,9,"PRCP",0," "," ","0",0," "," ","0",0," "," ","0",0," "," ","0",36," "," ","0",119," "," ","0",3," "," ","0",0," "," ","0",0," "," ","0",0," "," ","0",0," "," ","0",0," "," ","0",0,"T"," ","0",0," "," ","0",0," "," ","0",0," "," ","0",0," "," ","0",0," "," ","0",0," "," ","0",0," "," ","0",0," "," ","0",0," "," ","0",0," "," ","0",0," "," ","0",0," "," ","0",0," "," ","0",0," "," ","0",0," "," ","0",5," "," ","0",84," "," ","0",NA," "," "," "
"2920","USC00359461",2009,9,"SNOW",0," "," ","0",0,"P"," ","0",0,"P"," ","0",0,"P"," ","0",0,"P"," ","0",0,"P"," ","0",0,"P"," ","0",0,"P"," ","0",0,"P"," ","0",0,"P"," ","0",0,"P"," ","0",0,"P"," ","0",0,"P"," ","0",0,"P"," ","0",0,"P"," ","0",0,"P"," ","0",0," "," ","0",0," "," ","0",0," "," ","0",0," "," ","0",0," "," ","0",0," "," ","0",0," "," ","0",0," "," ","0",0," "," ","0",0,"P"," ","0",0,"P"," ","0",0," "," ","0",0," "," ","0",0," "," ","0",NA," "," "," "
"2921","USC00359461",2009,9,"SNWD",0," "," ","0",0,"P"," ","0",0,"P"," ","0",0,"P"," ","0",0,"P"," ","0",0,"P"," ","0",0,"P"," ","0",0,"P"," ","0",0,"P"," ","0",0,"P"," ","0",0,"P"," ","0",0,"P"," ","0",0,"P"," ","0",0,"P"," ","0",0,"P"," ","0",0,"P"," ","0",0," "," ","0",0," "," ","0",0," "," ","0",0," "," ","0",0," "," ","0",0," "," ","0",0," "," ","0",0," "," ","0",0," "," ","0",0,"P"," ","0",0,"P"," ","0",0," "," ","0",0," "," ","0",0," "," ","0",NA," "," "," "
"2922","USC00359461",2009,10,"TMAX",172," "," ","0",200," "," ","0",172," "," ","0",161," "," ","0",106," "," ","0",150," "," ","0",194," "," ","0",206," "," ","0",217," "," ","0",217," "," ","0",211," "," ","0",189," "," ","0",161," "," ","0",156," "," ","0",172," "," ","0",211," "," ","0",244," "," ","0",200," "," ","0",194," "," ","0",183," "," ","0",200," "," ","0",167," "," ","0",172," "," ","0",144," "," ","0",139," "," ","0",172," "," ","0",144," "," ","0",106," "," ","0",111," "," ","0",111," "," ","0",139," "," ","0"
"2923","USC00359461",2009,10,"TMIN",50," "," ","0",50," "," ","0",44," "," ","0",44," "," ","0",44," "," ","0",39," "," ","0",28," "," ","0",22," "," ","0",39," "," ","0",33," "," ","0",22," "," ","0",11," "," ","0",11," "," ","0",78," "," ","0",122," "," ","0",111," "," ","0",111," "," ","0",111," "," ","0",83," "," ","0",56," "," ","0",67," "," ","0",100," "," ","0",94," "," ","0",94," "," ","0",78," "," ","0",78," "," ","0",56," "," ","0",33," "," ","0",39," "," ","0",61," "," ","0",94," "," ","0"
"2924","USC00359461",2009,10,"TOBS",56," "," ","0",78," "," ","0",50," "," ","0",50," "," ","0",44," "," ","0",39," "," ","0",28," "," ","0",50," "," ","0",44," "," ","0",44," "," ","0",28," "," ","0",22," "," ","0",89," "," ","0",128," "," ","0",128," "," ","0",111," "," ","0",128," "," ","0",117," "," ","0",106," "," ","0",67," "," ","0",100," "," ","0",100," "," ","0",106," "," ","0",94," "," ","0",78," "," ","0",111," "," ","0",56," "," ","0",39," "," ","0",61," "," ","0",100," "," ","0",106," "," ","0"
"2925","USC00359461",2009,10,"PRCP",0,"T"," ","0",0,"T"," ","0",0,"T"," ","0",79," "," ","0",28," "," ","0",0,"T"," ","0",0,"T"," ","0",0,"T"," ","0",0,"T"," ","0",0," "," ","0",0," "," ","0",0," "," ","0",8," "," ","0",218," "," ","0",124," "," ","0",5," "," ","0",0,"T"," ","0",36," "," ","0",20," "," ","0",3," "," ","0",8," "," ","0",20," "," ","0",3," "," ","0",56," "," ","0",0," "," ","0",0," "," ","0",104," "," ","0",13," "," ","0",15," "," ","0",89," "," ","0",15," "," ","0"
"2926","USC00359461",2009,10,"SNOW",0,"P"," ","0",0,"P"," ","0",0,"P"," ","0",0,"P"," ","0",0,"P"," ","0",0,"P"," ","0",0,"P"," ","0",0,"P"," ","0",0,"P"," ","0",0,"P"," ","0",0,"P"," ","0",0,"P"," ","0",0,"P"," ","0",0,"P"," ","0",0,"P"," ","0",0,"P"," ","0",0,"P"," ","0",0,"P"," ","0",0,"P"," ","0",0,"P"," ","0",0,"P"," ","0",0," "," ","0",0," "," ","0",0," "," ","0",0," "," ","0",0," "," ","0",0," "," ","0",0," "," ","0",0,"P"," ","0",0,"P"," ","0",0,"P"," ","0"
"2927","USC00359461",2009,10,"SNWD",0,"P"," ","0",0,"P"," ","0",0,"P"," ","0",0,"P"," ","0",0,"P"," ","0",0,"P"," ","0",0,"P"," ","0",0,"P"," ","0",0,"P"," ","0",0,"P"," ","0",0,"P"," ","0",0,"P"," ","0",0,"P"," ","0",0,"P"," ","0",0,"P"," ","0",0,"P"," ","0",0,"P"," ","0",0,"P"," ","0",0,"P"," ","0",0,"P"," ","0",0,"P"," ","0",0," "," ","0",0," "," ","0",0," "," ","0",0," "," ","0",0," "," ","0",0," "," ","0",0," "," ","0",0,"P"," ","0",0,"P"," ","0",0,"P"," ","0"
"2928","USC00359461",2009,11,"TMAX",156," "," ","0",117," "," ","0",167," "," ","0",128," "," ","0",150," "," ","0",172," "," ","0",133," "," ","0",144," "," ","0",150," "," ","0",122," "," ","0",150," "," ","0",100," "," ","0",89," "," ","0",67," "," ","0",61," "," ","0",111," "," ","0",172," "," ","0",94," "," ","0",117," "," ","0",156," "," ","0",72," "," ","0",61," "," ","0",111," "," ","0",100," "," ","0",122," "," ","0",122," "," ","0",106," "," ","0",106," "," ","0",78," "," ","0",61," "," ","0",NA," "," "," "
"2929","USC00359461",2009,11,"TMIN",72," "," ","0",83," "," ","0",44," "," ","0",44," "," ","0",50," "," ","0",78," "," ","0",50," "," ","0",28," "," ","0",22," "," ","0",39," "," ","0",56," "," ","0",39," "," ","0",17," "," ","0",17," "," ","0",11," "," ","0",17," "," ","0",22," "," ","0",28," "," ","0",22," "," ","0",67," "," ","0",6," "," ","0",6," "," ","0",6," "," ","0",11," "," ","0",17," "," ","0",17," "," ","0",39," "," ","0",6," "," ","0",6," "," ","0",17," "," ","0",NA," "," "," "
"2930","USC00359461",2009,11,"TOBS",83," "," ","0",89," "," ","0",61," "," ","0",50," "," ","0",89," "," ","0",94," "," ","0",72," "," ","0",33," "," ","0",44," "," ","0",67," "," ","0",72," "," ","0",50," "," ","0",22," "," ","0",22," "," ","0",28," "," ","0",22," "," ","0",89," "," ","0",28," "," ","0",78," "," ","0",67," "," ","0",6," "," ","0",61," "," ","0",11," "," ","0",39," "," ","0",17," "," ","0",39," "," ","0",72," "," ","0",6," "," ","0",17," "," ","0",28," "," ","0",NA," "," "," "
"2931","USC00359461",2009,11,"PRCP",20," "," ","0",0," "," ","0",0,"T"," ","0",3," "," ","0",3," "," ","0",89," "," ","0",58," "," ","0",76," "," ","0",3," "," ","0",46," "," ","0",38," "," ","0",112," "," ","0",46," "," ","0",43," "," ","0",0," "," ","0",5," "," ","0",89," "," ","0",76," "," ","0",0," "," ","0",25," "," ","0",175," "," ","0",130," "," ","0",8," "," ","0",3," "," ","0",3," "," ","0",0,"T"," ","0",221," "," ","0",3," "," ","0",3," "," ","0",0,"T"," ","0",NA," "," "," "
"2932","USC00359461",2009,11,"SNOW",0,"P"," ","0",0,"P"," ","0",0,"P"," ","0",0,"P"," ","0",0,"P"," ","0",0,"P"," ","0",0,"P"," ","0",0,"P"," ","0",0,"P"," ","0",0,"P"," ","0",0,"P"," ","0",0," "," ","0",0," "," ","0",0," "," ","0",0," "," ","0",0," "," ","0",0," "," ","0",0," "," ","0",0," "," ","0",0," "," ","0",0," "," ","0",0," "," ","0",0,"P"," ","0",0," "," ","0",0," "," ","0",0,"P"," ","0",0,"P"," ","0",0,"P"," ","0",0,"P"," ","0",0,"P"," ","0",NA," "," "," "
"2933","USC00359461",2009,11,"SNWD",0,"P"," ","0",0,"P"," ","0",0,"P"," ","0",0,"P"," ","0",0,"P"," ","0",0,"P"," ","0",0,"P"," ","0",0,"P"," ","0",0,"P"," ","0",0,"P"," ","0",0,"P"," ","0",0," "," ","0",0," "," ","0",0," "," ","0",0," "," ","0",0," "," ","0",0," "," ","0",0," "," ","0",0," "," ","0",0," "," ","0",0," "," ","0",0," "," ","0",0,"P"," ","0",0," "," ","0",0," "," ","0",0,"P"," ","0",0,"P"," ","0",0,"P"," ","0",0,"P"," ","0",0,"P"," ","0",NA," "," "," "
"2934","USC00359461",2009,12,"TMAX",56," "," ","0",50," "," ","0",50," "," ","0",67," "," ","0",39," "," ","0",33," "," ","0",44," "," ","0",17," "," ","0",6," "," ","0",11," "," ","0",28," "," ","0",28," "," ","0",72," "," ","0",67," "," ","0",78," "," ","0",111," "," ","0",139," "," ","0",106," "," ","0",139," "," ","0",128," "," ","0",167," "," ","0",106," "," ","0",67," "," ","0",50," "," ","0",50," "," ","0",33," "," ","0",17," "," ","0",44," "," ","0",33," "," ","0",56," "," ","0",111," "," ","0"
"2935","USC00359461",2009,12,"TMIN",28," "," ","0",28," "," ","0",17," "," ","0",0," "," ","0",6," "," ","0",-22," "," ","0",-72," "," ","0",-94," "," ","0",-111," "," ","0",-111," "," ","0",-106," "," ","0",-39," "," ","0",0," "," ","0",-33," "," ","0",-22," "," ","0",44," "," ","0",44," "," ","0",44," "," ","0",67," "," ","0",72," "," ","0",78," "," ","0",22," "," ","0",-6," "," ","0",-6," "," ","0",0," "," ","0",-6," "," ","0",-6," "," ","0",0," "," ","0",0," "," ","0",0," "," ","0",17," "," ","0"
"2936","USC00359461",2009,12,"TOBS",33," "," ","0",28," "," ","0",22," "," ","0",17," "," ","0",11," "," ","0",-6," "," ","0",-67," "," ","0",-89," "," ","0",-106," "," ","0",-106," "," ","0",-39," "," ","0",0," "," ","0",22," "," ","0",-17," "," ","0",61," "," ","0",50," "," ","0",72," "," ","0",67," "," ","0",83," "," ","0",78," "," ","0",83," "," ","0",28," "," ","0",0," "," ","0",11," "," ","0",6," "," ","0",0," "," ","0",6," "," ","0",6," "," ","0",0," "," ","0",17," "," ","0",56," "," ","0"
"2937","USC00359461",2009,12,"PRCP",0," "," ","0",0,"T"," ","0",0," "," ","0",0,"T"," ","0",0,"T"," ","0",0," "," ","0",0," "," ","0",0," "," ","0",0," "," ","0",0," "," ","0",0," "," ","0",74," "," ","0",8," "," ","0",0," "," ","0",122," "," ","0",193," "," ","0",38," "," ","0",28," "," ","0",5," "," ","0",48," "," ","0",147," "," ","0",51," "," ","0",3," "," ","0",0,"T"," ","0",0,"T"," ","0",0,"T"," ","0",8," "," ","0",0,"T"," ","0",0,"T"," ","0",112," "," ","0",130," "," ","0"
"2938","USC00359461",2009,12,"SNOW",0,"P"," ","0",0,"P"," ","0",0,"P"," ","0",0,"P"," ","0",0,"P"," ","0",0,"P"," ","0",0,"P"," ","0",0,"P"," ","0",0,"P"," ","0",0," "," ","0",0," "," ","0",0," "," ","0",0," "," ","0",0," "," ","0",0," "," ","0",0," "," ","0",0," "," ","0",0," "," ","0",0," "," ","0",0," "," ","0",0," "," ","0",0," "," ","0",0," "," ","0",0,"P"," ","0",0,"P"," ","0",0,"P"," ","0",0,"P"," ","0",0,"P"," ","0",0,"P"," ","0",0,"P"," ","0",0,"P"," ","0"
"2939","USC00359461",2009,12,"SNWD",0,"P"," ","0",0,"P"," ","0",0,"P"," ","0",0,"P"," ","0",0,"P"," ","0",0,"P"," ","0",0,"P"," ","0",0,"P"," ","0",0,"P"," ","0",0," "," ","0",0," "," ","0",0," "," ","0",0," "," ","0",0," "," ","0",0," "," ","0",0," "," ","0",0," "," ","0",0," "," ","0",0," "," ","0",0," "," ","0",0," "," ","0",0," "," ","0",0," "," ","0",0,"P"," ","0",0,"P"," ","0",0,"P"," ","0",0,"P"," ","0",0,"P"," ","0",0,"P"," ","0",0,"P"," ","0",0,"P"," ","0"
"2940","USC00359461",2010,1,"TMAX",117," "," ","0",133," "," ","0",106," "," ","0",111," "," ","0",150," "," ","0",144," "," ","0",144," "," ","0",106," "," ","0",117," "," ","0",128," "," ","0",117," "," ","0",117," "," ","0",139," "," ","0",133," "," ","0",117," "," ","0",161," "," ","0",100," "," ","0",100," "," ","0",144," "," ","0",133," "," ","0",144," "," ","0",128," "," ","0",106," "," ","0",106," "," ","0",89," "," ","0",100," "," ","0",122," "," ","0",111," "," ","0",139," "," ","0",122," "," ","0",111," "," ","0"
"2941","USC00359461",2010,1,"TMIN",44," "," ","0",44," "," ","0",33," "," ","0",22," "," ","0",44," "," ","0",83," "," ","0",72," "," ","0",72," "," ","0",78," "," ","0",67," "," ","0",67," "," ","0",67," "," ","0",78," "," ","0",28," "," ","0",28," "," ","0",44," "," ","0",72," "," ","0",22," "," ","0",22," "," ","0",39," "," ","0",39," "," ","0",50," "," ","0",28," "," ","0",28," "," ","0",67," "," ","0",67," "," ","0",22," "," ","0",22," "," ","0",33," "," ","0",67," "," ","0",61," "," ","0"
"2942","USC00359461",2010,1,"TOBS",89," "," ","0",56," "," ","0",39," "," ","0",50," "," ","0",89," "," ","0",111," "," ","0",72," "," ","0",78," "," ","0",78," "," ","0",72," "," ","0",67," "," ","0",94," "," ","0",83," "," ","0",44," "," ","0",50," "," ","0",72," "," ","0",78," "," ","0",22," "," ","0",39," "," ","0",39," "," ","0",89," "," ","0",50," "," ","0",28," "," ","0",78," "," ","0",67," "," ","0",72," "," ","0",28," "," ","0",39," "," ","0",72," "," ","0",78," "," ","0",67," "," ","0"
"2943","USC00359461",2010,1,"PRCP",351," "," ","0",15," "," ","0",3," "," ","0",0,"T"," ","0",0,"T"," ","0",142," "," ","0",5," "," ","0",15," "," ","0",53," "," ","0",5," "," ","0",5," "," ","0",58," "," ","0",89," "," ","0",56," "," ","0",0," "," ","0",46," "," ","0",84," "," ","0",38," "," ","0",30," "," ","0",0," "," ","0",0," "," ","0",51," "," ","0",28," "," ","0",8," "," ","0",147," "," ","0",30," "," ","0",5," "," ","0",0,"T"," ","0",0," "," ","0",25," "," ","0",20," "," ","0"
"2944","USC00359461",2010,1,"SNOW",0,"P"," ","0",0,"P"," ","0",0,"P"," ","0",0,"P"," ","0",0,"P"," ","0",0,"P"," ","0",0," "," ","0",0," "," ","0",0,"P"," ","0",0,"P"," ","0",0,"P"," ","0",0," "," ","0",0," "," ","0",0," "," ","0",0," "," ","0",0," "," ","0",0," "," ","0",0," "," ","0",0," "," ","0",0," "," ","0",0,"P"," ","0",0,"P"," ","0",0,"P"," ","0",0,"P"," ","0",0,"P"," ","0",0,"P"," ","0",0,"P"," ","0",0,"P"," ","0",0,"P"," ","0",0,"P"," ","0",0,"P"," ","0"
"2945","USC00359461",2010,1,"SNWD",0,"P"," ","0",0,"P"," ","0",0,"P"," ","0",0,"P"," ","0",0,"P"," ","0",0,"P"," ","0",0," "," ","0",0," "," ","0",0,"P"," ","0",0,"P"," ","0",0,"P"," ","0",0," "," ","0",0," "," ","0",0," "," ","0",0," "," ","0",0," "," ","0",0," "," ","0",0," "," ","0",0," "," ","0",0," "," ","0",0,"P"," ","0",0,"P"," ","0",0,"P"," ","0",0,"P"," ","0",0,"P"," ","0",0,"P"," ","0",0,"P"," ","0",0,"P"," ","0",0,"P"," ","0",0,"P"," ","0",0,"P"," ","0"
"2946","USC00359461",2010,2,"TMAX",128," "," ","0",100," "," ","0",72," "," ","0",133," "," ","0",150," "," ","0",167," "," ","0",117," "," ","0",117," "," ","0",111," "," ","0",100," "," ","0",111," "," ","0",150," "," ","0",128," "," ","0",128," "," ","0",111," "," ","0",150," "," ","0",172," "," ","0",133," "," ","0",161," "," ","0",144," "," ","0",139," "," ","0",128," "," ","0",150," "," ","0",117," "," ","0",133," "," ","0",156," "," ","0",122," "," ","0",156," "," ","0",NA," "," "," ",NA," "," "," ",NA," "," "," "
"2947","USC00359461",2010,2,"TMIN",33," "," ","0",50," "," ","0",39," "," ","0",39," "," ","0",28," "," ","0",33," "," ","0",67," "," ","0",56," "," ","0",56," "," ","0",17," "," ","0",39," "," ","0",67," "," ","0",67," "," ","0",61," "," ","0",56," "," ","0",61," "," ","0",72," "," ","0",61," "," ","0",17," "," ","0",6," "," ","0",-17," "," ","0",-22," "," ","0",-22," "," ","0",44," "," ","0",44," "," ","0",56," "," ","0",17," "," ","0",11," "," ","0",NA," "," "," ",NA," "," "," ",NA," "," "," "
"2948","USC00359461",2010,2,"TOBS",61," "," ","0",61," "," ","0",44," "," ","0",61," "," ","0",33," "," ","0",67," "," ","0",78," "," ","0",56," "," ","0",56," "," ","0",44," "," ","0",67," "," ","0",83," "," ","0",67," "," ","0",78," "," ","0",67," "," ","0",78," "," ","0",72," "," ","0",61," "," ","0",17," "," ","0",11," "," ","0",-6," "," ","0",-22," "," ","0",50," "," ","0",44," "," ","0",61," "," ","0",89," "," ","0",22," "," ","0",56," "," ","0",NA," "," "," ",NA," "," "," ",NA," "," "," "
"2949","USC00359461",2010,2,"PRCP",13," "," ","0",56," "," ","0",97," "," ","0",5," "," ","0",20," "," ","0",8," "," ","0",33," "," ","0",3," "," ","0",0," "," ","0",0," "," ","0",23," "," ","0",25," "," ","0",48," "," ","0",13," "," ","0",53," "," ","0",56," "," ","0",0," "," ","0",0," "," ","0",0,"T"," ","0",0,"T"," ","0",0,"T"," ","0",0," "," ","0",8," "," ","0",114," "," ","0",43," "," ","0",64," "," ","0",97," "," ","0",0,"T"," ","0",NA," "," "," ",NA," "," "," ",NA," "," "," "
"2950","USC00359461",2010,2,"SNOW",0,"P"," ","0",0,"P"," ","0",0,"P"," ","0",0," "," ","0",0,"P"," ","0",0," "," ","0",0,"P"," ","0",0," "," ","0",0," "," ","0",0," "," ","0",0," "," ","0",0," "," ","0",0," "," ","0",0," "," ","0",0," "," ","0",0," "," ","0",0,"P"," ","0",0,"P"," ","0",0,"P"," ","0",0,"P"," ","0",0,"P"," ","0",0,"P"," ","0",0,"P"," ","0",0,"P"," ","0",0,"P"," ","0",0,"P"," ","0",0,"P"," ","0",0,"P"," ","0",NA," "," "," ",NA," "," "," ",NA," "," "," "
"2951","USC00359461",2010,2,"SNWD",0,"P"," ","0",0,"P"," ","0",0,"P"," ","0",0," "," ","0",0,"P"," ","0",0," "," ","0",0,"P"," ","0",0," "," ","0",0," "," ","0",0," "," ","0",0," "," ","0",0," "," ","0",0," "," ","0",0," "," ","0",0," "," ","0",0," "," ","0",0,"P"," ","0",0,"P"," ","0",0,"P"," ","0",0,"P"," ","0",0,"P"," ","0",0,"P"," ","0",0,"P"," ","0",0,"P"," ","0",0,"P"," ","0",0,"P"," ","0",0,"P"," ","0",0,"P"," ","0",NA," "," "," ",NA," "," "," ",NA," "," "," "
"2952","USC00359461",2010,3,"TMAX",167," "," ","0",139," "," ","0",139," "," ","0",100," "," ","0",100," "," ","0",100," "," ","0",156," "," ","0",122," "," ","0",83," "," ","0",94," "," ","0",122," "," ","0",139," "," ","0",111," "," ","0",106," "," ","0",161," "," ","0",194," "," ","0",139," "," ","0",133," "," ","0",167," "," ","0",200," "," ","0",233," "," ","0",144," "," ","0",139," "," ","0",167," "," ","0",217," "," ","0",111," "," ","0",122," "," ","0",222," "," ","0",156," "," ","0",122," "," ","0",89," "," ","0"
"2953","USC00359461",2010,3,"TMIN",39," "," ","0",39," "," ","0",44," "," ","0",56," "," ","0",33," "," ","0",28," "," ","0",22," "," ","0",28," "," ","0",-11," "," ","0",-11," "," ","0",11," "," ","0",17," "," ","0",0," "," ","0",-6," "," ","0",-6," "," ","0",33," "," ","0",33," "," ","0",0," "," ","0",-6," "," ","0",0," "," ","0",22," "," ","0",61," "," ","0",11," "," ","0",11," "," ","0",39," "," ","0",50," "," ","0",39," "," ","0",39," "," ","0",89," "," ","0",28," "," ","0",22," "," ","0"
"2954","USC00359461",2010,3,"TOBS",44," "," ","0",78," "," ","0",61," "," ","0",61," "," ","0",33," "," ","0",39," "," ","0",28," "," ","0",33," "," ","0",-11," "," ","0",17," "," ","0",61," "," ","0",111," "," ","0",6," "," ","0",-6," "," ","0",33," "," ","0",33," "," ","0",44," "," ","0",0," "," ","0",0," "," ","0",28," "," ","0",100," "," ","0",67," "," ","0",11," "," ","0",39," "," ","0",78," "," ","0",67," "," ","0",44," "," ","0",89," "," ","0",111," "," ","0",39," "," ","0",28," "," ","0"
"2955","USC00359461",2010,3,"PRCP",0,"T"," ","0",3," "," ","0",38," "," ","0",18," "," ","0",8," "," ","0",0," "," ","0",0," "," ","0",30," "," ","0",30," "," ","0",79," "," ","0",0," "," ","0",25," "," ","0",127," "," ","0",0," "," ","0",0," "," ","0",0," "," ","0",5," "," ","0",0,"T"," ","0",0," "," ","0",0,"T"," ","0",10," "," ","0",18," "," ","0",13," "," ","0",0," "," ","0",97," "," ","0",46," "," ","0",56," "," ","0",5," "," ","0",46," "," ","0",356," "," ","0",122," "," ","0"
"2956","USC00359461",2010,3,"SNOW",0,"P"," ","0",0,"P"," ","0",0,"P"," ","0",0," "," ","0",0," "," ","0",0," "," ","0",0," "," ","0",0," "," ","0",0," "," ","0",0," "," ","0",0," "," ","0",0," "," ","0",0," "," ","0",0," "," ","0",0," "," ","0",0," "," ","0",0," "," ","0",0,"P"," ","0",0,"P"," ","0",0,"P"," ","0",0,"P"," ","0",0,"P"," ","0",0,"P"," ","0",0,"P"," ","0",0,"P"," ","0",0,"P"," ","0",0,"P"," ","0",0,"P"," ","0",0,"P"," ","0",0,"P"," ","0",0,"P"," ","0"
"2957","USC00359461",2010,3,"SNWD",0,"P"," ","0",0,"P"," ","0",0,"P"," ","0",0," "," ","0",0," "," ","0",0," "," ","0",0," "," ","0",0," "," ","0",0," "," ","0",0," "," ","0",0," "," ","0",0," "," ","0",0," "," ","0",0," "," ","0",0," "," ","0",0," "," ","0",0," "," ","0",0,"P"," ","0",0,"P"," ","0",0,"P"," ","0",0,"P"," ","0",0,"P"," ","0",0,"P"," ","0",0,"P"," ","0",0,"P"," ","0",0,"P"," ","0",0,"P"," ","0",0,"P"," ","0",0,"P"," ","0",0,"P"," ","0",0,"P"," ","0"
"2958","USC00359461",2010,4,"TMAX",106," "," ","0",100," "," ","0",106," "," ","0",111," "," ","0",128," "," ","0",111," "," ","0",128," "," ","0",222," "," ","0",100," "," ","0",133," "," ","0",156," "," ","0",122," "," ","0",150," "," ","0",150," "," ","0",150," "," ","0",183," "," ","0",206," "," ","0",217," "," ","0",244," "," ","0",194," "," ","0",117," "," ","0",128," "," ","0",172," "," ","0",222," "," ","0",172," "," ","0",244," "," ","0",194," "," ","0",122," "," ","0",133," "," ","0",117," "," ","0",NA," "," "," "
"2959","USC00359461",2010,4,"TMIN",17," "," ","0",28," "," ","0",17," "," ","0",22," "," ","0",22," "," ","0",22," "," ","0",17," "," ","0",33," "," ","0",-6," "," ","0",-6," "," ","0",11," "," ","0",33," "," ","0",72," "," ","0",50," "," ","0",50," "," ","0",56," "," ","0",56," "," ","0",67," "," ","0",72," "," ","0",78," "," ","0",61," "," ","0",39," "," ","0",33," "," ","0",39," "," ","0",22," "," ","0",22," "," ","0",72," "," ","0",50," "," ","0",50," "," ","0",50," "," ","0",NA," "," "," "
"2960","USC00359461",2010,4,"TOBS",28," "," ","0",67," "," ","0",22," "," ","0",22," "," ","0",39," "," ","0",33," "," ","0",33," "," ","0",44," "," ","0",-6," "," ","0",11," "," ","0",72," "," ","0",94," "," ","0",83," "," ","0",56," "," ","0",67," "," ","0",56," "," ","0",67," "," ","0",94," "," ","0",78," "," ","0",83," "," ","0",67," "," ","0",39," "," ","0",39," "," ","0",83," "," ","0",28," "," ","0",78," "," ","0",94," "," ","0",56," "," ","0",56," "," ","0",50," "," ","0",NA," "," "," "
"2961","USC00359461",2010,4,"PRCP",23," "," ","0",20," "," ","0",175," "," ","0",13," "," ","0",18," "," ","0",71," "," ","0",20," "," ","0",25," "," ","0",15," "," ","0",0," "," ","0",132," "," ","0",127," "," ","0",10," "," ","0",10," "," ","0",86," "," ","0",0," "," ","0",0," "," ","0",0," "," ","0",0," "," ","0",86," "," ","0",122," "," ","0",5," "," ","0",0," "," ","0",0," "," ","0",0," "," ","0",0," "," ","0",208," "," ","0",119," "," ","0",30," "," ","0",28," "," ","0",NA," "," "," "
"2962","USC00359461",2010,4,"SNOW",0," "," ","0",0," "," ","0",0," "," ","0",0," "," ","0",0," "," ","0",0," "," ","0",0," "," ","0",0," "," ","0",0," "," ","0",0," "," ","0",0," "," ","0",0," "," ","0",0," "," ","0",0," "," ","0",0,"P"," ","0",0,"P"," ","0",0,"P"," ","0",0,"P"," ","0",0,"P"," ","0",0,"P"," ","0",0,"P"," ","0",0," "," ","0",0," "," ","0",0," "," ","0",0,"P"," ","0",0,"P"," ","0",0,"P"," ","0",0,"P"," ","0",0," "," ","0",0," "," ","0",NA," "," "," "
"2963","USC00359461",2010,4,"SNWD",0," "," ","0",0," "," ","0",0," "," ","0",0," "," ","0",0," "," ","0",0," "," ","0",0," "," ","0",0," "," ","0",0," "," ","0",0," "," ","0",0," "," ","0",0," "," ","0",0," "," ","0",0," "," ","0",0,"P"," ","0",0,"P"," ","0",0,"P"," ","0",0,"P"," ","0",0,"P"," ","0",0,"P"," ","0",0,"P"," ","0",0," "," ","0",0," "," ","0",0," "," ","0",0,"P"," ","0",0,"P"," ","0",0,"P"," ","0",0,"P"," ","0",0," "," ","0",0," "," ","0",NA," "," "," "
"2964","USC00359461",2010,5,"TMAX",161," "," ","0",167," "," ","0",200," "," ","0",133," "," ","0",156," "," ","0",128," "," ","0",183," "," ","0",222," "," ","0",228," "," ","0",222," "," ","0",128," "," ","0",139," "," ","0",200," "," ","0",244," "," ","0",267," "," ","0",244," "," ","0",267," "," ","0",194," "," ","0",206," "," ","0",189," "," ","0",161," "," ","0",106," "," ","0",139," "," ","0",167," "," ","0",189," "," ","0",178," "," ","0",183," "," ","0",161," "," ","0",183," "," ","0",222," "," ","0",233," "," ","0"
"2965","USC00359461",2010,5,"TMIN",50," "," ","0",67," "," ","0",72," "," ","0",17," "," ","0",22," "," ","0",22," "," ","0",22," "," ","0",56," "," ","0",56," "," ","0",56," "," ","0",67," "," ","0",78," "," ","0",61," "," ","0",72," "," ","0",83," "," ","0",94," "," ","0",106," "," ","0",111," "," ","0",44," "," ","0",61," "," ","0",61," "," ","0",39," "," ","0",44," "," ","0",56," "," ","0",67," "," ","0",94," "," ","0",83," "," ","0",56," "," ","0",56," "," ","0",67," "," ","0",94," "," ","0"
"2966","USC00359461",2010,5,"TOBS",89," "," ","0",72," "," ","0",117," "," ","0",22," "," ","0",50," "," ","0",22," "," ","0",61," "," ","0",83," "," ","0",94," "," ","0",83," "," ","0",83," "," ","0",83," "," ","0",72," "," ","0",94," "," ","0",94," "," ","0",106," "," ","0",111," "," ","0",117," "," ","0",67," "," ","0",72," "," ","0",72," "," ","0",44," "," ","0",61," "," ","0",72," "," ","0",100," "," ","0",100," "," ","0",89," "," ","0",67," "," ","0",67," "," ","0",94," "," ","0",128," "," ","0"
"2967","USC00359461",2010,5,"PRCP",5," "," ","0",0," "," ","0",0," "," ","0",30," "," ","0",0," "," ","0",15," "," ","0",0," "," ","0",0," "," ","0",0," "," ","0",53," "," ","0",64," "," ","0",0," "," ","0",0," "," ","0",0," "," ","0",0," "," ","0",0," "," ","0",69," "," ","0",51," "," ","0",0,"T"," ","0",38," "," ","0",102," "," ","0",203," "," ","0",33," "," ","0",0,"T"," ","0",10," "," ","0",183," "," ","0",89," "," ","0",25," "," ","0",0," "," ","0",0," "," ","0",20," "," ","0"
"2968","USC00359461",2010,5,"SNOW",0," "," ","0",0," "," ","0",0," "," ","0",0," "," ","0",0," "," ","0",0," "," ","0",0," "," ","0",0," "," ","0",0," "," ","0",0," "," ","0",0," "," ","0",0," "," ","0",0,"P"," ","0",0,"P"," ","0",0,"P"," ","0",0,"P"," ","0",0,"P"," ","0",0,"P"," ","0",0,"P"," ","0",0,"P"," ","0",0,"P"," ","0",0,"P"," ","0",0,"P"," ","0",0,"P"," ","0",0,"P"," ","0",0,"P"," ","0",0," "," ","0",0," "," ","0",0," "," ","0",0," "," ","0",0," "," ","0"
"2969","USC00359461",2010,5,"SNWD",0," "," ","0",0," "," ","0",0," "," ","0",0," "," ","0",0," "," ","0",0," "," ","0",0," "," ","0",0," "," ","0",0," "," ","0",0," "," ","0",0," "," ","0",0," "," ","0",0,"P"," ","0",0,"P"," ","0",0,"P"," ","0",0,"P"," ","0",0,"P"," ","0",0,"P"," ","0",0,"P"," ","0",0,"P"," ","0",0,"P"," ","0",0,"P"," ","0",0,"P"," ","0",0,"P"," ","0",0,"P"," ","0",0,"P"," ","0",0," "," ","0",0," "," ","0",0," "," ","0",0," "," ","0",0," "," ","0"
"2970","USC00359461",2010,6,"TMAX",194," "," ","0",206," "," ","0",178," "," ","0",139," "," ","0",206," "," ","0",200," "," ","0",244," "," ","0",244," "," ","0",250," "," ","0",189," "," ","0",178," "," ","0",189," "," ","0",272," "," ","0",272," "," ","0",228," "," ","0",183," "," ","0",189," "," ","0",206," "," ","0",211," "," ","0",194," "," ","0",194," "," ","0",256," "," ","0",272," "," ","0",283," "," ","0",294," "," ","0",267," "," ","0",283," "," ","0",311," "," ","0",272," "," ","0",228," "," ","0",NA," "," "," "
"2971","USC00359461",2010,6,"TMIN",122," "," ","0",122," "," ","0",100," "," ","0",111," "," ","0",94," "," ","0",106," "," ","0",111," "," ","0",100," "," ","0",106," "," ","0",94," "," ","0",94," "," ","0",72," "," ","0",78," "," ","0",100," "," ","0",89," "," ","0",78," "," ","0",89," "," ","0",89," "," ","0",100," "," ","0",72," "," ","0",78," "," ","0",94," "," ","0",111," "," ","0",111," "," ","0",111," "," ","0",122," "," ","0",122," "," ","0",128," "," ","0",128," "," ","0",89," "," ","0",NA," "," "," "
"2972","USC00359461",2010,6,"TOBS",128," "," ","0",144," "," ","0",111," "," ","0",122," "," ","0",106," "," ","0",150," "," ","0",122," "," ","0",111," "," ","0",128," "," ","0",100," "," ","0",100," "," ","0",83," "," ","0",139," "," ","0",106," "," ","0",106," "," ","0",89," "," ","0",106," "," ","0",117," "," ","0",111," "," ","0",78," "," ","0",122," "," ","0",117," "," ","0",144," "," ","0",111," "," ","0",122," "," ","0",122," "," ","0",139," "," ","0",128," "," ","0",133," "," ","0",89," "," ","0",NA," "," "," "
"2973","USC00359461",2010,6,"PRCP",25," "," ","0",28," "," ","0",132," "," ","0",191," "," ","0",0," "," ","0",0," "," ","0",0," "," ","0",0," "," ","0",36," "," ","0",94," "," ","0",18," "," ","0",0," "," ","0",0," "," ","0",0," "," ","0",0," "," ","0",0,"T"," ","0",0,"T"," ","0",0," "," ","0",0," "," ","0",0," "," ","0",0," "," ","0",0," "," ","0",0," "," ","0",0," "," ","0",0," "," ","0",0," "," ","0",0," "," ","0",0," "," ","0",0," "," ","0",0," "," ","0",NA," "," "," "
"2974","USC00359461",2010,6,"SNOW",0," "," ","0",0," "," ","0",0," "," ","0",0," "," ","0",0," "," ","0",0," "," ","0",0," "," ","0",0,"P"," ","0",0," "," ","0",0,"P"," ","0",0,"P"," ","0",0,"P"," ","0",0,"P"," ","0",0,"P"," ","0",0,"P"," ","0",0,"P"," ","0",0,"P"," ","0",0,"P"," ","0",0,"P"," ","0",0,"P"," ","0",0,"P"," ","0",0,"P"," ","0",0,"P"," ","0",0," "," ","0",0," "," ","0",0," "," ","0",0," "," ","0",0," "," ","0",0," "," ","0",0," "," ","0",NA," "," "," "
"2975","USC00359461",2010,6,"SNWD",0," "," ","0",0," "," ","0",0," "," ","0",0," "," ","0",0," "," ","0",0," "," ","0",0," "," ","0",0,"P"," ","0",0," "," ","0",0,"P"," ","0",0,"P"," ","0",0,"P"," ","0",0,"P"," ","0",0,"P"," ","0",0,"P"," ","0",0,"P"," ","0",0,"P"," ","0",0,"P"," ","0",0,"P"," ","0",0,"P"," ","0",0,"P"," ","0",0,"P"," ","0",0,"P"," ","0",0," "," ","0",0," "," ","0",0," "," ","0",0," "," ","0",0," "," ","0",0," "," ","0",0," "," ","0",NA," "," "," "
"2976","USC00359461",2010,7,"TMAX",256," "," ","0",233," "," ","0",211," "," ","0",239," "," ","0",261," "," ","0",239," "," ","0",306," "," ","0",372," "," ","0",356," "," ","0",361," "," ","0",328," "," ","0",339," "," ","0",261," "," ","0",250," "," ","0",306," "," ","0",344," "," ","0",311," "," ","0",306," "," ","0",272," "," ","0",278," "," ","0",289," "," ","0",289," "," ","0",311," "," ","0",294," "," ","0",344," "," ","0",344," "," ","0",328," "," ","0",311," "," ","0",306," "," ","0",317," "," ","0",294," "," ","0"
"2977","USC00359461",2010,7,"TMIN",89," "," ","0",111," "," ","0",111," "," ","0",89," "," ","0",122," "," ","0",122," "," ","0",106," "," ","0",128," "," ","0",150," "," ","0",144," "," ","0",139," "," ","0",156," "," ","0",111," "," ","0",100," "," ","0",111," "," ","0",139," "," ","0",144," "," ","0",117," "," ","0",117," "," ","0",122," "," ","0",111," "," ","0",117," "," ","0",133," "," ","0",139," "," ","0",150," "," ","0",139," "," ","0",128," "," ","0",128," "," ","0",128," "," ","0",128," "," ","0",117," "," ","0"
"2978","USC00359461",2010,7,"TOBS",122," "," ","0",111," "," ","0",128," "," ","0",122," "," ","0",144," "," ","0",128," "," ","0",139," "," ","0",150," "," ","0",200," "," ","0",144," "," ","0",211," "," ","0",161," "," ","0",122," "," ","0",117," "," ","0",144," "," ","0",178," "," ","0",161," "," ","0",133," "," ","0",128," "," ","0",144," "," ","0",122," "," ","0",133," "," ","0",144," "," ","0",167," "," ","0",161," "," ","0",156," "," ","0",128," "," ","0",150," "," ","0",128," "," ","0",139," "," ","0",139," "," ","0"
"2979","USC00359461",2010,7,"PRCP",0," "," ","0",0," "," ","0",0," "," ","0",0," "," ","0",0," "," ","0",0," "," ","0",0," "," ","0",0," "," ","0",0," "," ","0",0," "," ","0",0," "," ","0",0," "," ","0",0," "," ","0",0," "," ","0",0," "," ","0",0," "," ","0",0," "," ","0",0," "," ","0",0," "," ","0",0," "," ","0",0," "," ","0",0," "," ","0",0," "," ","0",0," "," ","0",0," "," ","0",0," "," ","0",0," "," ","0",0," "," ","0",0," "," ","0",0," "," ","0",0," "," ","0"
"2980","USC00359461",2010,7,"SNOW",0," "," ","0",0," "," ","0",0," "," ","0",0," "," ","0",0," "," ","0",0," "," ","0",0," "," ","0",0,"P"," ","0",0,"P"," ","0",0,"P"," ","0",0,"P"," ","0",0,"P"," ","0",0,"P"," ","0",0,"P"," ","0",0,"P"," ","0",0,"P"," ","0",0,"P"," ","0",0,"P"," ","0",0,"P"," ","0",0,"P"," ","0",0,"P"," ","0",0," "," ","0",0," "," ","0",0," "," ","0",0," "," ","0",0," "," ","0",0," "," ","0",0," "," ","0",0," "," ","0",0," "," ","0",0," "," ","0"
"2981","USC00359461",2010,7,"SNWD",0," "," ","0",0," "," ","0",0," "," ","0",0," "," ","0",0," "," ","0",0," "," ","0",0," "," ","0",0,"P"," ","0",0,"P"," ","0",0,"P"," ","0",0,"P"," ","0",0,"P"," ","0",0,"P"," ","0",0,"P"," ","0",0,"P"," ","0",0,"P"," ","0",0,"P"," ","0",0,"P"," ","0",0,"P"," ","0",0,"P"," ","0",0,"P"," ","0",0," "," ","0",0," "," ","0",0," "," ","0",0," "," ","0",0," "," ","0",0," "," ","0",0," "," ","0",0," "," ","0",0," "," ","0",0," "," ","0"
"2982","USC00359461",2010,8,"TMAX",261," "," ","0",261," "," ","0",306," "," ","0",317," "," ","0",294," "," ","0",317," "," ","0",306," "," ","0",289," "," ","0",261," "," ","0",250," "," ","0",261," "," ","0",278," "," ","0",333," "," ","0",350," "," ","0",367," "," ","0",322," "," ","0",372," "," ","0",322," "," ","0",294," "," ","0",278," "," ","0",278," "," ","0",256," "," ","0",250," "," ","0",283," "," ","0",367," "," ","0",389," "," ","0",256," "," ","0",239," "," ","0",239," "," ","0",217," "," ","0",167," "," ","0"
"2983","USC00359461",2010,8,"TMIN",117," "," ","0",128," "," ","0",128," "," ","0",128," "," ","0",122," "," ","0",133," "," ","0",128," "," ","0",128," "," ","0",156," "," ","0",156," "," ","0",156," "," ","0",122," "," ","0",122," "," ","0",133," "," ","0",133," "," ","0",133," "," ","0",139," "," ","0",128," "," ","0",117," "," ","0",128," "," ","0",122," "," ","0",117," "," ","0",94," "," ","0",94," "," ","0",106," "," ","0",133," "," ","0",100," "," ","0",100," "," ","0",94," "," ","0",94," "," ","0",111," "," ","0"
"2984","USC00359461",2010,8,"TOBS",128," "," ","0",133," "," ","0",139," "," ","0",139," "," ","0",133," "," ","0",150," "," ","0",139," "," ","0",161," "," ","0",156," "," ","0",156," "," ","0",178," "," ","0",128," "," ","0",139," "," ","0",161," "," ","0",144," "," ","0",144," "," ","0",172," "," ","0",144," "," ","0",128," "," ","0",128," "," ","0",122," "," ","0",133," "," ","0",94," "," ","0",106," "," ","0",133," "," ","0",144," "," ","0",100," "," ","0",144," "," ","0",106," "," ","0",111," "," ","0",133," "," ","0"
"2985","USC00359461",2010,8,"PRCP",0," "," ","0",0," "," ","0",0," "," ","0",0," "," ","0",0," "," ","0",0," "," ","0",0," "," ","0",0," "," ","0",0," "," ","0",0," "," ","0",0," "," ","0",0," "," ","0",0," "," ","0",0," "," ","0",0," "," ","0",0," "," ","0",0," "," ","0",0," "," ","0",0," "," ","0",0," "," ","0",0," "," ","0",0," "," ","0",0," "," ","0",0," "," ","0",0," "," ","0",0," "," ","0",0," "," ","0",0," "," ","0",0," "," ","0",13," "," ","0",38," "," ","0"
"2986","USC00359461",2010,8,"SNOW",0," "," ","0",0," "," ","0",0," "," ","0",0," "," ","0",0,"P"," ","0",0,"P"," ","0",0," "," ","0",0,"P"," ","0",0," "," ","0",0," "," ","0",0," "," ","0",0,"P"," ","0",0,"P"," ","0",0,"P"," ","0",0,"P"," ","0",0,"P"," ","0",0,"P"," ","0",0,"P"," ","0",0," "," ","0",0," "," ","0",0," "," ","0",0," "," ","0",0," "," ","0",0," "," ","0",0," "," ","0",0," "," ","0",0," "," ","0",0," "," ","0",0," "," ","0",0," "," ","0",0," "," ","0"
"2987","USC00359461",2010,8,"SNWD",0," "," ","0",0," "," ","0",0," "," ","0",0," "," ","0",0,"P"," ","0",0,"P"," ","0",0," "," ","0",0,"P"," ","0",0," "," ","0",0," "," ","0",0," "," ","0",0,"P"," ","0",0,"P"," ","0",0,"P"," ","0",0,"P"," ","0",0,"P"," ","0",0,"P"," ","0",0,"P"," ","0",0," "," ","0",0," "," ","0",0," "," ","0",0," "," ","0",0," "," ","0",0," "," ","0",0," "," ","0",0," "," ","0",0," "," ","0",0," "," ","0",0," "," ","0",0," "," ","0",0," "," ","0"
"2988","USC00359461",2010,8,"SN02",272," ","I","0",256," "," ","0",256," "," ","0",256," "," ","0",250," "," ","0",250," "," ","0",267," "," ","0",261," "," ","0",261," "," ","0",256," "," ","0",244," "," ","0",239," "," ","0",244," "," ","0",256," "," ","0",261," "," ","0",261," "," ","0",267," "," ","0",267," "," ","0",267," "," ","0",261," "," ","0",256," "," ","0",250," "," ","0",244," "," ","0",239," "," ","0",244," "," ","0",256," "," ","0",267," ","I","0",244," "," ","0",239," "," ","0",239," "," ","0",211," "," ","0"
"2989","USC00359461",2010,8,"SX02",256," "," ","0",261," "," ","0",261," "," ","0",261," "," ","0",256," "," ","0",261," "," ","0",267," "," ","0",261," "," ","0",261," "," ","0",261," "," ","0",250," "," ","0",250," "," ","0",256," "," ","0",267," "," ","0",267," "," ","0",267," "," ","0",272," "," ","0",272," "," ","0",267," "," ","0",267," "," ","0",261," "," ","0",256," "," ","0",250," "," ","0",244," "," ","0",256," "," ","0",267," "," ","0",256," "," ","0",256," "," ","0",244," "," ","0",244," "," ","0",233," "," ","0"
"2990","USC00359461",2010,9,"TMAX",267," "," ","0",244," "," ","0",300," "," ","0",328," "," ","0",228," "," ","0",217," "," ","0",256," "," ","0",206," "," ","0",189," "," ","0",200," "," ","0",239," "," ","0",256," "," ","0",300," "," ","0",261," "," ","0",289," "," ","0",256," "," ","0",272," "," ","0",239," "," ","0",200," "," ","0",211," "," ","0",194," "," ","0",200," "," ","0",217," "," ","0",222," "," ","0",272," "," ","0",294," "," ","0",300," "," ","0",306," "," ","0",283," "," ","0",228," "," ","0",NA," "," "," "
"2991","USC00359461",2010,9,"TMIN",133," "," ","0",128," "," ","0",144," "," ","0",111," "," ","0",89," "," ","0",78," "," ","0",67," "," ","0",117," "," ","0",122," "," ","0",122," "," ","0",78," "," ","0",72," "," ","0",56," "," ","0",106," "," ","0",106," "," ","0",128," "," ","0",144," "," ","0",144," "," ","0",144," "," ","0",139," "," ","0",106," "," ","0",78," "," ","0",78," "," ","0",89," "," ","0",100," "," ","0",106," "," ","0",117," "," ","0",139," "," ","0",144," "," ","0",128," "," ","0",NA," "," "," "
"2992","USC00359461",2010,9,"TOBS",161," "," ","0",144," "," ","0",144," "," ","0",117," "," ","0",89," "," ","0",78," "," ","0",122," "," ","0",122," "," ","0",133," "," ","0",150," "," ","0",78," "," ","0",89," "," ","0",111," "," ","0",117," "," ","0",128," "," ","0",150," "," ","0",144," "," ","0",156," "," ","0",156," "," ","0",139," "," ","0",117," "," ","0",78," "," ","0",89," "," ","0",106," "," ","0",106," "," ","0",117," "," ","0",139," "," ","0",144," "," ","0",161," "," ","0",144," "," ","0",NA," "," "," "
"2993","USC00359461",2010,9,"PRCP",0," "," ","0",0," "," ","0",0," "," ","0",0," "," ","0",0," "," ","0",0," "," ","0",0," "," ","0",74," "," ","0",10," "," ","0",8," "," ","0",0," "," ","0",0," "," ","0",0," "," ","0",0," "," ","0",0," "," ","0",0," "," ","0",0," "," ","0",66," "," ","0",216," "," ","0",18," "," ","0",8," "," ","0",0," "," ","0",0," "," ","0",0," "," ","0",0," "," ","0",0," "," ","0",0," "," ","0",0," "," ","0",0," "," ","0",0,"T"," ","0",NA," "," "," "
"2994","USC00359461",2010,9,"SNOW",0," "," ","0",0,"P"," ","0",0,"P"," ","0",0,"P"," ","0",0,"P"," ","0",0,"P"," ","0",0,"P"," ","0",0,"P"," ","0",0," "," ","0",0," "," ","0",0," "," ","0",0," "," ","0",0," "," ","0",0,"P"," ","0",0,"P"," ","0",0," "," ","0",0," "," ","0",0," "," ","0",0,"P"," ","0",0," "," ","0",0," "," ","0",0," "," ","0",0," "," ","0",0," "," ","0",0," "," ","0",0," "," ","0",0," "," ","0",0," "," ","0",0," "," ","0",0,"P"," ","0",NA," "," "," "
"2995","USC00359461",2010,9,"SNWD",0," "," ","0",0,"P"," ","0",0,"P"," ","0",0,"P"," ","0",0,"P"," ","0",0,"P"," ","0",0,"P"," ","0",0,"P"," ","0",0," "," ","0",0," "," ","0",0," "," ","0",0," "," ","0",0," "," ","0",0,"P"," ","0",0,"P"," ","0",0," "," ","0",0," "," ","0",0," "," ","0",0,"P"," ","0",0," "," ","0",0," "," ","0",0," "," ","0",0," "," ","0",0," "," ","0",0," "," ","0",0," "," ","0",0," "," ","0",0," "," ","0",0," "," ","0",0,"P"," ","0",NA," "," "," "
"2996","USC00359461",2010,10,"TMAX",289," "," ","0",200," "," ","0",194," "," ","0",183," "," ","0",183," "," ","0",183," "," ","0",267," "," ","0",228," "," ","0",256," "," ","0",239," "," ","0",167," "," ","0",178," "," ","0",183," "," ","0",250," "," ","0",239," "," ","0",178," "," ","0",172," "," ","0",178," "," ","0",189," "," ","0",217," "," ","0",267," "," ","0",189," "," ","0",183," "," ","0",178," "," ","0",139," "," ","0",128," "," ","0",128," "," ","0",128," "," ","0",122," "," ","0",139," "," ","0",128," "," ","0"
"2997","USC00359461",2010,10,"TMIN",133," "," ","0",139," "," ","0",106," "," ","0",111," "," ","0",78," "," ","0",61," "," ","0",61," "," ","0",106," "," ","0",111," "," ","0",128," "," ","0",78," "," ","0",56," "," ","0",61," "," ","0",61," "," ","0",61," "," ","0",67," "," ","0",61," "," ","0",28," "," ","0",28," "," ","0",28," "," ","0",33," "," ","0",56," "," ","0",89," "," ","0",78," "," ","0",67," "," ","0",50," "," ","0",17," "," ","0",11," "," ","0",78," "," ","0",83," "," ","0",89," "," ","0"
"2998","USC00359461",2010,10,"TOBS",144," "," ","0",150," "," ","0",128," "," ","0",111," "," ","0",89," "," ","0",61," "," ","0",111," "," ","0",122," "," ","0",144," "," ","0",139," "," ","0",100," "," ","0",72," "," ","0",72," "," ","0",61," "," ","0",122," "," ","0",67," "," ","0",83," "," ","0",28," "," ","0",28," "," ","0",39," "," ","0",56," "," ","0",111," "," ","0",100," "," ","0",128," "," ","0",72," "," ","0",50," "," ","0",22," "," ","0",83," "," ","0",89," "," ","0",94," "," ","0",89," "," ","0"
"2999","USC00359461",2010,10,"PRCP",0,"T"," ","0",0,"T"," ","0",0," "," ","0",0,"T"," ","0",0," "," ","0",0," "," ","0",0," "," ","0",0," "," ","0",23," "," ","0",0,"T"," ","0",48," "," ","0",0,"T"," ","0",0,"T"," ","0",0," "," ","0",0," "," ","0",0," "," ","0",0," "," ","0",0," "," ","0",0," "," ","0",0," "," ","0",0," "," ","0",23," "," ","0",10," "," ","0",305," "," ","0",102," "," ","0",178," "," ","0",8," "," ","0",23," "," ","0",97," "," ","0",5," "," ","0",43," "," ","0"
"3000","USC00359461",2010,10,"SNOW",0,"P"," ","0",0,"P"," ","0",0,"P"," ","0",0,"P"," ","0",0,"P"," ","0",0,"P"," ","0",0,"P"," ","0",0,"P"," ","0",0,"P"," ","0",0,"P"," ","0",0,"P"," ","0",0,"P"," ","0",0,"P"," ","0",0," "," ","0",0," "," ","0",0,"P"," ","0",0," "," ","0",0," "," ","0",0," "," ","0",0," "," ","0",0," "," ","0",0," "," ","0",0," "," ","0",0," "," ","0",0," "," ","0",0,"P"," ","0",0,"P"," ","0",0,"P"," ","0",0,"P"," ","0",0,"P"," ","0",0,"P"," ","0"
"3001","USC00359461",2010,10,"SNWD",0,"P"," ","0",0,"P"," ","0",0,"P"," ","0",0,"P"," ","0",0,"P"," ","0",0,"P"," ","0",0,"P"," ","0",0,"P"," ","0",0,"P"," ","0",0,"P"," ","0",0,"P"," ","0",0,"P"," ","0",0,"P"," ","0",0," "," ","0",0," "," ","0",0,"P"," ","0",0," "," ","0",0," "," ","0",0," "," ","0",0," "," ","0",0," "," ","0",0," "," ","0",0," "," ","0",0," "," ","0",0," "," ","0",0,"P"," ","0",0,"P"," ","0",0,"P"," ","0",0,"P"," ","0",0,"P"," ","0",0,"P"," ","0"
"3002","USC00359461",2010,11,"TMAX",167," "," ","0",222," "," ","0",217," "," ","0",233," "," ","0",178," "," ","0",167," "," ","0",194," "," ","0",133," "," ","0",122," "," ","0",100," "," ","0",100," "," ","0",150," "," ","0",128," "," ","0",100," "," ","0",117," "," ","0",139," "," ","0",122," "," ","0",128," "," ","0",100," "," ","0",106," "," ","0",67," "," ","0",83," "," ","0",61," "," ","0",22," "," ","0",78," "," ","0",78," "," ","0",122," "," ","0",78," "," ","0",83," "," ","0",78," "," ","0",NA," "," "," "
"3003","USC00359461",2010,11,"TMIN",83," "," ","0",128," "," ","0",117," "," ","0",94," "," ","0",94," "," ","0",100," "," ","0",89," "," ","0",56," "," ","0",22," "," ","0",44," "," ","0",28," "," ","0",28," "," ","0",28," "," ","0",50," "," ","0",89," "," ","0",78," "," ","0",33," "," ","0",33," "," ","0",28," "," ","0",22," "," ","0",22," "," ","0",28," "," ","0",-6," "," ","0",-11," "," ","0",-22," "," ","0",-22," "," ","0",22," "," ","0",17," "," ","0",6," "," ","0",6," "," ","0",NA," "," "," "
"3004","USC00359461",2010,11,"TOBS",128," "," ","0",139," "," ","0",133," "," ","0",106," "," ","0",117," "," ","0",122," "," ","0",94," "," ","0",61," "," ","0",50," "," ","0",72," "," ","0",28," "," ","0",50," "," ","0",50," "," ","0",89," "," ","0",106," "," ","0",78," "," ","0",33," "," ","0",61," "," ","0",28," "," ","0",28," "," ","0",39," "," ","0",33," "," ","0",-6," "," ","0",-11," "," ","0",-17," "," ","0",22," "," ","0",44," "," ","0",17," "," ","0",6," "," ","0",44," "," ","0",NA," "," "," "
"3005","USC00359461",2010,11,"PRCP",0,"T"," ","0",0," "," ","0",0,"T"," ","0",0,"T"," ","0",5," "," ","0",0," "," ","0",236," "," ","0",30," "," ","0",13," "," ","0",246," "," ","0",3," "," ","0",10," "," ","0",3," "," ","0",33," "," ","0",5," "," ","0",23," "," ","0",5," "," ","0",147," "," ","0",5," "," ","0",69," "," ","0",13," "," ","0",89," "," ","0",241," "," ","0",13," "," ","0",8," "," ","0",0,"T"," ","0",117," "," ","0",102," "," ","0",64," "," ","0",28," "," ","0",NA," "," "," "
"3006","USC00359461",2010,11,"SNOW",0,"P"," ","0",0,"P"," ","0",0,"P"," ","0",0,"P"," ","0",0,"P"," ","0",0,"P"," ","0",0,"P"," ","0",0,"P"," ","0",0,"P"," ","0",0,"P"," ","0",0," "," ","0",0," "," ","0",0," "," ","0",0," "," ","0",0," "," ","0",0," "," ","0",0," "," ","0",0," "," ","0",0," "," ","0",0," "," ","0",0," "," ","0",0,"P"," ","0",5," "," ","0",0," "," ","0",0,"P"," ","0",0,"P"," ","0",0,"P"," ","0",0,"P"," ","0",0,"P"," ","0",0,"P"," ","0",NA," "," "," "
"3007","USC00359461",2010,11,"SNWD",0,"P"," ","0",0,"P"," ","0",0,"P"," ","0",0,"P"," ","0",0,"P"," ","0",0,"P"," ","0",0,"P"," ","0",0,"P"," ","0",0,"P"," ","0",0,"P"," ","0",0," "," ","0",0," "," ","0",0," "," ","0",0," "," ","0",0," "," ","0",0," "," ","0",0," "," ","0",0," "," ","0",0," "," ","0",0," "," ","0",0," "," ","0",0,"P"," ","0",0," "," ","0",0," "," ","0",0,"P"," ","0",0,"P"," ","0",0,"P"," ","0",0,"P"," ","0",0,"P"," ","0",0,"P"," ","0",NA," "," "," "
"3008","USC00359461",2010,12,"TMAX",122," "," ","0",117," "," ","0",78," "," ","0",72," "," ","0",61," "," ","0",94," "," ","0",106," "," ","0",156," "," ","0",144," "," ","0",150," "," ","0",106," "," ","0",133," "," ","0",178," "," ","0",144," "," ","0",106," "," ","0",83," "," ","0",72," "," ","0",67," "," ","0",89," "," ","0",89," "," ","0",67," "," ","0",78," "," ","0",89," "," ","0",117," "," ","0",161," "," ","0",100," "," ","0",78," "," ","0",94," "," ","0",100," "," ","0",39," "," ","0",61," "," ","0"
"3009","USC00359461",2010,12,"TMIN",44," "," ","0",61," "," ","0",17," "," ","0",11," "," ","0",33," "," ","0",39," "," ","0",50," "," ","0",61," "," ","0",56," "," ","0",56," "," ","0",56," "," ","0",67," "," ","0",89," "," ","0",61," "," ","0",17," "," ","0",-6," "," ","0",-11," "," ","0",-11," "," ","0",39," "," ","0",22," "," ","0",6," "," ","0",6," "," ","0",-17," "," ","0",22," "," ","0",33," "," ","0",33," "," ","0",33," "," ","0",39," "," ","0",22," "," ","0",6," "," ","0",-22," "," ","0"
"3010","USC00359461",2010,12,"TOBS",72," "," ","0",67," "," ","0",28," "," ","0",39," "," ","0",44," "," ","0",56," "," ","0",67," "," ","0",83," "," ","0",61," "," ","0",72," "," ","0",67," "," ","0",100," "," ","0",100," "," ","0",61," "," ","0",17," "," ","0",6," "," ","0",-11," "," ","0",56," "," ","0",39," "," ","0",22," "," ","0",6," "," ","0",50," "," ","0",28," "," ","0",33," "," ","0",33," "," ","0",44," "," ","0",39," "," ","0",78," "," ","0",22," "," ","0",17," "," ","0",-17," "," ","0"
"3011","USC00359461",2010,12,"PRCP",137," "," ","0",46," "," ","0",15," "," ","0",18," "," ","0",3," "," ","0",30," "," ","0",3," "," ","0",36," "," ","0",8," "," ","0",76," "," ","0",132," "," ","0",20," "," ","0",124," "," ","0",99," "," ","0",58," "," ","0",0," "," ","0",0," "," ","0",69," "," ","0",224," "," ","0",132," "," ","0",43," "," ","0",13," "," ","0",0,"T"," ","0",0," "," ","0",0," "," ","0",104," "," ","0",74," "," ","0",69," "," ","0",323," "," ","0",112," "," ","0",0," "," ","0"
"3012","USC00359461",2010,12,"SNOW",0,"P"," ","0",0,"P"," ","0",0,"P"," ","0",0,"P"," ","0",0,"P"," ","0",0,"P"," ","0",0,"P"," ","0",0,"P"," ","0",0," "," ","0",0," "," ","0",0," "," ","0",0," "," ","0",0," "," ","0",0," "," ","0",0," "," ","0",0," "," ","0",0,"P"," ","0",0," "," ","0",0," "," ","0",0," "," ","0",0," "," ","0",0," "," ","0",0,"P"," ","0",0,"P"," ","0",0,"P"," ","0",0,"P"," ","0",0,"P"," ","0",0,"P"," ","0",0,"P"," ","0",0,"P"," ","0",0,"P"," ","0"
"3013","USC00359461",2010,12,"SNWD",0,"P"," ","0",0,"P"," ","0",0,"P"," ","0",0,"P"," ","0",0,"P"," ","0",0,"P"," ","0",0,"P"," ","0",0,"P"," ","0",0," "," ","0",0," "," ","0",0," "," ","0",0," "," ","0",0," "," ","0",0," "," ","0",0," "," ","0",0," "," ","0",0,"P"," ","0",0," "," ","0",0," "," ","0",0," "," ","0",0," "," ","0",0," "," ","0",0,"P"," ","0",0,"P"," ","0",0,"P"," ","0",0,"P"," ","0",0,"P"," ","0",0,"P"," ","0",0,"P"," ","0",0,"P"," ","0",0,"P"," ","0"
"3014","USC00359461",2011,1,"TMAX",39," "," ","7",56," "," ","7",44," "," ","7",33," "," ","7",56," "," ","7",78," "," ","7",50," "," ","7",72," "," ","7",78," "," ","7",56," "," ","7",56," "," ","7",83," "," ","7",144," "," ","7",139," "," ","7",122," "," ","7",128," "," ","7",144," "," ","7",128," "," ","7",111," "," ","7",128," "," ","7",83," "," ","7",83," "," ","7",111," "," ","7",122," "," ","7",172," "," ","7",117," "," ","7",111," "," ","7",161," "," ","7",144," "," ","7",122," "," ","7",128," "," ","7"
"3015","USC00359461",2011,1,"TMIN",-22," "," ","7",0," "," ","7",11," "," ","7",11," "," ","7",11," "," ","7",11," "," ","7",6," "," ","7",6," "," ","7",6," "," ","7",-11," "," ","7",-17," "," ","7",-6," "," ","7",67," "," ","7",78," "," ","7",78," "," ","7",78," "," ","7",78," "," ","7",61," "," ","7",56," "," ","7",39," "," ","7",17," "," ","7",39," "," ","7",44," "," ","7",39," "," ","7",0," "," ","7",-6," "," ","7",-6," "," ","7",0," "," ","7",17," "," ","7",17," "," ","7",6," "," ","7"
"3016","USC00359461",2011,1,"TOBS",6," "," ","7",22," "," ","7",17," "," ","7",17," "," ","7",39," "," ","7",17," "," ","7",6," "," ","7",44," "," ","7",11," "," ","7",0," "," ","7",-6," "," ","7",67," "," ","7",83," "," ","7",78," "," ","7",78," "," ","7",89," "," ","7",111," "," ","7",72," "," ","7",56," "," ","7",39," "," ","7",39," "," ","7",56," "," ","7",50," "," ","7",44," "," ","7",0," "," ","7",-6," "," ","7",6," "," ","7",22," "," ","7",33," "," ","7",39," "," ","7",17," "," ","7"
"3017","USC00359461",2011,1,"PRCP",15," "," ","7",3," "," ","7",0,"T"," ","7",0," "," ","7",0," "," ","7",3," "," ","7",0," "," ","7",18," "," ","7",3," "," ","7",0," "," ","7",0," "," ","7",8," "," ","7",71," "," ","7",46," "," ","7",0," "," ","7",259," "," ","7",119," "," ","7",0," "," ","7",13," "," ","7",0,"T"," ","7",0,"T"," ","7",3," "," ","7",0,"T"," ","7",0,"T"," ","7",0," "," ","7",0,"T"," ","7",0,"T"," ","7",0,"T"," ","7",0,"T"," ","7",0,"T"," ","7",0,"T"," ","7"
"3018","USC00359461",2011,1,"SNOW",18," "," ","7",NA," "," "," ",NA," "," "," ",NA," "," "," ",NA," "," "," ",0," "," ","7",0," "," ","7",0," "," ","7",0," "," ","7",0," "," ","7",NA," "," "," ",0," "," ","7",0," "," ","7",0," "," ","7",0," "," ","7",0," "," ","7",0," "," ","7",0," "," ","7",0," "," ","7",NA," "," "," ",NA," "," "," ",NA," "," "," ",NA," "," "," ",NA," "," "," ",NA," "," "," ",NA," "," "," ",NA," "," "," ",NA," "," "," ",NA," "," "," ",NA," "," "," ",NA," "," "," "
"3019","USC00359461",2011,1,"SNWD",NA," "," "," ",NA," "," "," ",NA," "," "," ",NA," "," "," ",NA," "," "," ",0," "," ","7",0," "," ","7",0," "," ","7",0," "," ","7",0," "," ","7",NA," "," "," ",0," "," ","7",0," "," ","7",0," "," ","7",0," "," ","7",0," "," ","7",0," "," ","7",0," "," ","7",0," "," ","7",NA," "," "," ",NA," "," "," ",NA," "," "," ",NA," "," "," ",NA," "," "," ",NA," "," "," ",NA," "," "," ",NA," "," "," ",NA," "," "," ",NA," "," "," ",NA," "," "," ",NA," "," "," "
"3020","USC00359461",2011,1,"SN32",17," "," ","7",11," "," ","7",17," "," ","7",17," "," ","7",17," "," ","7",22," "," ","7",17," "," ","7",22," "," ","7",22," "," ","7",22," "," ","7",22," "," ","7",17," "," ","7",22," "," ","7",33," "," ","7",44," "," ","7",44," "," ","7",44," "," ","7",72," ","I","7",67," "," ","7",50," "," ","7",50," "," ","7",50," "," ","7",50," "," ","7",50," "," ","7",50," "," ","7",39," "," ","7",39," "," ","7",39," "," ","7",39," "," ","7",39," "," ","7",44," "," ","7"
"3021","USC00359461",2011,1,"SX32",22," "," ","7",11," "," ","7",17," "," ","7",17," "," ","7",17," "," ","7",22," "," ","7",22," "," ","7",22," "," ","7",28," "," ","7",22," "," ","7",22," "," ","7",22," "," ","7",33," "," ","7",44," "," ","7",44," "," ","7",50," "," ","7",61," ","I","7",72," "," ","7",72," "," ","7",67," "," ","7",50," "," ","7",50," "," ","7",50," "," ","7",50," "," ","7",50," "," ","7",50," "," ","7",39," "," ","7",39," "," ","7",44," "," ","7",44," "," ","7",44," "," ","7"
"3022","USC00359461",2011,2,"TMAX",122," "," ","7",111," "," ","7",106," "," ","7",144," "," ","7",150," "," ","7",150," "," ","7",156," "," ","7",94," "," ","7",89," "," ","7",100," "," ","7",94," "," ","7",122," "," ","7",172," "," ","7",144," "," ","7",133," "," ","7",72," "," ","7",83," "," ","7",67," "," ","7",83," "," ","7",56," "," ","7",83," "," ","7",111," "," ","7",100," "," ","7",78," "," ","7",50," "," ","7",22," "," ","7",22," "," ","7",111," "," ","7",NA," "," "," ",NA," "," "," ",NA," "," "," "
"3023","USC00359461",2011,2,"TMIN",17," "," ","7",-28," "," ","7",-28," "," ","7",-6," "," ","7",6," "," ","7",39," "," ","7",56," "," ","7",39," "," ","7",-6," "," ","7",0," "," ","7",0," "," ","7",6," "," ","7",17," "," ","7",50," "," ","7",6," "," ","7",11," "," ","7",0," "," ","7",0," "," ","7",0," "," ","7",22," "," ","7",11," "," ","7",6," "," ","7",11," "," ","7",-6," "," ","7",-6," "," ","7",-72," "," ","7",-72," "," ","7",-33," "," ","7",NA," "," "," ",NA," "," "," ",NA," "," "," "
"3024","USC00359461",2011,2,"TOBS",61," "," ","7",-28," "," ","7",-6," "," ","7",6," "," ","7",83," "," ","7",56," "," ","7",67," "," ","7",44," "," ","7",11," "," ","7",0," "," ","7",6," "," ","7",17," "," ","7",67," "," ","7",50," "," ","7",11," "," ","7",22," "," ","7",0," "," ","7",0," "," ","7",22," "," ","7",22," "," ","7",11," "," ","7",11," "," ","7",17," "," ","7",-6," "," ","7",-6," "," ","7",-72," "," ","7",11," "," ","7",78," "," ","7",NA," "," "," ",NA," "," "," ",NA," "," "," "
"3025","USC00359461",2011,2,"PRCP",0,"T"," ","7",0,"T"," ","7",0," "," ","7",3," "," ","7",0," "," ","7",0," "," ","7",5," "," ","7",8," "," ","7",5," "," ","7",0," "," ","7",0," "," ","7",0," "," ","7",0," "," ","7",0," "," ","7",571," "," ","7",135," "," ","7",99," "," ","7",33," "," ","7",13," "," ","7",5," "," ","7",13," "," ","7",0,"T"," ","7",10," "," ","7",86," "," ","7",43," "," ","7",0," "," ","7",0," "," ","7",0," "," ","7",NA," "," "," ",NA," "," "," ",NA," "," "," "
"3026","USC00359461",2011,2,"SNOW",NA," "," "," ",NA," "," "," ",0," "," ","7",0," "," ","7",0," "," ","7",0," "," ","7",0," "," ","7",0," "," ","7",0," "," ","7",0," "," ","7",0," "," ","7",0," "," ","7",0," "," ","7",0," "," ","7",0," "," ","7",0," "," ","7",13," "," ","7",5," "," ","7",NA," "," "," ",NA," "," "," ",NA," "," "," ",NA," "," "," ",NA," "," "," ",5," "," ","7",0," "," ","7",0," "," ","7",0," "," ","7",NA," "," "," ",NA," "," "," ",NA," "," "," ",NA," "," "," "
"3027","USC00359461",2011,2,"SNWD",NA," "," "," ",NA," "," "," ",0," "," ","7",0," "," ","7",0," "," ","7",0," "," ","7",0," "," ","7",0," "," ","7",0," "," ","7",0," "," ","7",0," "," ","7",0," "," ","7",0," "," ","7",0," "," ","7",0," "," ","7",0," "," ","7",NA," "," "," ",0," "," ","7",NA," "," "," ",NA," "," "," ",NA," "," "," ",NA," "," "," ",NA," "," "," ",25," "," ","7",0," "," ","7",0," "," ","7",0," "," ","7",NA," "," "," ",NA," "," "," ",NA," "," "," ",NA," "," "," "
"3028","USC00359461",2011,2,"SN32",44," "," ","7",44," "," ","7",39," "," ","7",39," "," ","7",39," "," ","7",50," "," ","7",56," "," ","7",61," "," ","7",56," ","I","7",44," "," ","7",44," "," ","7",44," "," ","7",44," "," ","7",39," "," ","7",50," ","I","7",39," "," ","7",33," "," ","7",33," "," ","7",33," "," ","7",33," "," ","7",33," "," ","7",33," "," ","7",39," "," ","7",39," "," ","7",33," ","I","7",22," "," ","7",17," "," ","7",17," "," ","7",NA," "," "," ",NA," "," "," ",NA," "," "," "
"3029","USC00359461",2011,2,"SX32",44," "," ","7",44," "," ","7",39," "," ","7",44," "," ","7",44," "," ","7",56," "," ","7",61," "," ","7",61," "," ","7",61," "," ","7",44," ","I","7",44," "," ","7",44," "," ","7",44," "," ","7",44," "," ","7",39," ","I","7",44," "," ","7",56," "," ","7",39," "," ","7",33," "," ","7",33," "," ","7",33," "," ","7",39," "," ","7",39," "," ","7",39," "," ","7",33," "," ","7",22," ","I","7",17," "," ","7",22," "," ","7",NA," "," "," ",NA," "," "," ",NA," "," "," "
"3030","USC00359461",2011,3,"TMAX",111," "," ","7",167," "," ","7",111," "," ","7",117," "," ","7",156," "," ","7",100," "," ","7",117," "," ","7",100," "," ","7",122," "," ","7",161," "," ","7",111," "," ","7",156," "," ","7",144," "," ","7",172," "," ","7",133," "," ","7",117," "," ","7",44," "," ","7",128," "," ","7",111," "," ","7",128," "," ","7",117," "," ","7",117," "," ","7",156," "," ","7",133," "," ","7",133," "," ","7",128," "," ","7",111," "," ","7",106," "," ","7",144," "," ","7",117," "," ","7",211," "," ","7"
"3031","USC00359461",2011,3,"TMIN",44," "," ","7",44," "," ","7",11," "," ","7",28," "," ","7",44," "," ","7",61," "," ","7",28," "," ","7",33," "," ","7",61," "," ","7",78," "," ","7",28," "," ","7",33," "," ","7",44," "," ","7",44," "," ","7",44," "," ","7",44," "," ","7",11," "," ","7",22," "," ","7",22," "," ","7",28," "," ","7",28," "," ","7",0," "," ","7",6," "," ","7",33," "," ","7",50," "," ","7",50," "," ","7",50," "," ","7",44," "," ","7",39," "," ","7",67," "," ","7",78," "," ","7"
"3032","USC00359461",2011,3,"TOBS",56," "," ","7",89," "," ","7",28," "," ","7",44," "," ","7",61," "," ","7",67," "," ","7",33," "," ","7",61," "," ","7",78," "," ","7",89," "," ","7",39," "," ","7",44," "," ","7",72," "," ","7",50," "," ","7",83," "," ","7",44," "," ","7",28," "," ","7",50," "," ","7",28," "," ","7",39," "," ","7",56," "," ","7",6," "," ","7",39," "," ","7",61," "," ","7",56," "," ","7",61," "," ","7",61," "," ","7",50," "," ","7",72," "," ","7",94," "," ","7",89," "," ","7"
"3033","USC00359461",2011,3,"PRCP",41," "," ","7",18," "," ","7",38," "," ","7",13," "," ","7",208," "," ","7",30," "," ","7",3," "," ","7",43," "," ","7",81," "," ","7",114," "," ","7",51," "," ","7",0," "," ","7",0," "," ","7",102," "," ","7",117," "," ","7",188," "," ","7",178," "," ","7",20," "," ","7",23," "," ","7",13," "," ","7",28," "," ","7",5," "," ","7",0," "," ","7",3," "," ","7",30," "," ","7",51," "," ","7",33," "," ","7",97," "," ","7",91," "," ","7",81," "," ","7",0," "," ","7"
"3034","USC00359461",2011,3,"SNOW",NA," "," "," ",NA," "," "," ",0," "," ","7",0," "," ","7",0," "," ","7",0," "," ","7",0," "," ","7",0," "," ","7",0," "," ","7",0," "," ","7",0," "," ","7",0," "," ","7",0," "," ","7",0," "," ","7",0," "," ","7",0," "," ","7",NA," "," "," ",NA," "," "," ",NA," "," "," ",NA," "," "," ",NA," "," "," ",NA," "," "," ",NA," "," "," ",NA," "," "," ",NA," "," "," ",NA," "," "," ",NA," "," "," ",NA," "," "," ",NA," "," "," ",NA," "," "," ",0," "," ","7"
"3035","USC00359461",2011,3,"SNWD",NA," "," "," ",NA," "," "," ",0," "," ","7",0," "," ","7",0," "," ","7",0," "," ","7",0," "," ","7",0," "," ","7",0," "," ","7",0," "," ","7",0," "," ","7",0," "," ","7",0," "," ","7",0," "," ","7",0," "," ","7",0," "," ","7",NA," "," "," ",NA," "," "," ",NA," "," "," ",NA," "," "," ",NA," "," "," ",NA," "," "," ",NA," "," "," ",NA," "," "," ",NA," "," "," ",NA," "," "," ",NA," "," "," ",NA," "," "," ",NA," "," "," ",NA," "," "," ",0," "," ","7"
"3036","USC00359461",2011,3,"SN32",28," "," ","7",89," ","I","7",44," "," ","7",44," "," ","7",50," "," ","7",56," "," ","7",56," "," ","7",56," "," ","7",50," "," ","7",56," "," ","7",50," "," ","7",61," "," ","7",56," "," ","7",50," "," ","7",56," "," ","7",56," "," ","7",56," "," ","7",50," "," ","7",56," "," ","7",56," "," ","7",61," "," ","7",61," "," ","7",61," "," ","7",61," "," ","7",67," "," ","7",67," "," ","7",67," "," ","7",67," "," ","7",67," "," ","7",72," "," ","7",72," "," ","7"
"3037","USC00359461",2011,3,"SX32",28," "," ","7",44," "," ","7",44," "," ","7",50," "," ","7",56," "," ","7",56," "," ","7",61," "," ","7",56," "," ","7",61," "," ","7",56," "," ","7",56," "," ","7",67," "," ","7",61," "," ","7",56," "," ","7",61," "," ","7",56," "," ","7",56," "," ","7",56," "," ","7",56," "," ","7",61," "," ","7",61," "," ","7",67," "," ","7",72," "," ","7",67," "," ","7",67," "," ","7",67," "," ","7",67," "," ","7",67," "," ","7",72," "," ","7",72," "," ","7",94," "," ","7"
"3038","USC00359461",2011,4,"TMAX",211," "," ","7",211," "," ","7",100," "," ","7",139," "," ","7",161," "," ","7",144," "," ","7",72," "," ","7",72," "," ","7",133," "," ","7",150," "," ","7",172," "," ","7",117," "," ","7",133," "," ","7",144," "," ","7",144," "," ","7",144," "," ","7",150," "," ","7",122," "," ","7",139," "," ","7",161," "," ","7",139," "," ","7",133," "," ","7",178," "," ","7",189," "," ","7",167," "," ","7",128," "," ","7",139," "," ","7",167," "," ","7",117," "," ","7",133," "," ","7",NA," "," "," "
"3039","USC00359461",2011,4,"TMIN",89," "," ","7",56," "," ","7",6," "," ","7",6," "," ","7",67," "," ","7",44," "," ","7",11," "," ","7",11," "," ","7",22," "," ","7",39," "," ","7",56," "," ","7",0," "," ","7",0," "," ","7",-6," "," ","7",50," "," ","7",67," "," ","7",50," "," ","7",44," "," ","7",0," "," ","7",6," "," ","7",28," "," ","7",0," "," ","7",0," "," ","7",28," "," ","7",72," "," ","7",56," "," ","7",56," "," ","7",56," "," ","7",39," "," ","7",44," "," ","7",NA," "," "," "
"3040","USC00359461",2011,4,"TOBS",100," "," ","7",56," "," ","7",11," "," ","7",78," "," ","7",67," "," ","7",61," "," ","7",11," "," ","7",28," "," ","7",39," "," ","7",72," "," ","7",56," "," ","7",0," "," ","7",61," "," ","7",50," "," ","7",72," "," ","7",100," "," ","7",50," "," ","7",44," "," ","7",6," "," ","7",56," "," ","7",33," "," ","7",6," "," ","7",28," "," ","7",78," "," ","7",122," "," ","7",61," "," ","7",72," "," ","7",56," "," ","7",50," "," ","7",50," "," ","7",NA," "," "," "
"3041","USC00359461",2011,4,"PRCP",0," "," ","7",15," "," ","7",20," "," ","7",3," "," ","7",150," "," ","7",5," "," ","7",196," "," ","7",15," "," ","7",0," "," ","7",0," "," ","7",8," "," ","7",0," "," ","7",8," "," ","7",66," "," ","7",51," "," ","7",41," "," ","7",168," "," ","7",25," "," ","7",0,"T"," ","7",0," "," ","7",25," "," ","7",3," "," ","7",0," "," ","7",28," "," ","7",20," "," ","7",89," "," ","7",23," "," ","7",30," "," ","7",38," "," ","7",61," "," ","7",NA," "," "," "
"3042","USC00359461",2011,4,"SNOW",0," "," ","7",0," "," ","7",0," "," ","7",0," "," ","7",0," "," ","7",0," "," ","7",NA," "," "," ",0," "," ","7",0," "," ","7",0," "," ","7",0," "," ","7",0," "," ","7",NA," "," "," ",NA," "," "," ",NA," "," "," ",NA," "," "," ",NA," "," "," ",NA," "," "," ",NA," "," "," ",NA," "," "," ",NA," "," "," ",NA," "," "," ",NA," "," "," ",NA," "," "," ",NA," "," "," ",NA," "," "," ",NA," "," "," ",0," "," ","7",0," "," ","7",0," "," ","7",NA," "," "," "
"3043","USC00359461",2011,4,"SNWD",0," "," ","7",0," "," ","7",0," "," ","7",0," "," ","7",0," "," ","7",0," "," ","7",NA," "," "," ",0," "," ","7",0," "," ","7",0," "," ","7",0," "," ","7",0," "," ","7",NA," "," "," ",NA," "," "," ",NA," "," "," ",NA," "," "," ",NA," "," "," ",NA," "," "," ",NA," "," "," ",NA," "," "," ",NA," "," "," ",NA," "," "," ",NA," "," "," ",NA," "," "," ",NA," "," "," ",NA," "," "," ",NA," "," "," ",0," "," ","7",0," "," ","7",0," "," ","7",NA," "," "," "
"3044","USC00359461",2011,4,"SN32",94," "," ","7",106," "," ","7",94," "," ","7",89," "," ","7",94," "," ","7",94," "," ","7",83," ","I","7",72," ","I","7",56," "," ","7",61," "," ","7",83," ","I","7",78," "," ","7",72," "," ","7",83," "," ","7",89," "," ","7",89," "," ","7",89," "," ","7",89," "," ","7",89," "," ","7",89," "," ","7",94," "," ","7",94," "," ","7",94," "," ","7",100," "," ","7",111," "," ","7",100," "," ","7",100," "," ","7",94," "," ","7",100," "," ","7",94," "," ","7",NA," "," "," "
"3045","USC00359461",2011,4,"SX32",106," "," ","7",111," "," ","7",111," "," ","7",100," "," ","7",94," "," ","7",94," "," ","7",94," "," ","7",72," ","I","7",61," ","I","7",72," "," ","7",67," ","I","7",78," "," ","7",83," "," ","7",94," "," ","7",89," "," ","7",89," "," ","7",89," "," ","7",89," "," ","7",100," "," ","7",100," "," ","7",100," "," ","7",94," "," ","7",106," "," ","7",106," "," ","7",111," "," ","7",106," "," ","7",100," "," ","7",106," "," ","7",106," "," ","7",100," "," ","7",NA," "," "," "
"3046","USC00359461",2011,5,"TMAX",144," "," ","7",217," "," ","7",167," "," ","7",172," "," ","7",250," "," ","7",239," "," ","7",150," "," ","7",144," "," ","7",139," "," ","7",161," "," ","7",228," "," ","7",183," "," ","7",189," "," ","7",211," "," ","7",133," "," ","7",128," "," ","7",189," "," ","7",189," "," ","7",189," "," ","7",233," "," ","7",244," "," ","7",194," "," ","7",167," "," ","7",167," "," ","7",233," "," ","7",161," "," ","7",156," "," ","7",156," "," ","7",139," "," ","7",150," "," ","7",194," "," ","7"
"3047","USC00359461",2011,5,"TMIN",17," "," ","7",22," "," ","7",33," "," ","7",33," "," ","7",44," "," ","7",72," "," ","7",100," "," ","7",78," "," ","7",78," "," ","7",56," "," ","7",67," "," ","7",67," "," ","7",50," "," ","7",61," "," ","7",72," "," ","7",67," "," ","7",67," "," ","7",67," "," ","7",39," "," ","7",44," "," ","7",44," "," ","7",94," "," ","7",83," "," ","7",72," "," ","7",72," "," ","7",61," "," ","7",72," "," ","7",67," "," ","7",72," "," ","7",72," "," ","7",78," "," ","7"
"3048","USC00359461",2011,5,"TOBS",22," "," ","7",83," "," ","7",50," "," ","7",44," "," ","7",78," "," ","7",111," "," ","7",100," "," ","7",78," "," ","7",78," "," ","7",67," "," ","7",106," "," ","7",67," "," ","7",61," "," ","7",94," "," ","7",78," "," ","7",67," "," ","7",67," "," ","7",83," "," ","7",44," "," ","7",56," "," ","7",106," "," ","7",106," "," ","7",94," "," ","7",83," "," ","7",100," "," ","7",72," "," ","7",83," "," ","7",72," "," ","7",72," "," ","7",89," "," ","7",78," "," ","7"
"3049","USC00359461",2011,5,"PRCP",0," "," ","7",0," "," ","7",20," "," ","7",0," "," ","7",0," "," ","7",0," "," ","7",25," "," ","7",13," "," ","7",56," "," ","7",10," "," ","7",0," "," ","7",76," "," ","7",0,"T"," ","7",0," "," ","7",0," "," ","7",33," "," ","7",145," "," ","7",46," "," ","7",0," "," ","7",0," "," ","7",0,"T"," ","7",0," "," ","7",0," "," ","7",33," "," ","7",135," "," ","7",23," "," ","7",38," "," ","7",56," "," ","7",79," "," ","7",15," "," ","7",109," "," ","7"
"3050","USC00359461",2011,5,"SNOW",0," "," ","7",0," "," ","7",0," "," ","7",0," "," ","7",0," "," ","7",0," "," ","7",0," "," ","7",0," "," ","7",0," "," ","7",NA," "," "," ",NA," "," "," ",NA," "," "," ",NA," "," "," ",NA," "," "," ",NA," "," "," ",NA," "," "," ",NA," "," "," ",NA," "," "," ",NA," "," "," ",NA," "," "," ",NA," "," "," ",NA," "," "," ",NA," "," "," ",NA," "," "," ",NA," "," "," ",0," "," ","7",0," "," ","7",0," "," ","7",0," "," ","7",0," "," ","7",0," "," ","7"
"3051","USC00359461",2011,5,"SNWD",0," "," ","7",0," "," ","7",0," "," ","7",0," "," ","7",0," "," ","7",0," "," ","7",0," "," ","7",0," "," ","7",0," "," ","7",NA," "," "," ",NA," "," "," ",NA," "," "," ",NA," "," "," ",NA," "," "," ",NA," "," "," ",NA," "," "," ",NA," "," "," ",NA," "," "," ",NA," "," "," ",NA," "," "," ",NA," "," "," ",NA," "," "," ",NA," "," "," ",NA," "," "," ",NA," "," "," ",0," "," ","7",0," "," ","7",0," "," ","7",0," "," ","7",0," "," ","7",0," "," ","7"
"3052","USC00359461",2011,5,"SN32",94," "," ","7",94," "," ","7",106," "," ","7",106," "," ","7",106," "," ","7",100," "," ","7",94," "," ","7",94," "," ","7",94," "," ","7",89," "," ","7",100," "," ","7",128," ","I","7",122," "," ","7",128," "," ","7",122," "," ","7",111," "," ","7",111," "," ","7",122," "," ","7",128," "," ","7",122," "," ","7",133," "," ","7",144," "," ","7",144," "," ","7",139," "," ","7",133," "," ","7",139," "," ","7",133," "," ","7",128," "," ","7",122," "," ","7",122," "," ","7",122," "," ","7"
"3053","USC00359461",2011,5,"SX32",100," "," ","7",117," "," ","7",111," "," ","7",111," "," ","7",111," "," ","7",117," "," ","7",106," "," ","7",106," "," ","7",100," "," ","7",106," "," ","7",117," ","I","7",139," "," ","7",139," "," ","7",139," "," ","7",139," "," ","7",122," "," ","7",128," "," ","7",122," "," ","7",128," "," ","7",139," "," ","7",144," "," ","7",144," "," ","7",144," "," ","7",139," "," ","7",150," "," ","7",144," "," ","7",139," "," ","7",139," "," ","7",128," "," ","7",122," "," ","7",128," "," ","7"
"3054","USC00359461",2011,6,"TMAX",167," "," ","7",117," "," ","7",178," "," ","7",233," "," ","7",228," "," ","7",244," "," ","7",200," "," ","7",200," "," ","7",250," "," ","7",261," "," ","7",200," "," ","7",228," "," ","7",244," "," ","7",239," "," ","7",228," "," ","7",206," "," ","7",228," "," ","7",267," "," ","7",189," "," ","7",256," "," ","7",267," "," ","7",306," "," ","7",239," "," ","7",217," "," ","7",217," "," ","7",261," "," ","7",289," "," ","7",283," "," ","7",217," "," ","7",222," "," ","7",NA," "," "," "
"3055","USC00359461",2011,6,"TMIN",78," "," ","7",83," "," ","7",83," "," ","7",72," "," ","7",122," "," ","7",122," "," ","7",122," "," ","7",78," "," ","7",61," "," ","7",106," "," ","7",117," "," ","7",78," "," ","7",100," "," ","7",117," "," ","7",106," "," ","7",83," "," ","7",72," "," ","7",94," "," ","7",111," "," ","7",100," "," ","7",106," "," ","7",122," "," ","7",122," "," ","7",89," "," ","7",83," "," ","7",89," "," ","7",106," "," ","7",133," "," ","7",83," "," ","7",122," "," ","7",NA," "," "," "
"3056","USC00359461",2011,6,"TOBS",83," "," ","7",83," "," ","7",83," "," ","7",122," "," ","7",133," "," ","7",133," "," ","7",122," "," ","7",94," "," ","7",106," "," ","7",117," "," ","7",117," "," ","7",100," "," ","7",133," "," ","7",117," "," ","7",111," "," ","7",106," "," ","7",106," "," ","7",117," "," ","7",128," "," ","7",111," "," ","7",128," "," ","7",144," "," ","7",122," "," ","7",117," "," ","7",111," "," ","7",111," "," ","7",133," "," ","7",144," "," ","7",144," "," ","7",133," "," ","7",NA," "," "," "
"3057","USC00359461",2011,6,"PRCP",76," "," ","7",94," "," ","7",20," "," ","7",0," "," ","7",0," "," ","7",0," "," ","7",0," "," ","7",0," "," ","7",0," "," ","7",0," "," ","7",0," "," ","7",0," "," ","7",61," "," ","7",0,"T"," ","7",0," "," ","7",0," "," ","7",0," "," ","7",0," "," ","7",0,"T"," ","7",0," "," ","7",0," "," ","7",0," "," ","7",0," "," ","7",0," "," ","7",0," "," ","7",0," "," ","7",0," "," ","7",132," "," ","7",8," "," ","7",0," "," ","7",NA," "," "," "
"3058","USC00359461",2011,6,"SNOW",0," "," ","7",0," "," ","7",0," "," ","7",0," "," ","7",0," "," ","7",0," "," ","7",0," "," ","7",0," "," ","7",NA," "," "," ",NA," "," "," ",NA," "," "," ",NA," "," "," ",NA," "," "," ",NA," "," "," ",NA," "," "," ",NA," "," "," ",NA," "," "," ",NA," "," "," ",NA," "," "," ",NA," "," "," ",NA," "," "," ",NA," "," "," ",0," "," ","7",0," "," ","7",0," "," ","7",NA," "," "," ",0," "," ","7",0," "," ","7",0," "," ","7",0," "," ","7",NA," "," "," "
"3059","USC00359461",2011,6,"SNWD",0," "," ","7",0," "," ","7",0," "," ","7",0," "," ","7",0," "," ","7",0," "," ","7",0," "," ","7",0," "," ","7",NA," "," "," ",NA," "," "," ",NA," "," "," ",NA," "," "," ",NA," "," "," ",NA," "," "," ",NA," "," "," ",NA," "," "," ",NA," "," "," ",NA," "," "," ",NA," "," "," ",NA," "," "," ",NA," "," "," ",NA," "," "," ",0," "," ","7",0," "," ","7",0," "," ","7",NA," "," "," ",0," "," ","7",0," "," ","7",0," "," ","7",0," "," ","7",NA," "," "," "
"3060","USC00359461",2011,6,"SN32",128," "," ","7",128," "," ","7",117," "," ","7",128," "," ","7",133," "," ","7",133," "," ","7",133," "," ","7",128," "," ","7",111," "," ","7",156," "," ","7",167," "," ","7",161," "," ","7",167," "," ","7",167," "," ","7",172," "," ","7",172," "," ","7",172," "," ","7",178," "," ","7",183," "," ","7",178," "," ","7",189," "," ","7",200," "," ","7",206," "," ","7",206," "," ","7",200," "," ","7",206," "," ","7",200," "," ","7",200," "," ","7",206," "," ","7",194," "," ","7",NA," "," "," "
"3061","USC00359461",2011,6,"SX32",128," "," ","7",128," "," ","7",133," "," ","7",139," "," ","7",144," "," ","7",144," "," ","7",139," "," ","7",133," "," ","7",156," "," ","7",172," "," ","7",167," "," ","7",167," "," ","7",167," "," ","7",172," "," ","7",172," "," ","7",172," "," ","7",178," "," ","7",189," "," ","7",189," "," ","7",194," "," ","7",200," "," ","7",211," "," ","7",211," "," ","7",217," "," ","7",206," "," ","7",211," "," ","7",211," "," ","7",217," "," ","7",222," "," ","7",206," "," ","7",NA," "," "," "
"3062","USC00359461",2011,7,"TMAX",217," "," ","7",261," "," ","7",278," "," ","7",256," "," ","7",278," "," ","7",283," "," ","7",311," "," ","7",256," "," ","7",250," "," ","7",283," "," ","7",283," "," ","7",250," "," ","7",200," "," ","7",250," "," ","7",267," "," ","7",272," "," ","7",228," "," ","7",200," "," ","7",239," "," ","7",217," "," ","7",250," "," ","7",239," "," ","7",256," "," ","7",300," "," ","7",317," "," ","7",256," "," ","7",261," "," ","7",250," "," ","7",278," "," ","7",294," "," ","7",294," "," ","7"
"3063","USC00359461",2011,7,"TMIN",94," "," ","7",111," "," ","7",122," "," ","7",117," "," ","7",122," "," ","7",128," "," ","7",89," "," ","7",111," "," ","7",89," "," ","7",100," "," ","7",106," "," ","7",133," "," ","7",133," "," ","7",100," "," ","7",100," "," ","7",111," "," ","7",139," "," ","7",139," "," ","7",139," "," ","7",100," "," ","7",111," "," ","7",128," "," ","7",100," "," ","7",111," "," ","7",150," "," ","7",133," "," ","7",133," "," ","7",122," "," ","7",133," "," ","7",150," "," ","7",139," "," ","7"
"3064","USC00359461",2011,7,"TOBS",117," "," ","7",133," "," ","7",139," "," ","7",156," "," ","7",128," "," ","7",172," "," ","7",111," "," ","7",122," "," ","7",111," "," ","7",106," "," ","7",139," "," ","7",144," "," ","7",139," "," ","7",117," "," ","7",117," "," ","7",150," "," ","7",150," "," ","7",150," "," ","7",144," "," ","7",122," "," ","7",128," "," ","7",150," "," ","7",111," "," ","7",161," "," ","7",156," "," ","7",150," "," ","7",139," "," ","7",133," "," ","7",156," "," ","7",167," "," ","7",144," "," ","7"
"3065","USC00359461",2011,7,"PRCP",0," "," ","7",0," "," ","7",0," "," ","7",0," "," ","7",0," "," ","7",0," "," ","7",0," "," ","7",0," "," ","7",0," "," ","7",0," "," ","7",0," "," ","7",0," "," ","7",5," "," ","7",0," "," ","7",0," "," ","7",28," "," ","7",13," "," ","7",84," "," ","7",231," "," ","7",10," "," ","7",0," "," ","7",0," "," ","7",0," "," ","7",0," "," ","7",0," "," ","7",0," "," ","7",0," "," ","7",0," "," ","7",0," "," ","7",0," "," ","7",0," "," ","7"
"3066","USC00359461",2011,7,"SNOW",0," "," ","7",0," "," ","7",0," "," ","7",0," "," ","7",0," "," ","7",0," "," ","7",NA," "," "," ",NA," "," "," ",NA," "," "," ",NA," "," "," ",NA," "," "," ",NA," "," "," ",NA," "," "," ",NA," "," "," ",NA," "," "," ",NA," "," "," ",NA," "," "," ",NA," "," "," ",NA," "," "," ",NA," "," "," ",0," "," ","7",0," "," ","7",0," "," ","7",0," "," ","7",0," "," ","7",0," "," ","7",0," "," ","7",0," "," ","7",0," "," ","7",0," "," ","7",0," "," ","7"
"3067","USC00359461",2011,7,"SNWD",0," "," ","7",0," "," ","7",0," "," ","7",0," "," ","7",0," "," ","7",0," "," ","7",NA," "," "," ",NA," "," "," ",NA," "," "," ",NA," "," "," ",NA," "," "," ",NA," "," "," ",NA," "," "," ",NA," "," "," ",NA," "," "," ",NA," "," "," ",NA," "," "," ",NA," "," "," ",NA," "," "," ",NA," "," "," ",0," "," ","7",0," "," ","7",0," "," ","7",0," "," ","7",0," "," ","7",0," "," ","7",0," "," ","7",0," "," ","7",0," "," ","7",0," "," ","7",0," "," ","7"
"3068","USC00359461",2011,7,"SN32",200," "," ","7",211," "," ","7",217," "," ","7",222," "," ","7",222," "," ","7",222," "," ","7",217," "," ","7",233," "," ","7",228," "," ","7",222," "," ","7",222," "," ","7",228," "," ","7",211," "," ","7",211," "," ","7",217," "," ","7",222," "," ","7",222," "," ","7",206," "," ","7",206," "," ","7",189," "," ","7",183," "," ","7",189," "," ","7",194," "," ","7",206," "," ","7",217," "," ","7",228," "," ","7",228," "," ","7",228," "," ","7",222," "," ","7",228," "," ","7",233," "," ","7"
"3069","USC00359461",2011,7,"SX32",206," "," ","7",222," "," ","7",222," "," ","7",222," "," ","7",228," "," ","7",228," "," ","7",233," "," ","7",233," "," ","7",228," "," ","7",233," "," ","7",233," "," ","7",228," "," ","7",228," "," ","7",217," "," ","7",222," "," ","7",233," "," ","7",228," "," ","7",217," "," ","7",206," "," ","7",200," "," ","7",189," "," ","7",194," "," ","7",200," "," ","7",217," "," ","7",233," "," ","7",228," "," ","7",228," "," ","7",228," "," ","7",233," "," ","7",233," "," ","7",239," "," ","7"
"3070","USC00359461",2011,8,"TMAX",300," "," ","7",306," "," ","7",278," "," ","7",311," "," ","7",267," "," ","7",272," "," ","7",283," "," ","7",283," "," ","7",200," "," ","7",267," "," ","7",289," "," ","7",294," "," ","7",294," "," ","7",228," "," ","7",278," "," ","7",283," "," ","7",300," "," ","7",306," "," ","7",283," "," ","7",278," "," ","7",333," "," ","7",317," "," ","7",289," "," ","7",328," "," ","7",317," "," ","7",333," "," ","7",328," "," ","7",322," "," ","7",311," "," ","7",256," "," ","7",244," "," ","7"
"3071","USC00359461",2011,8,"TMIN",144," "," ","7",139," "," ","7",117," "," ","7",106," "," ","7",144," "," ","7",133," "," ","7",139," "," ","7",139," "," ","7",144," "," ","7",100," "," ","7",106," "," ","7",106," "," ","7",117," "," ","7",122," "," ","7",100," "," ","7",100," "," ","7",111," "," ","7",106," "," ","7",106," "," ","7",122," "," ","7",128," "," ","7",133," "," ","7",128," "," ","7",133," "," ","7",161," "," ","7",167," "," ","7",150," "," ","7",133," "," ","7",133," "," ","7",133," "," ","7",133," "," ","7"
"3072","USC00359461",2011,8,"TOBS",150," "," ","7",144," "," ","7",128," "," ","7",150," "," ","7",150," "," ","7",139," "," ","7",156," "," ","7",144," "," ","7",150," "," ","7",106," "," ","7",111," "," ","7",122," "," ","7",128," "," ","7",161," "," ","7",106," "," ","7",122," "," ","7",122," "," ","7",106," "," ","7",122," "," ","7",128," "," ","7",150," "," ","7",133," "," ","7",133," "," ","7",161," "," ","7",194," "," ","7",189," "," ","7",150," "," ","7",133," "," ","7",139," "," ","7",139," "," ","7",139," "," ","7"
"3073","USC00359461",2011,8,"PRCP",0," "," ","7",0," "," ","7",0," "," ","7",0," "," ","7",0," "," ","7",0," "," ","7",0," "," ","7",0," "," ","7",0," "," ","7",0," "," ","7",0," "," ","7",0," "," ","7",0," "," ","7",0," "," ","7",0," "," ","7",0," "," ","7",0," "," ","7",0," "," ","7",0," "," ","7",0," "," ","7",0," "," ","7",0," "," ","7",0," "," ","7",0," "," ","7",0," "," ","7",0," "," ","7",0," "," ","7",0," "," ","7",0," "," ","7",0," "," ","7",0," "," ","7"
"3074","USC00359461",2011,8,"SNOW",0," "," ","7",0," "," ","7",0," "," ","7",NA," "," "," ",NA," "," "," ",NA," "," "," ",NA," "," "," ",NA," "," "," ",NA," "," "," ",NA," "," "," ",NA," "," "," ",NA," "," "," ",NA," "," "," ",NA," "," "," ",NA," "," "," ",NA," "," "," ",NA," "," "," ",0," "," ","7",0," "," ","7",0," "," ","7",0," "," ","7",0," "," ","7",0," "," ","7",0," "," ","7",0," "," ","7",0," "," ","7",NA," "," "," ",0," "," ","7",NA," "," "," ",0," "," ","7",0," "," ","7"
"3075","USC00359461",2011,8,"SNWD",0," "," ","7",0," "," ","7",0," "," ","7",NA," "," "," ",NA," "," "," ",NA," "," "," ",NA," "," "," ",NA," "," "," ",NA," "," "," ",NA," "," "," ",NA," "," "," ",NA," "," "," ",NA," "," "," ",NA," "," "," ",NA," "," "," ",NA," "," "," ",NA," "," "," ",0," "," ","7",0," "," ","7",0," "," ","7",0," "," ","7",0," "," ","7",0," "," ","7",0," "," ","7",0," "," ","7",0," "," ","7",NA," "," "," ",0," "," ","7",NA," "," "," ",0," "," ","7",0," "," ","7"
"3076","USC00359461",2011,8,"SN32",233," "," ","7",239," "," ","7",233," "," ","7",239," "," ","7",244," "," ","7",244," "," ","7",239," "," ","7",239," "," ","7",228," "," ","7",222," "," ","7",228," "," ","7",239," "," ","7",239," "," ","7",233," "," ","7",233," "," ","7",233," "," ","7",239," "," ","7",244," "," ","7",244," "," ","7",244," "," ","7",244," "," ","7",250," "," ","7",256," "," ","7",256," "," ","7",256," "," ","7",256," "," ","7",250," "," ","7",261," "," ","7",261," "," ","7",250," "," ","7",250," ","I","7"
"3077","USC00359461",2011,8,"SX32",244," "," ","7",244," "," ","7",239," "," ","7",256," "," ","7",256," "," ","7",244," "," ","7",244," "," ","7",244," "," ","7",239," "," ","7",228," "," ","7",239," "," ","7",244," "," ","7",244," "," ","7",239," "," ","7",239," "," ","7",239," "," ","7",244," "," ","7",250," "," ","7",244," "," ","7",244," "," ","7",256," "," ","7",256," "," ","7",261," "," ","7",261," "," ","7",261," "," ","7",256," "," ","7",261," "," ","7",261," "," ","7",261," "," ","7",256," "," ","7",256," "," ","7"
"3078","USC00359461",2011,9,"TMAX",222," "," ","7",256," "," ","7",272," "," ","7",333," "," ","7",344," "," ","7",322," "," ","7",333," "," ","7",350," "," ","7",322," "," ","7",322," "," ","7",350," "," ","7",322," "," ","7",289," "," ","7",261," "," ","7",206," "," ","7",222," "," ","7",239," "," ","7",256," "," ","7",283," "," ","7",278," "," ","7",300," "," ","7",317," "," ","7",283," "," ","7",328," "," ","7",322," "," ","7",311," "," ","7",278," "," ","7",200," "," ","7",206," "," ","7",322," "," ","7",NA," "," "," "
"3079","USC00359461",2011,9,"TMIN",78," "," ","7",78," "," ","7",89," "," ","7",89," "," ","7",117," "," ","7",117," "," ","7",117," "," ","7",122," "," ","7",139," "," ","7",139," "," ","7",139," "," ","7",133," "," ","7",139," "," ","7",139," "," ","7",144," "," ","7",94," "," ","7",72," "," ","7",72," "," ","7",72," "," ","7",106," "," ","7",94," "," ","7",94," "," ","7",106," "," ","7",106," "," ","7",94," "," ","7",94," "," ","7",106," "," ","7",106," "," ","7",78," "," ","7",72," "," ","7",NA," "," "," "
"3080","USC00359461",2011,9,"TOBS",78," "," ","7",94," "," ","7",89," "," ","7",117," "," ","7",117," "," ","7",117," "," ","7",122," "," ","7",150," "," ","7",150," "," ","7",144," "," ","7",144," "," ","7",150," "," ","7",156," "," ","7",167," "," ","7",144," "," ","7",94," "," ","7",72," "," ","7",94," "," ","7",117," "," ","7",106," "," ","7",94," "," ","7",106," "," ","7",106," "," ","7",133," "," ","7",167," "," ","7",111," "," ","7",161," "," ","7",106," "," ","7",78," "," ","7",106," "," ","7",NA," "," "," "
"3081","USC00359461",2011,9,"PRCP",0," "," ","7",0," "," ","7",0," "," ","7",0," "," ","7",0," "," ","7",0," "," ","7",0," "," ","7",0," "," ","7",0," "," ","7",0," "," ","7",0," "," ","7",0," "," ","7",0," "," ","7",0," "," ","7",0," "," ","7",0," "," ","7",0," "," ","7",0," "," ","7",0," "," ","7",0," "," ","7",0," "," ","7",0," "," ","7",0," "," ","7",0," "," ","7",0,"T"," ","7",0," "," ","7",0," "," ","7",0," "," ","7",0,"T"," ","7",0," "," ","7",NA," "," "," "
"3082","USC00359461",2011,9,"SNOW",NA," "," "," ",NA," "," "," ",NA," "," "," ",NA," "," "," ",NA," "," "," ",NA," "," "," ",NA," "," "," ",NA," "," "," ",NA," "," "," ",NA," "," "," ",NA," "," "," ",NA," "," "," ",NA," "," "," ",NA," "," "," ",0," "," ","7",0," "," ","7",0," "," ","7",NA," "," "," ",0," "," ","7",0," "," ","7",0," "," ","7",0," "," ","7",0," "," ","7",0," "," ","7",NA," "," "," ",0," "," ","7",0," "," ","7",0," "," ","7",NA," "," "," ",NA," "," "," ",NA," "," "," "
"3083","USC00359461",2011,9,"SNWD",NA," "," "," ",NA," "," "," ",NA," "," "," ",NA," "," "," ",NA," "," "," ",NA," "," "," ",NA," "," "," ",NA," "," "," ",NA," "," "," ",NA," "," "," ",NA," "," "," ",NA," "," "," ",NA," "," "," ",NA," "," "," ",0," "," ","7",0," "," ","7",0," "," ","7",NA," "," "," ",0," "," ","7",0," "," ","7",0," "," ","7",0," "," ","7",0," "," ","7",0," "," ","7",NA," "," "," ",0," "," ","7",0," "," ","7",0," "," ","7",NA," "," "," ",NA," "," "," ",NA," "," "," "
"3084","USC00359461",2011,9,"SN32",228," "," ","7",228," "," ","7",228," "," ","7",233," "," ","7",233," "," ","7",244," "," ","7",244," "," ","7",250," "," ","7",250," "," ","7",250," "," ","7",250," "," ","7",256," ","I","7",244," "," ","7",239," "," ","7",228," "," ","7",222," "," ","7",217," "," ","7",211," "," ","7",211," "," ","7",217," "," ","7",222," "," ","7",211," "," ","7",206," "," ","7",211," "," ","7",217," "," ","7",211," "," ","7",211," "," ","7",200," "," ","7",194," "," ","7",194," "," ","7",NA," "," "," "
"3085","USC00359461",2011,9,"SX32",233," ","I","7",233," "," ","7",233," "," ","7",233," "," ","7",239," "," ","7",244," "," ","7",244," "," ","7",250," "," ","7",250," "," ","7",250," "," ","7",256," "," ","7",256," "," ","7",244," ","I","7",244," "," ","7",233," "," ","7",228," "," ","7",222," "," ","7",211," "," ","7",217," "," ","7",222," "," ","7",222," "," ","7",228," "," ","7",222," "," ","7",217," "," ","7",228," "," ","7",228," "," ","7",222," "," ","7",217," "," ","7",200," "," ","7",200," "," ","7",NA," "," "," "
"3086","USC00359461",2011,10,"TMAX",233," "," ","7",211," "," ","7",189," "," ","7",161," "," ","7",183," "," ","7",133," "," ","7",167," "," ","7",183," "," ","7",211," "," ","7",206," "," ","7",189," "," ","7",194," "," ","7",178," "," ","7",178," "," ","7",228," "," ","7",167," "," ","7",167," "," ","7",178," "," ","7",233," "," ","7",172," "," ","7",183," "," ","7",206," "," ","7",206," "," ","7",172," "," ","7",150," "," ","7",150," "," ","7",167," "," ","7",156," "," ","7",189," "," ","7",178," "," ","7",189," "," ","7"
"3087","USC00359461",2011,10,"TMIN",100," "," ","7",133," "," ","7",117," "," ","7",100," "," ","7",72," "," ","7",61," "," ","7",56," "," ","7",83," "," ","7",94," "," ","7",106," "," ","7",122," "," ","7",61," "," ","7",61," "," ","7",78," "," ","7",89," "," ","7",89," "," ","7",67," "," ","7",72," "," ","7",72," "," ","7",72," "," ","7",72," "," ","7",72," "," ","7",83," "," ","7",89," "," ","7",17," "," ","7",0," "," ","7",-6," "," ","7",0," "," ","7",28," "," ","7",100," "," ","7",100," "," ","7"
"3088","USC00359461",2011,10,"TOBS",133," "," ","7",133," "," ","7",117," "," ","7",100," "," ","7",72," "," ","7",72," "," ","7",94," "," ","7",111," "," ","7",117," "," ","7",133," "," ","7",133," "," ","7",67," "," ","7",89," "," ","7",89," "," ","7",89," "," ","7",117," "," ","7",78," "," ","7",72," "," ","7",83," "," ","7",72," "," ","7",128," "," ","7",89," "," ","7",117," "," ","7",89," "," ","7",17," "," ","7",0," "," ","7",6," "," ","7",28," "," ","7",111," "," ","7",111," "," ","7",100," "," ","7"
"3089","USC00359461",2011,10,"PRCP",0," "," ","7",38," "," ","7",102," "," ","7",102," "," ","7",183," "," ","7",8," "," ","7",0,"T"," ","7",0,"T"," ","7",0,"T"," ","7",23," "," ","7",30," "," ","7",20," "," ","7",0," "," ","7",0," "," ","7",0," "," ","7",5," "," ","7",5," "," ","7",0," "," ","7",10," "," ","7",0," "," ","7",0," "," ","7",0," "," ","7",0," "," ","7",0," "," ","7",0," "," ","7",0," "," ","7",0,"T"," ","7",0,"T"," ","7",3," "," ","7",10," "," ","7",18," "," ","7"
"3090","USC00359461",2011,10,"SNOW",NA," "," "," ",NA," "," "," ",NA," "," "," ",NA," "," "," ",NA," "," "," ",NA," "," "," ",NA," "," "," ",NA," "," "," ",NA," "," "," ",NA," "," "," ",NA," "," "," ",NA," "," "," ",0," "," ","7",0," "," ","7",0," "," ","7",0," "," ","7",0," "," ","7",0," "," ","7",0," "," ","7",0," "," ","7",0," "," ","7",0," "," ","7",0," "," ","7",0," "," ","7",0," "," ","7",0," "," ","7",NA," "," "," ",NA," "," "," ",NA," "," "," ",NA," "," "," ",NA," "," "," "
"3091","USC00359461",2011,10,"SNWD",NA," "," "," ",NA," "," "," ",NA," "," "," ",NA," "," "," ",NA," "," "," ",NA," "," "," ",NA," "," "," ",NA," "," "," ",NA," "," "," ",NA," "," "," ",NA," "," "," ",NA," "," "," ",0," "," ","7",0," "," ","7",0," "," ","7",0," "," ","7",0," "," ","7",0," "," ","7",0," "," ","7",0," "," ","7",0," "," ","7",0," "," ","7",0," "," ","7",0," "," ","7",0," "," ","7",0," "," ","7",NA," "," "," ",NA," "," "," ",NA," "," "," ",NA," "," "," ",NA," "," "," "
"3092","USC00359461",2011,10,"SN32",194," "," ","7",194," "," ","7",183," "," ","7",172," "," ","7",156," "," ","7",172," ","I","7",139," "," ","7",144," "," ","7",144," "," ","7",150," "," ","7",156," "," ","7",150," "," ","7",139," "," ","7",139," "," ","7",139," "," ","7",139," "," ","7",139," "," ","7",133," "," ","7",128," "," ","7",128," "," ","7",128," "," ","7",133," "," ","7",133," "," ","7",128," "," ","7",111," "," ","7",117," "," ","7",111," "," ","7",111," "," ","7",111," "," ","7",117," "," ","7",122," "," ","7"
"3093","USC00359461",2011,10,"SX32",194," "," ","7",194," "," ","7",194," "," ","7",183," "," ","7",172," "," ","7",183," "," ","7",139," ","I","7",144," "," ","7",150," "," ","7",156," "," ","7",156," "," ","7",150," "," ","7",144," "," ","7",144," "," ","7",144," "," ","7",139," "," ","7",139," "," ","7",144," "," ","7",139," "," ","7",133," "," ","7",139," "," ","7",139," "," ","7",144," "," ","7",133," "," ","7",128," "," ","7",122," "," ","7",111," "," ","7",111," "," ","7",117," "," ","7",122," "," ","7",128," "," ","7"
"3094","USC00359461",2011,11,"TMAX",144," "," ","7",128," "," ","7",194," "," ","7",117," "," ","7",117," "," ","7",94," "," ","7",117," "," ","7",128," "," ","7",122," "," ","7",128," "," ","7",144," "," ","7",100," "," ","7",128," "," ","7",133," "," ","7",128," "," ","7",111," "," ","7",122," "," ","7",100," "," ","7",50," "," ","7",83," "," ","7",72," "," ","7",122," "," ","7",156," "," ","7",144," "," ","7",106," "," ","7",117," "," ","7",144," "," ","7",139," "," ","7",94," "," ","7",94," "," ","7",NA," "," "," "
"3095","USC00359461",2011,11,"TMIN",33," "," ","7",-17," "," ","7",-11," "," ","7",50," "," ","7",33," "," ","7",39," "," ","7",50," "," ","7",11," "," ","7",11," "," ","7",11," "," ","7",11," "," ","7",11," "," ","7",28," "," ","7",50," "," ","7",50," "," ","7",67," "," ","7",78," "," ","7",39," "," ","7",22," "," ","7",33," "," ","7",22," "," ","7",61," "," ","7",106," "," ","7",39," "," ","7",28," "," ","7",33," "," ","7",33," "," ","7",39," "," ","7",61," "," ","7",44," "," ","7",NA," "," "," "
"3096","USC00359461",2011,11,"TOBS",33," "," ","7",-11," "," ","7",67," "," ","7",61," "," ","7",44," "," ","7",61," "," ","7",56," "," ","7",17," "," ","7",33," "," ","7",17," "," ","7",28," "," ","7",28," "," ","7",67," "," ","7",50," "," ","7",72," "," ","7",78," "," ","7",100," "," ","7",39," "," ","7",33," "," ","7",33," "," ","7",61," "," ","7",106," "," ","7",144," "," ","7",39," "," ","7",33," "," ","7",33," "," ","7",44," "," ","7",72," "," ","7",61," "," ","7",56," "," ","7",NA," "," "," "
"3097","USC00359461",2011,11,"PRCP",0,"T"," ","7",0,"T"," ","7",61," "," ","7",0,"T"," ","7",33," "," ","7",33," "," ","7",18," "," ","7",0,"T"," ","7",0,"T"," ","7",0," "," ","7",5," "," ","7",0," "," ","7",15," "," ","7",0," "," ","7",3," "," ","7",5," "," ","7",41," "," ","7",262," "," ","7",190," "," ","7",13," "," ","7",8," "," ","7",188," "," ","7",8," "," ","7",208," "," ","7",18," "," ","7",0,"T"," ","7",0,"T"," ","7",43," "," ","7",5," "," ","7",8," "," ","7",NA," "," "," "
"3098","USC00359461",2011,11,"SNOW",NA," "," "," ",NA," "," "," ",NA," "," "," ",NA," "," "," ",NA," "," "," ",NA," "," "," ",NA," "," "," ",NA," "," "," ",NA," "," "," ",0," "," ","7",0," "," ","7",0," "," ","7",0," "," ","7",0," "," ","7",0," "," ","7",0," "," ","7",0," "," ","7",0," "," ","7",0," "," ","7",0," "," ","7",0," "," ","7",0," "," ","7",0," "," ","7",NA," "," "," ",NA," "," "," ",NA," "," "," ",NA," "," "," ",NA," "," "," ",NA," "," "," ",NA," "," "," ",NA," "," "," "
"3099","USC00359461",2011,11,"SNWD",NA," "," "," ",NA," "," "," ",NA," "," "," ",NA," "," "," ",NA," "," "," ",NA," "," "," ",NA," "," "," ",NA," "," "," ",NA," "," "," ",0," "," ","7",0," "," ","7",0," "," ","7",0," "," ","7",0," "," ","7",0," "," ","7",0," "," ","7",0," "," ","7",0," "," ","7",0," "," ","7",0," "," ","7",0," "," ","7",0," "," ","7",0," "," ","7",NA," "," "," ",NA," "," "," ",NA," "," "," ",NA," "," "," ",NA," "," "," ",NA," "," "," ",NA," "," "," ",NA," "," "," "
"3100","USC00359461",2011,11,"SN32",117," "," ","7",106," "," ","7",106," "," ","7",106," "," ","7",100," "," ","7",94," "," ","7",89," "," ","7",89," "," ","7",83," "," ","7",78," "," ","7",72," "," ","7",67," "," ","7",72," "," ","7",72," "," ","7",78," "," ","7",78," "," ","7",78," "," ","7",78," "," ","7",72," "," ","7",72," "," ","7",72," "," ","7",78," "," ","7",72," "," ","7",67," "," ","7",67," "," ","7",67," "," ","7",67," "," ","7",67," "," ","7",67," "," ","7",67," "," ","7",NA," "," "," "
"3101","USC00359461",2011,11,"SX32",128," "," ","7",117," "," ","7",106," "," ","7",106," "," ","7",100," "," ","7",94," "," ","7",89," "," ","7",89," "," ","7",89," "," ","7",83," "," ","7",78," "," ","7",72," "," ","7",72," "," ","7",78," "," ","7",78," "," ","7",83," "," ","7",89," "," ","7",78," "," ","7",78," "," ","7",72," "," ","7",78," "," ","7",83," "," ","7",72," "," ","7",67," "," ","7",67," "," ","7",67," "," ","7",67," "," ","7",67," "," ","7",67," "," ","7",67," "," ","7",NA," "," "," "
"3102","USC00359461",2011,12,"TMAX",117," "," ","7",89," "," ","7",67," "," ","7",50," "," ","7",44," "," ","7",78," "," ","7",78," "," ","7",17," "," ","7",17," "," ","7",33," "," ","7",22," "," ","7",61," "," ","7",61," "," ","7",56," "," ","7",50," "," ","7",72," "," ","7",61," "," ","7",39," "," ","7",61," "," ","7",67," "," ","7",72," "," ","7",78," "," ","7",89," "," ","7",100," "," ","7",94," "," ","7",89," "," ","7",78," "," ","7",122," "," ","7",167," "," ","7",122," "," ","7",111," "," ","7"
"3103","USC00359461",2011,12,"TMIN",22," "," ","7",-6," "," ","7",-11," "," ","7",11," "," ","7",17," "," ","7",-33," "," ","7",-28," "," ","7",-22," "," ","7",-6," "," ","7",-22," "," ","7",-22," "," ","7",6," "," ","7",-44," "," ","7",-44," "," ","7",-39," "," ","7",6," "," ","7",11," "," ","7",6," "," ","7",11," "," ","7",39," "," ","7",39," "," ","7",-33," "," ","7",-28," "," ","7",-33," "," ","7",-28," "," ","7",-17," "," ","7",28," "," ","7",28," "," ","7",78," "," ","7",78," "," ","7",11," "," ","7"
"3104","USC00359461",2011,12,"TOBS",44," "," ","7",11," "," ","7",11," "," ","7",28," "," ","7",22," "," ","7",-22," "," ","7",-17," "," ","7",0," "," ","7",-6," "," ","7",-22," "," ","7",22," "," ","7",22," "," ","7",-44," "," ","7",-39," "," ","7",6," "," ","7",33," "," ","7",11," "," ","7",11," "," ","7",44," "," ","7",39," "," ","7",44," "," ","7",-17," "," ","7",-11," "," ","7",-22," "," ","7",-17," "," ","7",33," "," ","7",39," "," ","7",106," "," ","7",89," "," ","7",111," "," ","7",17," "," ","7"
"3105","USC00359461",2011,12,"PRCP",5," "," ","7",0,"T"," ","7",0,"T"," ","7",0," "," ","7",0," "," ","7",0," "," ","7",0," "," ","7",3," "," ","7",0," "," ","7",0," "," ","7",0," "," ","7",0," "," ","7",0," "," ","7",0," "," ","7",30," "," ","7",0," "," ","7",0," "," ","7",0," "," ","7",18," "," ","7",0," "," ","7",0," "," ","7",0," "," ","7",0," "," ","7",0," "," ","7",0," "," ","7",28," "," ","7",13," "," ","7",84," "," ","7",89," "," ","7",249," "," ","7",56," "," ","7"
"3106","USC00359461",2011,12,"SNOW",NA," "," "," ",NA," "," "," ",NA," "," "," ",NA," "," "," ",NA," "," "," ",NA," "," "," ",NA," "," "," ",0," "," ","7",0," "," ","7",0," "," ","7",0," "," ","7",0," "," ","7",0," "," ","7",0," "," ","7",0," "," ","7",0," "," ","7",0," "," ","7",0," "," ","7",0," "," ","7",0," "," ","7",0," "," ","7",NA," "," "," ",NA," "," "," ",NA," "," "," ",NA," "," "," ",NA," "," "," ",NA," "," "," ",NA," "," "," ",NA," "," "," ",NA," "," "," ",NA," "," "," "
"3107","USC00359461",2011,12,"SNWD",NA," "," "," ",NA," "," "," ",NA," "," "," ",NA," "," "," ",NA," "," "," ",NA," "," "," ",NA," "," "," ",0," "," ","7",0," "," ","7",0," "," ","7",0," "," ","7",0," "," ","7",0," "," ","7",0," "," ","7",0," "," ","7",0," "," ","7",0," "," ","7",0," "," ","7",0," "," ","7",0," "," ","7",0," "," ","7",NA," "," "," ",NA," "," "," ",NA," "," "," ",NA," "," "," ",NA," "," "," ",NA," "," "," ",NA," "," "," ",NA," "," "," ",NA," "," "," ",NA," "," "," "
"3108","USC00359461",2011,12,"SN32",61," "," ","7",56," "," ","7",44," "," ","7",44," "," ","7",39," "," ","7",33," "," ","7",28," "," ","7",28," "," ","7",22," "," ","7",22," "," ","7",22," "," ","7",22," "," ","7",17," "," ","7",11," "," ","7",11," "," ","7",17," "," ","7",22," "," ","7",17," "," ","7",17," "," ","7",22," "," ","7",22," "," ","7",11," "," ","7",17," "," ","7",17," "," ","7",17," "," ","7",17," "," ","7",17," "," ","7",22," "," ","7",33," "," ","7",50," "," ","7",50," "," ","7"
"3109","USC00359461",2011,12,"SX32",61," "," ","7",61," "," ","7",50," "," ","7",44," "," ","7",39," "," ","7",33," "," ","7",33," "," ","7",28," "," ","7",28," "," ","7",22," "," ","7",22," "," ","7",22," "," ","7",22," "," ","7",17," "," ","7",11," "," ","7",17," "," ","7",33," "," ","7",22," "," ","7",22," "," ","7",22," "," ","7",28," "," ","7",28," "," ","7",17," "," ","7",17," "," ","7",17," "," ","7",17," "," ","7",22," "," ","7",33," "," ","7",44," "," ","7",56," "," ","7",50," "," ","7"
"3110","USC00359461",2012,1,"TMAX",61," "," ","7",72," "," ","7",144," "," ","7",128," "," ","7",133," "," ","7",111," "," ","7",67," "," ","7",106," "," ","7",94," "," ","7",89," "," ","7",72," "," ","7",56," "," ","7",44," "," ","7",78," "," ","7",61," "," ","7",33," "," ","7",61," "," ","7",78," "," ","7",111," "," ","7",128," "," ","7",122," "," ","7",83," "," ","7",100," "," ","7",78," "," ","7",139," "," ","7",139," "," ","7",100," "," ","7",78," "," ","7",106," "," ","7",100," "," ","7",128," "," ","7"
"3111","USC00359461",2012,1,"TMIN",6," "," ","7",6," "," ","7",17," "," ","7",17," "," ","7",17," "," ","7",11," "," ","7",39," "," ","7",6," "," ","7",-6," "," ","7",-6," "," ","7",22," "," ","7",-28," "," ","7",-28," "," ","7",-33," "," ","7",-22," "," ","7",-6," "," ","7",-11," "," ","7",33," "," ","7",56," "," ","7",61," "," ","7",44," "," ","7",0," "," ","7",44," "," ","7",44," "," ","7",56," "," ","7",83," "," ","7",-11," "," ","7",-17," "," ","7",-6," "," ","7",17," "," ","7",39," "," ","7"
"3112","USC00359461",2012,1,"TOBS",11," "," ","7",28," "," ","7",22," "," ","7",28," "," ","7",44," "," ","7",39," "," ","7",44," "," ","7",17," "," ","7",-6," "," ","7",50," "," ","7",22," "," ","7",-28," "," ","7",-28," "," ","7",-22," "," ","7",0," "," ","7",-6," "," ","7",33," "," ","7",61," "," ","7",100," "," ","7",67," "," ","7",50," "," ","7",67," "," ","7",50," "," ","7",56," "," ","7",89," "," ","7",94," "," ","7",6," "," ","7",0," "," ","7",22," "," ","7",50," "," ","7",56," "," ","7"
"3113","USC00359461",2012,1,"PRCP",0,"T"," ","7",0," "," ","7",3," "," ","7",0,"T"," ","7",3," "," ","7",3," "," ","7",5," "," ","7",0," "," ","7",0," "," ","7",3," "," ","7",0," "," ","7",0," "," ","7",0," "," ","7",0," "," ","7",15," "," ","7",28," "," ","7",0," "," ","7",117," "," ","7",513," "," ","7",249," "," ","7",157," "," ","7",53," "," ","7",48," "," ","7",51," "," ","7",43," "," ","7",124," "," ","7",8," "," ","7",0," "," ","7",0,"T"," ","7",28," "," ","7",3," "," ","7"
"3114","USC00359461",2012,1,"SNOW",NA," "," "," ",NA," "," "," ",NA," "," "," ",NA," "," "," ",0," "," ","7",0," "," ","7",0," "," ","7",0," "," ","7",0," "," ","7",0," "," ","7",0," "," ","7",0," "," ","7",0," "," ","7",NA," "," "," ",0," "," ","7",8," "," ","7",0," "," ","7",0," "," ","7",NA," "," "," ",NA," "," "," ",NA," "," "," ",NA," "," "," ",NA," "," "," ",NA," "," "," ",NA," "," "," ",NA," "," "," ",NA," "," "," ",NA," "," "," ",NA," "," "," ",NA," "," "," ",NA," "," "," "
"3115","USC00359461",2012,1,"SNWD",NA," "," "," ",NA," "," "," ",NA," "," "," ",NA," "," "," ",0," "," ","7",0," "," ","7",0," "," ","7",0," "," ","7",0," "," ","7",0," "," ","7",0," "," ","7",0," "," ","7",0," "," ","7",NA," "," "," ",0," "," ","7",0," "," ","7",0," "," ","7",0," "," ","7",NA," "," "," ",NA," "," "," ",NA," "," "," ",NA," "," "," ",NA," "," "," ",NA," "," "," ",NA," "," "," ",NA," "," "," ",NA," "," "," ",NA," "," "," ",NA," "," "," ",NA," "," "," ",NA," "," "," "
"3116","USC00359461",2012,1,"SN32",44," "," ","7",39," "," ","7",33," "," ","7",39," "," ","7",33," "," ","7",33," "," ","7",33," "," ","7",33," "," ","7",33," "," ","7",28," "," ","7",28," "," ","7",17," "," ","7",17," "," ","7",17," "," ","7",17," "," ","7",17," "," ","7",17," "," ","7",17," "," ","7",17," "," ","7",28," "," ","7",44," "," ","7",33," "," ","7",33," "," ","7",33," "," ","7",33," "," ","7",44," "," ","7",44," "," ","7",39," "," ","7",33," "," ","7",33," "," ","7",39," "," ","7"
"3117","USC00359461",2012,1,"SX32",50," "," ","7",39," "," ","7",39," "," ","7",39," "," ","7",33," "," ","7",33," "," ","7",33," "," ","7",39," "," ","7",39," "," ","7",33," "," ","7",28," "," ","7",28," "," ","7",17," "," ","7",28," "," ","7",22," "," ","7",17," "," ","7",17," "," ","7",22," "," ","7",28," "," ","7",44," "," ","7",44," "," ","7",44," "," ","7",33," "," ","7",33," "," ","7",44," "," ","7",50," "," ","7",44," "," ","7",39," "," ","7",33," "," ","7",33," "," ","7",39," "," ","7"
"3118","USC00359461",2012,2,"TMAX",117," "," ","7",111," "," ","7",111," "," ","7",122," "," ","7",133," "," ","7",133," "," ","7",122," "," ","7",111," "," ","7",122," "," ","7",133," "," ","7",161," "," ","7",128," "," ","7",89," "," ","7",78," "," ","7",72," "," ","7",78," "," ","7",94," "," ","7",150," "," ","7",89," "," ","7",100," "," ","7",100," "," ","7",139," "," ","7",133," "," ","7",117," "," ","7",167," "," ","7",78," "," ","7",78," "," ","7",44," "," ","7",83," "," ","7",NA," "," "," ",NA," "," "," "
"3119","USC00359461",2012,2,"TMIN",50," "," ","7",11," "," ","7",0," "," ","7",-11," "," ","7",-11," "," ","7",-17," "," ","7",-17," "," ","7",11," "," ","7",56," "," ","7",78," "," ","7",56," "," ","7",6," "," ","7",6," "," ","7",44," "," ","7",11," "," ","7",-6," "," ","7",11," "," ","7",33," "," ","7",6," "," ","7",6," "," ","7",39," "," ","7",67," "," ","7",11," "," ","7",-6," "," ","7",0," "," ","7",0," "," ","7",6," "," ","7",0," "," ","7",0," "," ","7",NA," "," "," ",NA," "," "," "
"3120","USC00359461",2012,2,"TOBS",78," "," ","7",11," "," ","7",6," "," ","7",-11," "," ","7",-11," "," ","7",-11," "," ","7",11," "," ","7",56," "," ","7",78," "," ","7",78," "," ","7",61," "," ","7",6," "," ","7",44," "," ","7",50," "," ","7",17," "," ","7",11," "," ","7",61," "," ","7",39," "," ","7",6," "," ","7",44," "," ","7",72," "," ","7",89," "," ","7",28," "," ","7",11," "," ","7",28," "," ","7",11," "," ","7",11," "," ","7",6," "," ","7",17," "," ","7",NA," "," "," ",NA," "," "," "
"3121","USC00359461",2012,2,"PRCP",13," "," ","7",0," "," ","7",3," "," ","7",0," "," ","7",3," "," ","7",0," "," ","7",3," "," ","7",28," "," ","7",38," "," ","7",13," "," ","7",41," "," ","7",0," "," ","7",81," "," ","7",23," "," ","7",25," "," ","7",3," "," ","7",5," "," ","7",51," "," ","7",28," "," ","7",76," "," ","7",71," "," ","7",3," "," ","7",13," "," ","7",0,"T"," ","7",119," "," ","7",61," "," ","7",3," "," ","7",0," "," ","7",246," "," ","7",NA," "," "," ",NA," "," "," "
"3122","USC00359461",2012,2,"SNOW",NA," "," "," ",0," "," ","7",0," "," ","7",0," "," ","7",0," "," ","7",0," "," ","7",0," "," ","7",0," "," ","7",0," "," ","7",0," "," ","7",0," "," ","7",0," "," ","7",0," "," ","7",0," "," ","7",0," "," ","7",NA," "," "," ",NA," "," "," ",NA," "," "," ",NA," "," "," ",NA," "," "," ",NA," "," "," ",NA," "," "," ",NA," "," "," ",NA," "," "," ",NA," "," "," ",NA," "," "," ",NA," "," "," ",NA," "," "," ",NA," "," "," ",NA," "," "," ",NA," "," "," "
"3123","USC00359461",2012,2,"SNWD",NA," "," "," ",0," "," ","7",0," "," ","7",0," "," ","7",0," "," ","7",0," "," ","7",0," "," ","7",0," "," ","7",0," "," ","7",0," "," ","7",0," "," ","7",0," "," ","7",0," "," ","7",0," "," ","7",0," "," ","7",NA," "," "," ",NA," "," "," ",NA," "," "," ",NA," "," "," ",NA," "," "," ",NA," "," "," ",NA," "," "," ",NA," "," "," ",NA," "," "," ",NA," "," "," ",NA," "," "," ",NA," "," "," ",NA," "," "," ",NA," "," "," ",NA," "," "," ",NA," "," "," "
"3124","USC00359461",2012,2,"SN32",44," "," ","7",44," "," ","7",44," "," ","7",39," "," ","7",39," "," ","7",33," "," ","7",33," "," ","7",33," "," ","7",33," "," ","7",33," "," ","7",39," "," ","7",39," "," ","7",44," "," ","7",44," "," ","7",39," "," ","7",33," "," ","7",39," "," ","7",39," "," ","7",44," "," ","7",44," "," ","7",50," "," ","7",50," "," ","7",61," "," ","7",56," "," ","7",56," "," ","7",50," "," ","7",44," "," ","7",39," ","I","7",28," "," ","7",NA," "," "," ",NA," "," "," "
"3125","USC00359461",2012,2,"SX32",44," "," ","7",44," "," ","7",44," "," ","7",44," "," ","7",44," "," ","7",33," "," ","7",33," "," ","7",33," "," ","7",33," "," ","7",39," "," ","7",39," "," ","7",61," "," ","7",50," "," ","7",50," "," ","7",44," "," ","7",50," "," ","7",44," "," ","7",44," "," ","7",44," "," ","7",50," "," ","7",50," "," ","7",61," "," ","7",61," "," ","7",56," "," ","7",56," "," ","7",56," "," ","7",44," "," ","7",44," "," ","7",28," ","I","7",NA," "," "," ",NA," "," "," "
"3126","USC00359461",2012,3,"TMAX",67," "," ","7",83," "," ","7",117," "," ","7",167," "," ","7",150," "," ","7",133," "," ","7",67," "," ","7",83," "," ","7",256," "," ","7",167," "," ","7",144," "," ","7",89," "," ","7",128," "," ","7",89," "," ","7",144," "," ","7",144," "," ","7",133," "," ","7",111," "," ","7",78," "," ","7",100," "," ","7",117," "," ","7",56," "," ","7",106," "," ","7",161," "," ","7",111," "," ","7",94," "," ","7",133," "," ","7",156," "," ","7",139," "," ","7",161," "," ","7",111," "," ","7"
"3127","USC00359461",2012,3,"TMIN",11," "," ","7",0," "," ","7",17," "," ","7",11," "," ","7",17," "," ","7",0," "," ","7",-11," "," ","7",-6," "," ","7",-6," "," ","7",33," "," ","7",56," "," ","7",56," "," ","7",6," "," ","7",6," "," ","7",39," "," ","7",56," "," ","7",17," "," ","7",11," "," ","7",-6," "," ","7",0," "," ","7",22," "," ","7",6," "," ","7",6," "," ","7",17," "," ","7",50," "," ","7",39," "," ","7",39," "," ","7",39," "," ","7",28," "," ","7",100," "," ","7",44," "," ","7"
"3128","USC00359461",2012,3,"TOBS",17," "," ","7",17," "," ","7",28," "," ","7",22," "," ","7",17," "," ","7",0," "," ","7",-6," "," ","7",-6," "," ","7",39," "," ","7",67," "," ","7",56," "," ","7",83," "," ","7",6," "," ","7",44," "," ","7",133," "," ","7",56," "," ","7",17," "," ","7",22," "," ","7",0," "," ","7",67," "," ","7",22," "," ","7",11," "," ","7",22," "," ","7",61," "," ","7",56," "," ","7",44," "," ","7",83," "," ","7",44," "," ","7",106," "," ","7",106," "," ","7",56," "," ","7"
"3129","USC00359461",2012,3,"PRCP",127," "," ","7",3," "," ","7",0," "," ","7",0," "," ","7",0," "," ","7",28," "," ","7",20," "," ","7",0," "," ","7",0," "," ","7",0," "," ","7",51," "," ","7",25," "," ","7",193," "," ","7",25," "," ","7",18," "," ","7",325," "," ","7",66," "," ","7",18," "," ","7",20," "," ","7",86," "," ","7",231," "," ","7",472," "," ","7",8," "," ","7",0,"T"," ","7",28," "," ","7",76," "," ","7",3," "," ","7",71," "," ","7",8," "," ","7",274," "," ","7",300," "," ","7"
"3130","USC00359461",2012,3,"SNOW",0," "," ","7",0," "," ","7",0," "," ","7",0," "," ","7",0," "," ","7",0," "," ","7",0," "," ","7",0," "," ","7",0," "," ","7",0," "," ","7",0," "," ","7",0," "," ","7",0," "," ","7",0," "," ","7",NA," "," "," ",NA," "," "," ",NA," "," "," ",NA," "," "," ",NA," "," "," ",NA," "," "," ",NA," "," "," ",NA," "," "," ",NA," "," "," ",NA," "," "," ",NA," "," "," ",NA," "," "," ",NA," "," "," ",NA," "," "," ",0," "," ","7",0," "," ","7",0," "," ","7"
"3131","USC00359461",2012,3,"SNWD",0," "," ","7",0," "," ","7",0," "," ","7",0," "," ","7",0," "," ","7",0," "," ","7",0," "," ","7",0," "," ","7",0," "," ","7",0," "," ","7",0," "," ","7",0," "," ","7",0," "," ","7",0," "," ","7",NA," "," "," ",NA," "," "," ",NA," "," "," ",NA," "," "," ",NA," "," "," ",NA," "," "," ",NA," "," "," ",NA," "," "," ",NA," "," "," ",NA," "," "," ",NA," "," "," ",NA," "," "," ",NA," "," "," ",NA," "," "," ",0," "," ","7",0," "," ","7",0," "," ","7"
"3132","USC00359461",2012,3,"SN32",28," "," ","7",28," "," ","7",33," "," ","7",39," "," ","7",NA," "," "," ",56," "," ","7",44," "," ","7",44," "," ","7",50," "," ","7",56," "," ","7",61," "," ","7",67," "," ","7",61," "," ","7",56," "," ","7",56," "," ","7",56," "," ","7",56," "," ","7",61," "," ","7",56," "," ","7",56," "," ","7",56," "," ","7",44," "," ","7",44," "," ","7",50," "," ","7",67," "," ","7",56," "," ","7",61," "," ","7",67," "," ","7",67," "," ","7",72," "," ","7",72," "," ","7"
"3133","USC00359461",2012,3,"SX32",28," "," ","7",33," "," ","7",39," "," ","7",56," "," ","7",NA," "," "," ",56," "," ","7",56," "," ","7",50," "," ","7",50," "," ","7",61," "," ","7",72," "," ","7",72," "," ","7",72," "," ","7",67," "," ","7",56," "," ","7",56," "," ","7",61," "," ","7",61," "," ","7",61," "," ","7",56," "," ","7",56," "," ","7",50," "," ","7",50," "," ","7",61," "," ","7",67," "," ","7",61," "," ","7",67," "," ","7",67," "," ","7",72," "," ","7",78," "," ","7",78," "," ","7"
"3134","USC00359461",2012,4,"TMAX",144," "," ","7",89," "," ","7",200," "," ","7",89," "," ","7",72," "," ","7",89," "," ","7",133," "," ","7",172," "," ","7",172," "," ","7",183," "," ","7",161," "," ","7",139," "," ","7",156," "," ","7",111," "," ","7",178," "," ","7",183," "," ","7",156," "," ","7",144," "," ","7",167," "," ","7",189," "," ","7",233," "," ","7",256," "," ","7",300," "," ","7",283," "," ","7",228," "," ","7",206," "," ","7",144," "," ","7",150," "," ","7",206," "," ","7",206," "," ","7",NA," "," "," "
"3135","USC00359461",2012,4,"TMIN",33," "," ","7",11," "," ","7",11," "," ","7",28," "," ","7",33," "," ","7",17," "," ","7",33," "," ","7",33," "," ","7",61," "," ","7",61," "," ","7",83," "," ","7",50," "," ","7",56," "," ","7",56," "," ","7",44," "," ","7",44," "," ","7",67," "," ","7",61," "," ","7",78," "," ","7",94," "," ","7",106," "," ","7",94," "," ","7",94," "," ","7",111," "," ","7",94," "," ","7",83," "," ","7",61," "," ","7",67," "," ","7",72," "," ","7",89," "," ","7",NA," "," "," "
"3136","USC00359461",2012,4,"TOBS",39," "," ","7",11," "," ","7",56," "," ","7",33," "," ","7",33," "," ","7",33," "," ","7",33," "," ","7",72," "," ","7",61," "," ","7",83," "," ","7",89," "," ","7",56," "," ","7",56," "," ","7",72," "," ","7",44," "," ","7",100," "," ","7",67," "," ","7",83," "," ","7",106," "," ","7",111," "," ","7",128," "," ","7",100," "," ","7",122," "," ","7",122," "," ","7",94," "," ","7",83," "," ","7",67," "," ","7",89," "," ","7",89," "," ","7",111," "," ","7",NA," "," "," "
"3137","USC00359461",2012,4,"PRCP",38," "," ","7",86," "," ","7",0," "," ","7",97," "," ","7",30," "," ","7",13," "," ","7",0," "," ","7",0," "," ","7",0," "," ","7",0," "," ","7",124," "," ","7",38," "," ","7",41," "," ","7",63," "," ","7",0,"T"," ","7",48," "," ","7",43," "," ","7",15," "," ","7",28," "," ","7",25," "," ","7",0," "," ","7",0," "," ","7",0," "," ","7",0," "," ","7",0," "," ","7",56," "," ","7",18," "," ","7",3," "," ","7",0," "," ","7",13," "," ","7",NA," "," "," "
"3138","USC00359461",2012,4,"SNOW",0," "," ","7",0," "," ","7",0," "," ","7",0," "," ","7",0," "," ","7",0," "," ","7",NA," "," "," ",0," "," ","7",0," "," ","7",0," "," ","7",0," "," ","7",NA," "," "," ",NA," "," "," ",NA," "," "," ",NA," "," "," ",NA," "," "," ",0," "," ","7",NA," "," "," ",NA," "," "," ",NA," "," "," ",NA," "," "," ",NA," "," "," ",0," "," ","7",0," "," ","7",0," "," ","7",0," "," ","7",0," "," ","7",0," "," ","7",0," "," ","7",0," "," ","7",NA," "," "," "
"3139","USC00359461",2012,4,"SNWD",0," "," ","7",0," "," ","7",0," "," ","7",0," "," ","7",0," "," ","7",0," "," ","7",NA," "," "," ",0," "," ","7",0," "," ","7",NA," "," "," ",0," "," ","7",NA," "," "," ",NA," "," "," ",NA," "," "," ",NA," "," "," ",NA," "," "," ",0," "," ","7",NA," "," "," ",NA," "," "," ",NA," "," "," ",NA," "," "," ",NA," "," "," ",0," "," ","7",0," "," ","7",0," "," ","7",0," "," ","7",0," "," ","7",0," "," ","7",0," "," ","7",0," "," ","7",NA," "," "," "
"3140","USC00359461",2012,4,"SN32",72," "," ","7",67," "," ","7",61," "," ","7",67," "," ","7",56," "," ","7",56," "," ","7",61," "," ","7",67," "," ","7",72," "," ","7",83," "," ","7",83," "," ","7",89," "," ","7",89," "," ","7",89," "," ","7",83," "," ","7",100," "," ","7",100," "," ","7",94," "," ","7",94," "," ","7",106," "," ","7",111," "," ","7",128," "," ","7",133," "," ","7",156," "," ","7",156," "," ","7",156," "," ","7",139," "," ","7",133," "," ","7",128," "," ","7",139," "," ","7",NA," "," "," "
"3141","USC00359461",2012,4,"SX32",72," "," ","7",72," "," ","7",78," "," ","7",72," "," ","7",67," "," ","7",61," "," ","7",72," "," ","7",83," "," ","7",83," "," ","7",89," "," ","7",83," "," ","7",89," "," ","7",94," "," ","7",94," "," ","7",100," "," ","7",100," "," ","7",100," "," ","7",100," "," ","7",100," "," ","7",111," "," ","7",128," "," ","7",144," "," ","7",156," "," ","7",167," "," ","7",172," "," ","7",172," "," ","7",150," "," ","7",139," "," ","7",144," "," ","7",150," "," ","7",NA," "," "," "
"3142","USC00359461",2012,5,"TMAX",178," "," ","7",139," "," ","7",144," "," ","7",150," "," ","7",133," "," ","7",172," "," ","7",211," "," ","7",278," "," ","7",244," "," ","7",156," "," ","7",172," "," ","7",239," "," ","7",306," "," ","7",328," "," ","7",194," "," ","7",267," "," ","7",256," "," ","7",211," "," ","7",217," "," ","7",244," "," ","7",261," "," ","7",189," "," ","7",178," "," ","7",161," "," ","7",122," "," ","7",183," "," ","7",172," "," ","7",194," "," ","7",156," "," ","7",217," "," ","7",283," "," ","7"
"3143","USC00359461",2012,5,"TMIN",61," "," ","7",39," "," ","7",39," "," ","7",78," "," ","7",33," "," ","7",28," "," ","7",61," "," ","7",67," "," ","7",83," "," ","7",33," "," ","7",28," "," ","7",39," "," ","7",61," "," ","7",111," "," ","7",78," "," ","7",83," "," ","7",89," "," ","7",39," "," ","7",39," "," ","7",44," "," ","7",94," "," ","7",89," "," ","7",72," "," ","7",83," "," ","7",72," "," ","7",78," "," ","7",78," "," ","7",106," "," ","7",94," "," ","7",78," "," ","7",89," "," ","7"
"3144","USC00359461",2012,5,"TOBS",67," "," ","7",39," "," ","7",89," "," ","7",78," "," ","7",33," "," ","7",67," "," ","7",67," "," ","7",83," "," ","7",89," "," ","7",56," "," ","7",39," "," ","7",61," "," ","7",117," "," ","7",122," "," ","7",94," "," ","7",111," "," ","7",89," "," ","7",44," "," ","7",50," "," ","7",100," "," ","7",133," "," ","7",94," "," ","7",89," "," ","7",100," "," ","7",78," "," ","7",100," "," ","7",111," "," ","7",117," "," ","7",94," "," ","7",89," "," ","7",106," "," ","7"
"3145","USC00359461",2012,5,"PRCP",0," "," ","7",8," "," ","7",89," "," ","7",15," "," ","7",8," "," ","7",0," "," ","7",0," "," ","7",0," "," ","7",0," "," ","7",0," "," ","7",0," "," ","7",0," "," ","7",0," "," ","7",0," "," ","7",0," "," ","7",0," "," ","7",0," "," ","7",0," "," ","7",0," "," ","7",0," "," ","7",3," "," ","7",30," "," ","7",5," "," ","7",8," "," ","7",99," "," ","7",20," "," ","7",0," "," ","7",0," "," ","7",0," "," ","7",0," "," ","7",0," "," ","7"
"3146","USC00359461",2012,5,"SNOW",0," "," ","7",0," "," ","7",0," "," ","7",0," "," ","7",0," "," ","7",0," "," ","7",0," "," ","7",0," "," ","7",0," "," ","7",NA," "," "," ",NA," "," "," ",NA," "," "," ",NA," "," "," ",NA," "," "," ",NA," "," "," ",NA," "," "," ",NA," "," "," ",NA," "," "," ",NA," "," "," ",NA," "," "," ",NA," "," "," ",NA," "," "," ",NA," "," "," ",0," "," ","7",0," "," ","7",0," "," ","7",0," "," ","7",0," "," ","7",0," "," ","7",0," "," ","7",0," "," ","7"
"3147","USC00359461",2012,5,"SNWD",0," "," ","7",0," "," ","7",0," "," ","7",0," "," ","7",0," "," ","7",0," "," ","7",0," "," ","7",0," "," ","7",0," "," ","7",NA," "," "," ",NA," "," "," ",NA," "," "," ",NA," "," "," ",NA," "," "," ",NA," "," "," ",NA," "," "," ",NA," "," "," ",NA," "," "," ",NA," "," "," ",NA," "," "," ",NA," "," "," ",NA," "," "," ",NA," "," "," ",0," "," ","7",0," "," ","7",0," "," ","7",0," "," ","7",0," "," ","7",0," "," ","7",0," "," ","7",0," "," ","7"
"3148","USC00359461",2012,5,"SN32",144," "," ","7",144," "," ","7",133," "," ","7",139," "," ","7",128," "," ","7",128," "," ","7",128," "," ","7",133," "," ","7",144," "," ","7",150," "," ","7",150," "," ","7",150," "," ","7",161," "," ","7",178," "," ","7",189," "," ","7",189," "," ","7",194," "," ","7",189," "," ","7",183," "," ","7",183," "," ","7",189," "," ","7",183," "," ","7",167," "," ","7",161," "," ","7",150," "," ","7",144," "," ","7",144," "," ","7",150," "," ","7",161," "," ","7",156," "," ","7",161," "," ","7"
"3149","USC00359461",2012,5,"SX32",144," "," ","7",150," "," ","7",139," "," ","7",139," "," ","7",133," "," ","7",128," "," ","7",139," "," ","7",156," "," ","7",167," "," ","7",156," "," ","7",156," "," ","7",161," "," ","7",178," "," ","7",189," "," ","7",189," "," ","7",189," "," ","7",194," "," ","7",194," "," ","7",189," "," ","7",189," "," ","7",194," "," ","7",194," "," ","7",178," "," ","7",161," "," ","7",161," "," ","7",150," "," ","7",150," "," ","7",161," "," ","7",161," "," ","7",167," "," ","7",172," "," ","7"
"3150","USC00359461",2012,6,"TMAX",311," "," ","7",289," "," ","7",233," "," ","7",178," "," ","7",189," "," ","7",139," "," ","7",211," "," ","7",172," "," ","7",156," "," ","7",194," "," ","7",250," "," ","7",267," "," ","7",228," "," ","7",206," "," ","7",250," "," ","7",278," "," ","7",283," "," ","7",272," "," ","7",178," "," ","7",206," "," ","7",267," "," ","7",283," "," ","7",161," "," ","7",189," "," ","7",217," "," ","7",161," "," ","7",194," "," ","7",267," "," ","7",233," "," ","7",244," "," ","7",NA," "," "," "
"3151","USC00359461",2012,6,"TMIN",106," "," ","7",156," "," ","7",122," "," ","7",117," "," ","7",78," "," ","7",78," "," ","7",61," "," ","7",83," "," ","7",83," "," ","7",56," "," ","7",78," "," ","7",44," "," ","7",128," "," ","7",94," "," ","7",89," "," ","7",89," "," ","7",117," "," ","7",122," "," ","7",61," "," ","7",61," "," ","7",72," "," ","7",94," "," ","7",89," "," ","7",100," "," ","7",100," "," ","7",100," "," ","7",78," "," ","7",83," "," ","7",106," "," ","7",161," "," ","7",NA," "," "," "
"3152","USC00359461",2012,6,"TOBS",156," "," ","7",161," "," ","7",122," "," ","7",117," "," ","7",83," "," ","7",78," "," ","7",106," "," ","7",100," "," ","7",106," "," ","7",89," "," ","7",111," "," ","7",133," "," ","7",128," "," ","7",100," "," ","7",94," "," ","7",117," "," ","7",161," "," ","7",133," "," ","7",67," "," ","7",72," "," ","7",144," "," ","7",128," "," ","7",100," "," ","7",106," "," ","7",106," "," ","7",111," "," ","7",83," "," ","7",106," "," ","7",161," "," ","7",172," "," ","7",NA," "," "," "
"3153","USC00359461",2012,6,"PRCP",0," "," ","7",13," "," ","7",0," "," ","7",64," "," ","7",25," "," ","7",41," "," ","7",58," "," ","7",20," "," ","7",8," "," ","7",0," "," ","7",0," "," ","7",0," "," ","7",0," "," ","7",0," "," ","7",0," "," ","7",0," "," ","7",0," "," ","7",0," "," ","7",0," "," ","7",0," "," ","7",0," "," ","7",0," "," ","7",163," "," ","7",51," "," ","7",13," "," ","7",117," "," ","7",18," "," ","7",0," "," ","7",0," "," ","7",0," "," ","7",NA," "," "," "
"3154","USC00359461",2012,6,"SNOW",0," "," ","7",0," "," ","7",0," "," ","7",0," "," ","7",0," "," ","7",0," "," ","7",NA," "," "," ",NA," "," "," ",NA," "," "," ",NA," "," "," ",NA," "," "," ",NA," "," "," ",NA," "," "," ",NA," "," "," ",NA," "," "," ",NA," "," "," ",NA," "," "," ",NA," "," "," ",NA," "," "," ",NA," "," "," ",0," "," ","7",0," "," ","7",0," "," ","7",0," "," ","7",0," "," ","7",0," "," ","7",0," "," ","7",0," "," ","7",0," "," ","7",0," "," ","7",NA," "," "," "
"3155","USC00359461",2012,6,"SNWD",0," "," ","7",0," "," ","7",0," "," ","7",0," "," ","7",0," "," ","7",0," "," ","7",NA," "," "," ",NA," "," "," ",NA," "," "," ",NA," "," "," ",NA," "," "," ",NA," "," "," ",NA," "," "," ",NA," "," "," ",NA," "," "," ",NA," "," "," ",NA," "," "," ",NA," "," "," ",NA," "," "," ",NA," "," "," ",0," "," ","7",0," "," ","7",0," "," ","7",0," "," ","7",0," "," ","7",0," "," ","7",0," "," ","7",0," "," ","7",0," "," ","7",0," "," ","7",NA," "," "," "
"3156","USC00359461",2012,6,"SN32",167," "," ","7",172," "," ","7",183," "," ","7",183," "," ","7",172," "," ","7",167," "," ","7",156," "," ","7",156," "," ","7",156," "," ","7",156," "," ","7",167," "," ","7",172," "," ","7",189," "," ","7",194," "," ","7",189," "," ","7",194," "," ","7",206," "," ","7",217," "," ","7",206," "," ","7",206," "," ","7",206," "," ","7",200," "," ","7",194," "," ","7",189," "," ","7",183," "," ","7",178," "," ","7",172," "," ","7",178," "," ","7",189," "," ","7",194," "," ","7",NA," "," "," "
"3157","USC00359461",2012,6,"SX32",172," "," ","7",194," "," ","7",194," "," ","7",200," "," ","7",183," "," ","7",172," "," ","7",172," "," ","7",172," "," ","7",156," "," ","7",167," "," ","7",189," "," ","7",189," "," ","7",194," "," ","7",194," "," ","7",200," "," ","7",211," "," ","7",222," "," ","7",222," "," ","7",217," "," ","7",206," "," ","7",217," "," ","7",222," "," ","7",222," "," ","7",200," "," ","7",189," "," ","7",194," "," ","7",178," "," ","7",189," "," ","7",194," "," ","7",194," "," ","7",NA," "," "," "
"3158","USC00359461",2012,7,"TMAX",272," "," ","7",250," "," ","7",233," "," ","7",228," "," ","7",250," "," ","7",289," "," ","7",283," "," ","7",322," "," ","7",328," "," ","7",294," "," ","7",289," "," ","7",322," "," ","7",272," "," ","7",306," "," ","7",306," "," ","7",250," "," ","7",239," "," ","7",239," "," ","7",239," "," ","7",300," "," ","7",239," "," ","7",278," "," ","7",211," "," ","7",244," "," ","7",267," "," ","7",317," "," ","7",322," "," ","7",256," "," ","7",272," "," ","7",228," "," ","7",283," "," ","7"
"3159","USC00359461",2012,7,"TMIN",72," "," ","7",156," "," ","7",144," "," ","7",100," "," ","7",89," "," ","7",106," "," ","7",122," "," ","7",144," "," ","7",133," "," ","7",117," "," ","7",117," "," ","7",139," "," ","7",111," "," ","7",111," "," ","7",133," "," ","7",139," "," ","7",139," "," ","7",144," "," ","7",133," "," ","7",144," "," ","7",117," "," ","7",117," "," ","7",106," "," ","7",106," "," ","7",122," "," ","7",128," "," ","7",122," "," ","7",139," "," ","7",139," "," ","7",139," "," ","7",139," "," ","7"
"3160","USC00359461",2012,7,"TOBS",161," "," ","7",156," "," ","7",150," "," ","7",122," "," ","7",117," "," ","7",133," "," ","7",144," "," ","7",167," "," ","7",144," "," ","7",117," "," ","7",150," "," ","7",156," "," ","7",122," "," ","7",144," "," ","7",167," "," ","7",150," "," ","7",156," "," ","7",156," "," ","7",150," "," ","7",150," "," ","7",122," "," ","7",128," "," ","7",106," "," ","7",128," "," ","7",128," "," ","7",128," "," ","7",139," "," ","7",139," "," ","7",144," "," ","7",139," "," ","7",139," "," ","7"
"3161","USC00359461",2012,7,"PRCP",18," "," ","7",0," "," ","7",0," "," ","7",0," "," ","7",0," "," ","7",0," "," ","7",0," "," ","7",0," "," ","7",0," "," ","7",0," "," ","7",0," "," ","7",0," "," ","7",0," "," ","7",0," "," ","7",0," "," ","7",0," "," ","7",13," "," ","7",0," "," ","7",0," "," ","7",89," "," ","7",0," "," ","7",0," "," ","7",0," "," ","7",0," "," ","7",0," "," ","7",0," "," ","7",0," "," ","7",0," "," ","7",0," "," ","7",0," "," ","7",0," "," ","7"
"3162","USC00359461",2012,7,"SNOW",NA," "," "," ",0," "," ","7",0," "," ","7",0," "," ","7",NA," "," "," ",NA," "," "," ",NA," "," "," ",NA," "," "," ",NA," "," "," ",NA," "," "," ",NA," "," "," ",NA," "," "," ",NA," "," "," ",NA," "," "," ",NA," "," "," ",NA," "," "," ",NA," "," "," ",NA," "," "," ",0," "," ","7",0," "," ","7",0," "," ","7",0," "," ","7",0," "," ","7",0," "," ","7",0," "," ","7",0," "," ","7",0," "," ","7",0," "," ","7",0," "," ","7",0," "," ","7",0," "," ","7"
"3163","USC00359461",2012,7,"SNWD",NA," "," "," ",0," "," ","7",0," "," ","7",0," "," ","7",NA," "," "," ",NA," "," "," ",NA," "," "," ",NA," "," "," ",NA," "," "," ",NA," "," "," ",NA," "," "," ",NA," "," "," ",NA," "," "," ",NA," "," "," ",NA," "," "," ",NA," "," "," ",NA," "," "," ",NA," "," "," ",0," "," ","7",0," "," ","7",0," "," ","7",0," "," ","7",0," "," ","7",0," "," ","7",0," "," ","7",0," "," ","7",0," "," ","7",0," "," ","7",0," "," ","7",0," "," ","7",0," "," ","7"
"3164","USC00359461",2012,7,"SN32",167," "," ","7",200," ","I","7",194," "," ","7",200," "," ","7",194," "," ","7",200," "," ","7",211," "," ","7",217," "," ","7",233," "," ","7",239," "," ","7",233," "," ","7",233," "," ","7",239," "," ","7",250," ","I","7",244," "," ","7",239," "," ","7",233," "," ","7",228," "," ","7",222," "," ","7",222," "," ","7",228," "," ","7",228," "," ","7",217," "," ","7",217," "," ","7",217," "," ","7",217," "," ","7",217," "," ","7",217," "," ","7",211," "," ","7",211," "," ","7",211," "," ","7"
"3165","USC00359461",2012,7,"SX32",189," ","I","7",200," "," ","7",200," "," ","7",206," "," ","7",206," "," ","7",217," "," ","7",222," "," ","7",233," "," ","7",244," "," ","7",239," "," ","7",239," "," ","7",244," "," ","7",239," ","I","7",250," "," ","7",256," "," ","7",250," "," ","7",233," "," ","7",228," "," ","7",222," "," ","7",233," "," ","7",239," "," ","7",233," "," ","7",228," "," ","7",217," "," ","7",217," "," ","7",222," "," ","7",233," "," ","7",222," "," ","7",217," "," ","7",211," "," ","7",222," "," ","7"
"3166","USC00359461",2012,8,"TMAX",283," "," ","7",294," "," ","7",300," "," ","7",311," "," ","7",383," "," ","7",344," "," ","7",294," "," ","7",278," "," ","7",278," "," ","7",289," "," ","7",283," "," ","7",311," "," ","7",344," "," ","7",344," "," ","7",344," "," ","7",356," "," ","7",356," "," ","7",328," "," ","7",322," "," ","7",272," "," ","7",300," "," ","7",289," "," ","7",278," "," ","7",261," "," ","7",261," "," ","7",289," "," ","7",272," "," ","7",233," "," ","7",261," "," ","7",289," "," ","7",272," "," ","7"
"3167","USC00359461",2012,8,"TMIN",128," "," ","7",111," "," ","7",117," "," ","7",150," "," ","7",167," "," ","7",150," "," ","7",133," "," ","7",122," "," ","7",139," "," ","7",144," "," ","7",139," "," ","7",139," "," ","7",139," "," ","7",161," "," ","7",161," "," ","7",161," "," ","7",161," "," ","7",161," "," ","7",122," "," ","7",117," "," ","7",117," "," ","7",122," "," ","7",122," "," ","7",122," "," ","7",122," "," ","7",100," "," ","7",100," "," ","7",122," "," ","7",100," "," ","7",89," "," ","7",89," "," ","7"
"3168","USC00359461",2012,8,"TOBS",128," "," ","7",117," "," ","7",156," "," ","7",167," "," ","7",183," "," ","7",156," "," ","7",133," "," ","7",139," "," ","7",161," "," ","7",161," "," ","7",139," "," ","7",139," "," ","7",161," "," ","7",161," "," ","7",167," "," ","7",178," "," ","7",161," "," ","7",161," "," ","7",128," "," ","7",117," "," ","7",128," "," ","7",122," "," ","7",133," "," ","7",122," "," ","7",122," "," ","7",100," "," ","7",144," "," ","7",122," "," ","7",100," "," ","7",94," "," ","7",106," "," ","7"
"3169","USC00359461",2012,8,"PRCP",0," "," ","7",0," "," ","7",0," "," ","7",0," "," ","7",0," "," ","7",0," "," ","7",0," "," ","7",0," "," ","7",0," "," ","7",0," "," ","7",0," "," ","7",0," "," ","7",0," "," ","7",0," "," ","7",0," "," ","7",0," "," ","7",0," "," ","7",0," "," ","7",0," "," ","7",0," "," ","7",0," "," ","7",0," "," ","7",0," "," ","7",0," "," ","7",0," "," ","7",0," "," ","7",0," "," ","7",0," "," ","7",0," "," ","7",0," "," ","7",0," "," ","7"
"3170","USC00359461",2012,8,"SNOW",0," "," ","7",NA," "," "," ",NA," "," "," ",NA," "," "," ",NA," "," "," ",NA," "," "," ",NA," "," "," ",NA," "," "," ",0," "," ","7",0," "," ","7",0," "," ","7",0," "," ","7",0," "," ","7",0," "," ","7",0," "," ","7",0," "," ","7",0," "," ","7",0," "," ","7",0," "," ","7",0," "," ","7",0," "," ","7",0," "," ","7",0," "," ","7",0," "," ","7",0," "," ","7",0," "," ","7",0," "," ","7",0," "," ","7",0," "," ","7",NA," "," "," ",NA," "," "," "
"3171","USC00359461",2012,8,"SNWD",0," "," ","7",NA," "," "," ",NA," "," "," ",NA," "," "," ",NA," "," "," ",NA," "," "," ",NA," "," "," ",NA," "," "," ",0," "," ","7",0," "," ","7",0," "," ","7",0," "," ","7",0," "," ","7",0," "," ","7",0," "," ","7",0," "," ","7",0," "," ","7",0," "," ","7",0," "," ","7",0," "," ","7",0," "," ","7",0," "," ","7",0," "," ","7",0," "," ","7",0," "," ","7",0," "," ","7",0," "," ","7",0," "," ","7",0," "," ","7",NA," "," "," ",NA," "," "," "
"3172","USC00359461",2012,8,"SN32",217," "," ","7",222," "," ","7",233," "," ","7",239," "," ","7",244," "," ","7",261," "," ","7",256," "," ","7",256," ","I","7",239," "," ","7",244," "," ","7",239," "," ","7",244," "," ","7",244," "," ","7",261," "," ","7",261," "," ","7",261," "," ","7",267," "," ","7",272," "," ","7",267," "," ","7",261," "," ","7",256," "," ","7",256," "," ","7",256," "," ","7",244," "," ","7",239," "," ","7",239," "," ","7",233," "," ","7",233," "," ","7",228," "," ","7",233," "," ","7",233," "," ","7"
"3173","USC00359461",2012,8,"SX32",222," "," ","7",233," "," ","7",244," "," ","7",244," "," ","7",261," "," ","7",261," "," ","7",261," "," ","7",256," "," ","7",244," ","I","7",244," "," ","7",239," "," ","7",250," "," ","7",256," "," ","7",261," "," ","7",261," "," ","7",267," "," ","7",272," "," ","7",272," "," ","7",272," "," ","7",267," "," ","7",261," "," ","7",256," "," ","7",261," "," ","7",250," "," ","7",244," "," ","7",239," "," ","7",239," "," ","7",233," "," ","7",233," "," ","7",244," "," ","7",233," "," ","7"
"3174","USC00359461",2012,9,"TMAX",256," "," ","7",267," "," ","7",272," "," ","7",278," "," ","7",294," "," ","7",300," "," ","7",317," "," ","7",350," "," ","7",250," "," ","7",233," "," ","7",217," "," ","7",222," "," ","7",344," "," ","7",350," "," ","7",311," "," ","7",283," "," ","7",294," "," ","7",350," "," ","7",289," "," ","7",267," "," ","7",211," "," ","7",189," "," ","7",256," "," ","7",256," "," ","7",228," "," ","7",239," "," ","7",311," "," ","7",294," "," ","7",294," "," ","7",278," "," ","7",NA," "," "," "
"3175","USC00359461",2012,9,"TMIN",78," "," ","7",67," "," ","7",67," "," ","7",83," "," ","7",100," "," ","7",106," "," ","7",106," "," ","7",122," "," ","7",128," "," ","7",100," "," ","7",100," "," ","7",89," "," ","7",61," "," ","7",83," "," ","7",106," "," ","7",100," "," ","7",94," "," ","7",94," "," ","7",106," "," ","7",117," "," ","7",122," "," ","7",122," "," ","7",89," "," ","7",89," "," ","7",89," "," ","7",72," "," ","7",61," "," ","7",56," "," ","7",94," "," ","7",100," "," ","7",NA," "," "," "
"3176","USC00359461",2012,9,"TOBS",78," "," ","7",67," "," ","7",89," "," ","7",100," "," ","7",106," "," ","7",106," "," ","7",122," "," ","7",128," "," ","7",128," "," ","7",100," "," ","7",106," "," ","7",89," "," ","7",89," "," ","7",117," "," ","7",106," "," ","7",106," "," ","7",94," "," ","7",117," "," ","7",117," "," ","7",122," "," ","7",122," "," ","7",139," "," ","7",NA," "," "," ",89," "," ","7",100," "," ","7",72," "," ","7",61," "," ","7",100," "," ","7",100," "," ","7",106," "," ","7",NA," "," "," "
"3177","USC00359461",2012,9,"PRCP",0," "," ","7",0," "," ","7",0," "," ","7",0," "," ","7",0," "," ","7",0," "," ","7",0," "," ","7",0," "," ","7",0," "," ","7",0," "," ","7",0," "," ","7",0," "," ","7",0," "," ","7",0," "," ","7",0," "," ","7",0," "," ","7",0," "," ","7",0," "," ","7",0," "," ","7",0," "," ","7",0," "," ","7",0," "," ","7",0," "," ","7",0," "," ","7",0," "," ","7",0," "," ","7",0," "," ","7",0," "," ","7",0," "," ","7",0," "," ","7",NA," "," "," "
"3178","USC00359461",2012,9,"SNOW",NA," "," "," ",NA," "," "," ",NA," "," "," ",NA," "," "," ",NA," "," "," ",0," "," ","7",0," "," ","7",0," "," ","7",0," "," ","7",0," "," ","7",0," "," ","7",0," "," ","7",0," "," ","7",0," "," ","7",0," "," ","7",NA," "," "," ",0," "," ","7",0," "," ","7",0," "," ","7",0," "," ","7",0," "," ","7",0," "," ","7",0," "," ","7",0," "," ","7",0," "," ","7",0," "," ","7",NA," "," "," ",NA," "," "," ",NA," "," "," ",NA," "," "," ",NA," "," "," "
"3179","USC00359461",2012,9,"SNWD",NA," "," "," ",NA," "," "," ",NA," "," "," ",NA," "," "," ",NA," "," "," ",0," "," ","7",0," "," ","7",0," "," ","7",0," "," ","7",0," "," ","7",0," "," ","7",0," "," ","7",0," "," ","7",0," "," ","7",0," "," ","7",NA," "," "," ",0," "," ","7",0," "," ","7",0," "," ","7",0," "," ","7",0," "," ","7",0," "," ","7",0," "," ","7",0," "," ","7",0," "," ","7",0," "," ","7",NA," "," "," ",NA," "," "," ",NA," "," "," ",NA," "," "," ",NA," "," "," "
"3180","USC00359461",2012,9,"SN32",233," "," ","7",228," "," ","7",228," "," ","7",228," "," ","7",228," "," ","7",233," "," ","7",239," "," ","7",239," "," ","7",228," "," ","7",222," "," ","7",222," "," ","7",211," "," ","7",211," "," ","7",217," "," ","7",222," "," ","7",228," "," ","7",228," "," ","7",228," "," ","7",228," "," ","7",217," "," ","7",217," "," ","7",211," "," ","7",NA," "," "," ",211," "," ","7",206," "," ","7",206," "," ","7",194," "," ","7",200," "," ","7",194," "," ","7",200," "," ","7",NA," "," "," "
"3181","USC00359461",2012,9,"SX32",233," "," ","7",233," "," ","7",233," "," ","7",228," "," ","7",233," "," ","7",233," "," ","7",239," "," ","7",239," "," ","7",233," "," ","7",228," "," ","7",228," "," ","7",222," "," ","7",217," "," ","7",222," "," ","7",228," "," ","7",233," "," ","7",228," "," ","7",228," "," ","7",228," "," ","7",228," "," ","7",222," "," ","7",217," "," ","7",NA," "," "," ",211," "," ","7",211," "," ","7",206," "," ","7",206," "," ","7",200," "," ","7",200," "," ","7",206," "," ","7",NA," "," "," "
"3182","USC00359461",2012,10,"TMAX",250," "," ","7",283," "," ","7",239," "," ","7",239," "," ","7",239," "," ","7",222," "," ","7",233," "," ","7",261," "," ","7",233," "," ","7",233," "," ","7",233," "," ","7",228," "," ","7",167," "," ","7",233," "," ","7",222," "," ","7",239," "," ","7",183," "," ","7",156," "," ","7",206," "," ","7",194," "," ","7",139," "," ","7",106," "," ","7",117," "," ","7",117," "," ","7",128," "," ","7",144," "," ","7",200," "," ","7",150," "," ","7",194," "," ","7",206," "," ","7",189," "," ","7"
"3183","USC00359461",2012,10,"TMIN",78," "," ","7",72," "," ","7",44," "," ","7",39," "," ","7",33," "," ","7",28," "," ","7",33," "," ","7",28," "," ","7",39," "," ","7",39," "," ","7",33," "," ","7",44," "," ","7",100," "," ","7",106," "," ","7",106," "," ","7",133," "," ","7",39," "," ","7",39," "," ","7",56," "," ","7",100," "," ","7",39," "," ","7",44," "," ","7",56," "," ","7",56," "," ","7",39," "," ","7",39," "," ","7",50," "," ","7",94," "," ","7",111," "," ","7",117," "," ","7",83," "," ","7"
"3184","USC00359461",2012,10,"TOBS",78," "," ","7",106," "," ","7",50," "," ","7",44," "," ","7",39," "," ","7",56," "," ","7",44," "," ","7",50," "," ","7",50," "," ","7",50," "," ","7",44," "," ","7",100," "," ","7",122," "," ","7",106," "," ","7",133," "," ","7",133," "," ","7",50," "," ","7",56," "," ","7",111," "," ","7",100," "," ","7",44," "," ","7",78," "," ","7",56," "," ","7",61," "," ","7",39," "," ","7",78," "," ","7",94," "," ","7",122," "," ","7",122," "," ","7",117," "," ","7",94," "," ","7"
"3185","USC00359461",2012,10,"PRCP",0," "," ","7",0," "," ","7",0," "," ","7",0," "," ","7",0," "," ","7",0," "," ","7",0," "," ","7",0," "," ","7",0," "," ","7",0," "," ","7",0," "," ","7",0," "," ","7",61," "," ","7",3," "," ","7",25," "," ","7",201," "," ","7",0,"T"," ","7",0," "," ","7",0," "," ","7",84," "," ","7",0," "," ","7",64," "," ","7",130," "," ","7",71," "," ","7",20," "," ","7",3," "," ","7",8," "," ","7",41," "," ","7",5," "," ","7",5," "," ","7",8," "," ","7"
"3186","USC00359461",2012,10,"SNOW",NA," "," "," ",NA," "," "," ",NA," "," "," ",NA," "," "," ",NA," "," "," ",NA," "," "," ",NA," "," "," ",NA," "," "," ",NA," "," "," ",NA," "," "," ",NA," "," "," ",NA," "," "," ",NA," "," "," ",NA," "," "," ",NA," "," "," ",NA," "," "," ",NA," "," "," ",0," "," ","7",0," "," ","7",0," "," ","7",0," "," ","7",0," "," ","7",0," "," ","7",0," "," ","7",NA," "," "," ",NA," "," "," ",NA," "," "," ",NA," "," "," ",NA," "," "," ",NA," "," "," ",NA," "," "," "
"3187","USC00359461",2012,10,"SNWD",NA," "," "," ",NA," "," "," ",NA," "," "," ",NA," "," "," ",NA," "," "," ",NA," "," "," ",NA," "," "," ",NA," "," "," ",NA," "," "," ",NA," "," "," ",NA," "," "," ",NA," "," "," ",NA," "," "," ",NA," "," "," ",NA," "," "," ",NA," "," "," ",NA," "," "," ",0," "," ","7",0," "," ","7",0," "," ","7",0," "," ","7",0," "," ","7",0," "," ","7",0," "," ","7",NA," "," "," ",NA," "," "," ",NA," "," "," ",NA," "," "," ",NA," "," "," ",NA," "," "," ",NA," "," "," "
"3188","USC00359461",2012,10,"SN32",206," "," ","7",200," "," ","7",200," "," ","7",189," "," ","7",189," "," ","7",183," "," ","7",178," "," ","7",178," "," ","7",178," "," ","7",172," "," ","7",172," "," ","7",167," "," ","7",167," "," ","7",167," "," ","7",167," "," ","7",167," "," ","7",156," "," ","7",156," "," ","7",156," "," ","7",144," "," ","7",139," "," ","7",133," "," ","7",122," "," ","7",111," "," ","7",100," "," ","7",100," "," ","7",106," "," ","7",111," "," ","7",111," "," ","7",122," "," ","7",128," "," ","7"
"3189","USC00359461",2012,10,"SX32",206," "," ","7",206," "," ","7",200," "," ","7",200," "," ","7",189," "," ","7",183," "," ","7",183," "," ","7",183," "," ","7",178," "," ","7",172," "," ","7",172," "," ","7",167," "," ","7",172," "," ","7",167," "," ","7",167," "," ","7",167," "," ","7",167," "," ","7",161," "," ","7",156," "," ","7",156," "," ","7",144," "," ","7",139," "," ","7",133," "," ","7",122," "," ","7",106," "," ","7",106," "," ","7",111," "," ","7",111," "," ","7",122," "," ","7",128," "," ","7",128," "," ","7"
"3190","USC00359461",2012,11,"TMAX",150," "," ","7",167," "," ","7",139," "," ","7",211," "," ","7",233," "," ","7",178," "," ","7",183," "," ","7",150," "," ","7",89," "," ","7",89," "," ","7",106," "," ","7",100," "," ","7",133," "," ","7",128," "," ","7",144," "," ","7",144," "," ","7",128," "," ","7",111," "," ","7",139," "," ","7",183," "," ","7",144," "," ","7",122," "," ","7",106," "," ","7",106," "," ","7",122," "," ","7",72," "," ","7",100," "," ","7",78," "," ","7",172," "," ","7",111," "," ","7",NA," "," "," "
"3191","USC00359461",2012,11,"TMIN",83," "," ","7",61," "," ","7",67," "," ","7",94," "," ","7",94," "," ","7",100," "," ","7",78," "," ","7",28," "," ","7",22," "," ","7",11," "," ","7",6," "," ","7",28," "," ","7",72," "," ","7",72," "," ","7",67," "," ","7",56," "," ","7",44," "," ","7",28," "," ","7",39," "," ","7",117," "," ","7",72," "," ","7",39," "," ","7",33," "," ","7",33," "," ","7",56," "," ","7",44," "," ","7",44," "," ","7",50," "," ","7",50," "," ","7",78," "," ","7",NA," "," "," "
"3192","USC00359461",2012,11,"TOBS",117," "," ","7",78," "," ","7",100," "," ","7",128," "," ","7",111," "," ","7",122," "," ","7",89," "," ","7",39," "," ","7",22," "," ","7",11," "," ","7",28," "," ","7",72," "," ","7",83," "," ","7",78," "," ","7",78," "," ","7",56," "," ","7",78," "," ","7",39," "," ","7",139," "," ","7",117," "," ","7",72," "," ","7",39," "," ","7",33," "," ","7",89," "," ","7",56," "," ","7",44," "," ","7",56," "," ","7",50," "," ","7",111," "," ","7",83," "," ","7",NA," "," "," "
"3193","USC00359461",2012,11,"PRCP",84," "," ","7",15," "," ","7",15," "," ","7",0," "," ","7",0,"T"," ","7",0,"T"," ","7",0," "," ","7",5," "," ","7",28," "," ","7",48," "," ","7",3," "," ","7",33," "," ","7",8," "," ","7",0," "," ","7",3," "," ","7",0," "," ","7",28," "," ","7",104," "," ","7",3," "," ","7",1003," "," ","7",160," "," ","7",5," "," ","7",0,"T"," ","7",84," "," ","7",140," "," ","7",0,"T"," ","7",3," "," ","7",0,"T"," ","7",56," "," ","7",452," "," ","7",NA," "," "," "
"3194","USC00359461",2012,11,"SNOW",NA," "," "," ",NA," "," "," ",NA," "," "," ",NA," "," "," ",NA," "," "," ",NA," "," "," ",NA," "," "," ",0," "," ","7",0," "," ","7",0," "," ","7",0," "," ","7",0," "," ","7",0," "," ","7",0," "," ","7",0," "," ","7",0," "," ","7",0," "," ","7",0," "," ","7",0," "," ","7",0," "," ","7",0," "," ","7",NA," "," "," ",NA," "," "," ",NA," "," "," ",NA," "," "," ",NA," "," "," ",NA," "," "," ",NA," "," "," ",NA," "," "," ",NA," "," "," ",NA," "," "," "
"3195","USC00359461",2012,11,"SNWD",NA," "," "," ",NA," "," "," ",NA," "," "," ",NA," "," "," ",NA," "," "," ",NA," "," "," ",NA," "," "," ",0," "," ","7",0," "," ","7",0," "," ","7",0," "," ","7",0," "," ","7",0," "," ","7",0," "," ","7",0," "," ","7",0," "," ","7",0," "," ","7",0," "," ","7",0," "," ","7",0," "," ","7",0," "," ","7",NA," "," "," ",NA," "," "," ",NA," "," "," ",NA," "," "," ",NA," "," "," ",NA," "," "," ",NA," "," "," ",NA," "," "," ",NA," "," "," ",NA," "," "," "
"3196","USC00359461",2012,11,"SN32",122," "," ","7",117," "," ","7",117," "," ","7",111," "," ","7",122," "," ","7",128," "," ","7",128," "," ","7",117," "," ","7",100," "," ","7",89," "," ","7",83," "," ","7",83," "," ","7",78," "," ","7",83," "," ","7",83," "," ","7",78," "," ","7",78," "," ","7",78," "," ","7",78," "," ","7",78," "," ","7",72," "," ","7",78," "," ","7",78," "," ","7",78," "," ","7",78," "," ","7",78," "," ","7",72," "," ","7",72," "," ","7",72," "," ","7",72," "," ","7",NA," "," "," "
"3197","USC00359461",2012,11,"SX32",128," "," ","7",117," "," ","7",117," "," ","7",117," "," ","7",128," "," ","7",128," "," ","7",128," "," ","7",128," "," ","7",117," "," ","7",100," "," ","7",83," "," ","7",89," "," ","7",83," "," ","7",83," "," ","7",89," "," ","7",83," "," ","7",83," "," ","7",83," "," ","7",89," "," ","7",83," "," ","7",83," "," ","7",89," "," ","7",78," "," ","7",78," "," ","7",78," "," ","7",78," "," ","7",78," "," ","7",72," "," ","7",72," "," ","7",72," "," ","7",NA," "," "," "
"3198","USC00359461",2012,12,"TMAX",156," "," ","7",117," "," ","7",122," "," ","7",144," "," ","7",133," "," ","7",100," "," ","7",78," "," ","7",94," "," ","7",83," "," ","7",111," "," ","7",100," "," ","7",83," "," ","7",72," "," ","7",72," "," ","7",67," "," ","7",61," "," ","7",117," "," ","7",78," "," ","7",50," "," ","7",100," "," ","7",56," "," ","7",61," "," ","7",67," "," ","7",61," "," ","7",89," "," ","7",83," "," ","7",78," "," ","7",72," "," ","7",56," "," ","7",50," "," ","7",56," "," ","7"
"3199","USC00359461",2012,12,"TMIN",72," "," ","7",67," "," ","7",56," "," ","7",61," "," ","7",72," "," ","7",33," "," ","7",28," "," ","7",33," "," ","7",28," "," ","7",33," "," ","7",56," "," ","7",33," "," ","7",22," "," ","7",22," "," ","7",0," "," ","7",6," "," ","7",44," "," ","7",6," "," ","7",-6," "," ","7",17," "," ","7",17," "," ","7",22," "," ","7",11," "," ","7",11," "," ","7",17," "," ","7",33," "," ","7",33," "," ","7",6," "," ","7",11," "," ","7",6," "," ","7",-11," "," ","7"
"3200","USC00359461",2012,12,"TOBS",78," "," ","7",78," "," ","7",72," "," ","7",128," "," ","7",83," "," ","7",33," "," ","7",33," "," ","7",44," "," ","7",39," "," ","7",67," "," ","7",56," "," ","7",33," "," ","7",22," "," ","7",28," "," ","7",6," "," ","7",50," "," ","7",61," "," ","7",6," "," ","7",17," "," ","7",44," "," ","7",28," "," ","7",33," "," ","7",22," "," ","7",17," "," ","7",33," "," ","7",44," "," ","7",39," "," ","7",17," "," ","7",39," "," ","7",22," "," ","7",11," "," ","7"
"3201","USC00359461",2012,12,"PRCP",203," "," ","7",302," "," ","7",5," "," ","7",91," "," ","7",203," "," ","7",0," "," ","7",0," "," ","7",10," "," ","7",3," "," ","7",0," "," ","7",0," "," ","7",84," "," ","7",0," "," ","7",13," "," ","7",0," "," ","7",97," "," ","7",145," "," ","7",114," "," ","7",18," "," ","7",107," "," ","7",325," "," ","7",81," "," ","7",140," "," ","7",198," "," ","7",30," "," ","7",43," "," ","7",61," "," ","7",0,"T"," ","7",13," "," ","7",0,"T"," ","7",0,"T"," ","7"
"3202","USC00359461",2012,12,"SNOW",NA," "," "," ",NA," "," "," ",NA," "," "," ",NA," "," "," ",NA," "," "," ",0," "," ","7",0," "," ","7",0," "," ","7",0," "," ","7",0," "," ","7",0," "," ","7",0," "," ","7",0," "," ","7",0," "," ","7",0," "," ","7",0," "," ","7",0," "," ","7",0," "," ","7",0," "," ","7",NA," "," "," ",NA," "," "," ",NA," "," "," ",NA," "," "," ",NA," "," "," ",NA," "," "," ",NA," "," "," ",NA," "," "," ",NA," "," "," ",NA," "," "," ",NA," "," "," ",NA," "," "," "
"3203","USC00359461",2012,12,"SNWD",NA," "," "," ",NA," "," "," ",NA," "," "," ",NA," "," "," ",NA," "," "," ",0," "," ","7",0," "," ","7",0," "," ","7",0," "," ","7",0," "," ","7",0," "," ","7",0," "," ","7",0," "," ","7",0," "," ","7",0," "," ","7",0," "," ","7",0," "," ","7",0," "," ","7",0," "," ","7",NA," "," "," ",NA," "," "," ",NA," "," "," ",NA," "," "," ",NA," "," "," ",NA," "," "," ",NA," "," "," ",NA," "," "," ",NA," "," "," ",NA," "," "," ",NA," "," "," ",NA," "," "," "
"3204","USC00359461",2012,12,"SN32",72," "," ","7",56," "," ","7",72," "," ","7",72," "," ","7",72," "," ","7",78," "," ","7",67," "," ","7",67," "," ","7",67," "," ","7",61," "," ","7",61," "," ","7",61," "," ","7",61," "," ","7",56," "," ","7",56," ","I","7",44," "," ","7",44," "," ","7",44," "," ","7",33," "," ","7",33," "," ","7",33," "," ","7",33," "," ","7",28," "," ","7",28," "," ","7",28," "," ","7",28," "," ","7",28," "," ","7",33," "," ","7",28," "," ","7",28," "," ","7",28," "," ","7"
"3205","USC00359461",2012,12,"SX32",72," "," ","7",72," "," ","7",72," "," ","7",72," "," ","7",72," "," ","7",78," "," ","7",72," "," ","7",67," "," ","7",67," "," ","7",67," "," ","7",61," "," ","7",61," "," ","7",61," "," ","7",61," "," ","7",56," "," ","7",44," ","I","7",44," "," ","7",44," "," ","7",44," "," ","7",33," "," ","7",33," "," ","7",33," "," ","7",33," "," ","7",28," "," ","7",28," "," ","7",28," "," ","7",28," "," ","7",33," "," ","7",28," "," ","7",28," "," ","7",28," "," ","7"
"3206","USC00359461",2013,1,"TMAX",56," "," ","7",83," "," ","7",17," "," ","7",67," "," ","7",100," "," ","7",72," "," ","7",106," "," ","7",111," "," ","7",156," "," ","7",100," "," ","7",39," "," ","7",56," "," ","7",28," "," ","7",22," "," ","7",11," "," ","7",28," "," ","7",22," "," ","7",17," "," ","7",50," "," ","7",56," "," ","7",72," "," ","7",78," "," ","7",67," "," ","7",61," "," ","7",100," "," ","7",122," "," ","7",94," "," ","7",72," "," ","7",61," "," ","7",100," "," ","7",111," "," ","7"
"3207","USC00359461",2013,1,"TMIN",0," "," ","7",-17," "," ","7",-17," "," ","7",-17," "," ","7",0," "," ","7",17," "," ","7",39," "," ","7",56," "," ","7",50," "," ","7",6," "," ","7",6," "," ","7",-11," "," ","7",-28," "," ","7",-39," "," ","7",-39," "," ","7",-28," "," ","7",-17," "," ","7",-17," "," ","7",-22," "," ","7",-33," "," ","7",-39," "," ","7",-39," "," ","7",-33," "," ","7",28," "," ","7",44," "," ","7",39," "," ","7",22," "," ","7",22," "," ","7",39," "," ","7",33," "," ","7",33," "," ","7"
"3208","USC00359461",2013,1,"TOBS",17," "," ","7",-11," "," ","7",-17," "," ","7",0," "," ","7",17," "," ","7",39," "," ","7",56," "," ","7",67," "," ","7",83," "," ","7",6," "," ","7",17," "," ","7",-11," "," ","7",-11," "," ","7",-17," "," ","7",-28," "," ","7",-11," "," ","7",-17," "," ","7",-17," "," ","7",-22," "," ","7",-33," "," ","7",-33," "," ","7",-28," "," ","7",28," "," ","7",50," "," ","7",78," "," ","7",44," "," ","7",28," "," ","7",44," "," ","7",61," "," ","7",39," "," ","7",44," "," ","7"
"3209","USC00359461",2013,1,"PRCP",15," "," ","7",0," "," ","7",0," "," ","7",3," "," ","7",3," "," ","7",5," "," ","7",13," "," ","7",5," "," ","7",8," "," ","7",119," "," ","7",76," "," ","7",0," "," ","7",0," "," ","7",0," "," ","7",0," "," ","7",0," "," ","7",0," "," ","7",5," "," ","7",3," "," ","7",0," "," ","7",0," "," ","7",0,"T"," ","7",0," "," ","7",145," "," ","7",91," "," ","7",94," "," ","7",41," "," ","7",58," "," ","7",41," "," ","7",0," "," ","7",3," "," ","7"
"3210","USC00359461",2013,1,"SNOW",NA," "," "," ",NA," "," "," ",0," "," ","7",0," "," ","7",0," "," ","7",NA," "," "," ",0," "," ","7",NA," "," "," ",0," "," ","7",0," "," ","7",0," "," ","7",0," "," ","7",0," "," ","7",0," "," ","7",NA," "," "," ",0," "," ","7",NA," "," "," ",NA," "," "," ",NA," "," "," ",NA," "," "," ",NA," "," "," ",NA," "," "," ",NA," "," "," ",NA," "," "," ",NA," "," "," ",NA," "," "," ",NA," "," "," ",NA," "," "," ",NA," "," "," ",NA," "," "," ",0," "," ","7"
"3211","USC00359461",2013,1,"SNWD",NA," "," "," ",NA," "," "," ",0," "," ","7",0," "," ","7",0," "," ","7",NA," "," "," ",0," "," ","7",NA," "," "," ",0," "," ","7",0," "," ","7",0," "," ","7",0," "," ","7",0," "," ","7",0," "," ","7",NA," "," "," ",0," "," ","7",NA," "," "," ",NA," "," "," ",NA," "," "," ",NA," "," "," ",NA," "," "," ",NA," "," "," ",NA," "," "," ",NA," "," "," ",NA," "," "," ",NA," "," "," ",NA," "," "," ",NA," "," "," ",NA," "," "," ",NA," "," "," ",0," "," ","7"
"3212","USC00359461",2013,1,"SN32",22," "," ","7",22," "," ","7",17," "," ","7",17," "," ","7",17," "," ","7",11," "," ","7",17," "," ","7",33," ","I","7",33," "," ","7",33," "," ","7",33," "," ","7",33," ","I","7",17," "," ","7",11," "," ","7",11," "," ","7",6," "," ","7",0," "," ","7",0," "," ","7",0," "," ","7",6," "," ","7",0," "," ","7",0," "," ","7",6," "," ","7",6," "," ","7",11," "," ","7",28," ","I","7",28," "," ","7",33," "," ","7",33," "," ","7",33," "," ","7",33," "," ","7"
"3213","USC00359461",2013,1,"SX32",22," "," ","7",22," "," ","7",17," "," ","7",17," "," ","7",17," "," ","7",17," "," ","7",22," ","I","7",39," "," ","7",39," "," ","7",39," "," ","7",39," "," ","7",33," "," ","7",22," ","I","7",17," "," ","7",17," "," ","7",11," "," ","7",11," "," ","7",0," "," ","7",6," "," ","7",6," "," ","7",6," "," ","7",0," "," ","7",6," "," ","7",11," "," ","7",17," ","I","7",28," "," ","7",28," "," ","7",33," "," ","7",33," "," ","7",33," "," ","7",39," "," ","7"
"3214","USC00359461",2013,2,"TMAX",94," "," ","7",122," "," ","7",100," "," ","7",89," "," ","7",117," "," ","7",128," "," ","7",128," "," ","7",78," "," ","7",78," "," ","7",94," "," ","7",83," "," ","7",106," "," ","7",117," "," ","7",128," "," ","7",144," "," ","7",139," "," ","7",106," "," ","7",106," "," ","7",100," "," ","7",89," "," ","7",111," "," ","7",89," "," ","7",111," "," ","7",72," "," ","7",111," "," ","7",106," "," ","7",117," "," ","7",133," "," ","7",NA," "," "," ",NA," "," "," ",NA," "," "," "
"3215","USC00359461",2013,2,"TMIN",44," "," ","7",39," "," ","7",17," "," ","7",44," "," ","7",33," "," ","7",17," "," ","7",17," "," ","7",17," "," ","7",11," "," ","7",11," "," ","7",50," "," ","7",50," "," ","7",56," "," ","7",50," "," ","7",28," "," ","7",28," "," ","7",11," "," ","7",-6," "," ","7",0," "," ","7",0," "," ","7",0," "," ","7",28," "," ","7",17," "," ","7",11," "," ","7",17," "," ","7",0," "," ","7",11," "," ","7",39," "," ","7",NA," "," "," ",NA," "," "," ",NA," "," "," "
"3216","USC00359461",2013,2,"TOBS",61," "," ","7",44," "," ","7",44," "," ","7",61," "," ","7",44," "," ","7",17," "," ","7",28," "," ","7",28," "," ","7",11," "," ","7",50," "," ","7",50," "," ","7",61," "," ","7",61," "," ","7",61," "," ","7",39," "," ","7",28," "," ","7",11," "," ","7",0," "," ","7",17," "," ","7",0," "," ","7",39," "," ","7",50," "," ","7",22," "," ","7",22," "," ","7",44," "," ","7",17," "," ","7",44," "," ","7",78," "," ","7",NA," "," "," ",NA," "," "," ",NA," "," "," "
"3217","USC00359461",2013,2,"PRCP",0," "," ","7",3," "," ","7",3," "," ","7",0," "," ","7",5," "," ","7",15," "," ","7",20," "," ","7",38," "," ","7",0," "," ","7",0," "," ","7",0," "," ","7",10," "," ","7",0," "," ","7",0," "," ","7",0," "," ","7",3," "," ","7",0,"T"," ","7",0," "," ","7",25," "," ","7",3," "," ","7",15," "," ","7",18," "," ","7",81," "," ","7",30," "," ","7",23," "," ","7",8," "," ","7",0,"T"," ","7",8," "," ","7",NA," "," "," ",NA," "," "," ",NA," "," "," "
"3218","USC00359461",2013,2,"SNOW",0," "," ","7",0," "," ","7",0," "," ","7",0," "," ","7",0," "," ","7",0," "," ","7",0," "," ","7",0," "," ","7",0," "," ","7",0," "," ","7",0," "," ","7",0," "," ","7",0," "," ","7",NA," "," "," ",NA," "," "," ",NA," "," "," ",NA," "," "," ",NA," "," "," ",NA," "," "," ",NA," "," "," ",NA," "," "," ",NA," "," "," ",NA," "," "," ",NA," "," "," ",NA," "," "," ",NA," "," "," ",NA," "," "," ",0," "," ","7",NA," "," "," ",NA," "," "," ",NA," "," "," "
"3219","USC00359461",2013,2,"SNWD",0," "," ","7",0," "," ","7",0," "," ","7",0," "," ","7",0," "," ","7",0," "," ","7",0," "," ","7",0," "," ","7",0," "," ","7",0," "," ","7",0," "," ","7",0," "," ","7",0," "," ","7",NA," "," "," ",NA," "," "," ",NA," "," "," ",NA," "," "," ",NA," "," "," ",NA," "," "," ",NA," "," "," ",NA," "," "," ",NA," "," "," ",NA," "," "," ",NA," "," "," ",NA," "," "," ",NA," "," "," ",NA," "," "," ",0," "," ","7",NA," "," "," ",NA," "," "," ",NA," "," "," "
"3220","USC00359461",2013,2,"SN32",39," "," ","7",44," "," ","7",44," "," ","7",44," "," ","7",44," "," ","7",50," "," ","7",44," "," ","7",44," "," ","7",44," "," ","7",44," "," ","7",44," "," ","7",44," "," ","7",44," "," ","7",44," "," ","7",56," "," ","7",61," "," ","7",56," "," ","7",56," "," ","7",44," "," ","7",44," "," ","7",44," "," ","7",44," "," ","7",44," "," ","7",44," "," ","7",44," "," ","7",50," "," ","7",50," "," ","7",50," "," ","7",NA," "," "," ",NA," "," "," ",NA," "," "," "
"3221","USC00359461",2013,2,"SX32",44," "," ","7",44," "," ","7",50," "," ","7",50," "," ","7",50," "," ","7",50," "," ","7",44," "," ","7",44," "," ","7",44," "," ","7",44," "," ","7",44," "," ","7",44," "," ","7",44," "," ","7",56," "," ","7",61," "," ","7",61," "," ","7",61," "," ","7",56," "," ","7",56," "," ","7",50," "," ","7",44," "," ","7",44," "," ","7",44," "," ","7",44," "," ","7",50," "," ","7",50," "," ","7",50," "," ","7",56," "," ","7",NA," "," "," ",NA," "," "," ",NA," "," "," "
"3222","USC00359461",2013,3,"TMAX",156," "," ","7",178," "," ","7",122," "," ","7",117," "," ","7",144," "," ","7",83," "," ","7",111," "," ","7",133," "," ","7",94," "," ","7",156," "," ","7",183," "," ","7",189," "," ","7",172," "," ","7",211," "," ","7",172," "," ","7",200," "," ","7",117," "," ","7",117," "," ","7",144," "," ","7",150," "," ","7",122," "," ","7",89," "," ","7",100," "," ","7",122," "," ","7",150," "," ","7",150," "," ","7",144," "," ","7",172," "," ","7",167," "," ","7",222," "," ","7",244," "," ","7"
"3223","USC00359461",2013,3,"TMIN",78," "," ","7",78," "," ","7",44," "," ","7",-17," "," ","7",-17," "," ","7",28," "," ","7",0," "," ","7",6," "," ","7",6," "," ","7",6," "," ","7",6," "," ","7",61," "," ","7",56," "," ","7",67," "," ","7",67," "," ","7",78," "," ","7",44," "," ","7",6," "," ","7",6," "," ","7",50," "," ","7",22," "," ","7",17," "," ","7",11," "," ","7",11," "," ","7",6," "," ","7",22," "," ","7",67," "," ","7",72," "," ","7",94," "," ","7",61," "," ","7",67," "," ","7"
"3224","USC00359461",2013,3,"TOBS",78," "," ","7",89," "," ","7",44," "," ","7",-17," "," ","7",28," "," ","7",61," "," ","7",6," "," ","7",6," "," ","7",33," "," ","7",6," "," ","7",72," "," ","7",78," "," ","7",100," "," ","7",67," "," ","7",100," "," ","7",89," "," ","7",44," "," ","7",6," "," ","7",50," "," ","7",106," "," ","7",28," "," ","7",28," "," ","7",22," "," ","7",11," "," ","7",33," "," ","7",78," "," ","7",78," "," ","7",94," "," ","7",94," "," ","7",67," "," ","7",111," "," ","7"
"3225","USC00359461",2013,3,"PRCP",10," "," ","7",0," "," ","7",13," "," ","7",0," "," ","7",0," "," ","7",231," "," ","7",41," "," ","7",0," "," ","7",0," "," ","7",0," "," ","7",0," "," ","7",0," "," ","7",0," "," ","7",0," "," ","7",0," "," ","7",0," "," ","7",46," "," ","7",3," "," ","7",0," "," ","7",43," "," ","7",48," "," ","7",23," "," ","7",0,"T"," ","7",0," "," ","7",0," "," ","7",8," "," ","7",15," "," ","7",15," "," ","7",13," "," ","7",5," "," ","7",0," "," ","7"
"3226","USC00359461",2013,3,"SNOW",0," "," ","7",0," "," ","7",0," "," ","7",0," "," ","7",0," "," ","7",0," "," ","7",0," "," ","7",0," "," ","7",0," "," ","7",0," "," ","7",0," "," ","7",0," "," ","7",0," "," ","7",0," "," ","7",0," "," ","7",0," "," ","7",0," "," ","7",0," "," ","7",0," "," ","7",0," "," ","7",NA," "," "," ",NA," "," "," ",NA," "," "," ",NA," "," "," ",NA," "," "," ",NA," "," "," ",NA," "," "," ",0," "," ","7",0," "," ","7",0," "," ","7",0," "," ","7"
"3227","USC00359461",2013,3,"SNWD",0," "," ","7",0," "," ","7",0," "," ","7",0," "," ","7",0," "," ","7",0," "," ","7",0," "," ","7",0," "," ","7",0," "," ","7",0," "," ","7",0," "," ","7",0," "," ","7",0," "," ","7",0," "," ","7",0," "," ","7",0," "," ","7",0," "," ","7",0," "," ","7",0," "," ","7",0," "," ","7",NA," "," "," ",NA," "," "," ",NA," "," "," ",NA," "," "," ",NA," "," "," ",NA," "," "," ",NA," "," "," ",0," "," ","7",0," "," ","7",0," "," ","7",0," "," ","7"
"3228","USC00359461",2013,3,"SN32",50," "," ","7",56," "," ","7",61," "," ","7",67," "," ","7",61," "," ","7",61," "," ","7",44," "," ","7",44," "," ","7",44," "," ","7",44," "," ","7",44," "," ","7",61," "," ","7",83," "," ","7",83," "," ","7",89," "," ","7",89," "," ","7",94," "," ","7",89," "," ","7",89," "," ","7",83," "," ","7",83," ","I","7",72," "," ","7",72," "," ","7",67," "," ","7",72," "," ","7",78," "," ","7",83," "," ","7",83," "," ","7",94," "," ","7",100," "," ","7",117," "," ","7"
"3229","USC00359461",2013,3,"SX32",56," "," ","7",67," "," ","7",67," "," ","7",72," "," ","7",67," "," ","7",67," "," ","7",61," "," ","7",44," "," ","7",50," "," ","7",67," "," ","7",72," "," ","7",83," "," ","7",89," "," ","7",94," "," ","7",100," "," ","7",106," "," ","7",106," "," ","7",100," "," ","7",106," "," ","7",106," "," ","7",106," "," ","7",72," ","I","7",72," "," ","7",72," "," ","7",78," "," ","7",83," "," ","7",89," "," ","7",94," "," ","7",100," "," ","7",117," "," ","7",122," "," ","7"
"3230","USC00359461",2013,4,"TMAX",194," "," ","7",167," "," ","7",211," "," ","7",211," "," ","7",178," "," ","7",167," "," ","7",150," "," ","7",117," "," ","7",122," "," ","7",189," "," ","7",172," "," ","7",156," "," ","7",189," "," ","7",117," "," ","7",122," "," ","7",100," "," ","7",128," "," ","7",156," "," ","7",194," "," ","7",156," "," ","7",189," "," ","7",200," "," ","7",200," "," ","7",211," "," ","7",256," "," ","7",256," "," ","7",283," "," ","7",272," "," ","7",217," "," ","7",178," "," ","7",NA," "," "," "
"3231","USC00359461",2013,4,"TMIN",111," "," ","7",83," "," ","7",61," "," ","7",61," "," ","7",100," "," ","7",100," "," ","7",100," "," ","7",50," "," ","7",56," "," ","7",56," "," ","7",50," "," ","7",17," "," ","7",17," "," ","7",6," "," ","7",17," "," ","7",33," "," ","7",39," "," ","7",56," "," ","7",67," "," ","7",67," "," ","7",72," "," ","7",94," "," ","7",28," "," ","7",22," "," ","7",33," "," ","7",50," "," ","7",67," "," ","7",56," "," ","7",56," "," ","7",33," "," ","7",NA," "," "," "
"3232","USC00359461",2013,4,"TOBS",111," "," ","7",94," "," ","7",61," "," ","7",133," "," ","7",100," "," ","7",100," "," ","7",100," "," ","7",56," "," ","7",56," "," ","7",67," "," ","7",50," "," ","7",17," "," ","7",61," "," ","7",17," "," ","7",44," "," ","7",39," "," ","7",56," "," ","7",78," "," ","7",94," "," ","7",83," "," ","7",94," "," ","7",100," "," ","7",33," "," ","7",44," "," ","7",50," "," ","7",67," "," ","7",78," "," ","7",56," "," ","7",122," "," ","7",33," "," ","7",NA," "," "," "
"3233","USC00359461",2013,4,"PRCP",81," "," ","7",8," "," ","7",0," "," ","7",13," "," ","7",51," "," ","7",33," "," ","7",46," "," ","7",89," "," ","7",13," "," ","7",0," "," ","7",5," "," ","7",0," "," ","7",0,"T"," ","7",0," "," ","7",28," "," ","7",41," "," ","7",10," "," ","7",0,"T"," ","7",0," "," ","7",18," "," ","7",0,"T"," ","7",0," "," ","7",0," "," ","7",0," "," ","7",0," "," ","7",0," "," ","7",0," "," ","7",0," "," ","7",0," "," ","7",0," "," ","7",NA," "," "," "
"3234","USC00359461",2013,4,"SNOW",0," "," ","7",0," "," ","7",0," "," ","7",0," "," ","7",0," "," ","7",0," "," ","7",0," "," ","7",0," "," ","7",0," "," ","7",0," "," ","7",NA," "," "," ",NA," "," "," ",NA," "," "," ",NA," "," "," ",NA," "," "," ",NA," "," "," ",NA," "," "," ",NA," "," "," ",NA," "," "," ",NA," "," "," ",NA," "," "," ",NA," "," "," ",NA," "," "," ",NA," "," "," ",0," "," ","7",0," "," ","7",0," "," ","7",0," "," ","7",0," "," ","7",0," "," ","7",NA," "," "," "
"3235","USC00359461",2013,4,"SNWD",0," "," ","7",0," "," ","7",0," "," ","7",0," "," ","7",0," "," ","7",0," "," ","7",0," "," ","7",0," "," ","7",0," "," ","7",0," "," ","7",NA," "," "," ",NA," "," "," ",NA," "," "," ",NA," "," "," ",NA," "," "," ",NA," "," "," ",NA," "," "," ",NA," "," "," ",NA," "," "," ",NA," "," "," ",NA," "," "," ",NA," "," "," ",NA," "," "," ",NA," "," "," ",0," "," ","7",0," "," ","7",0," "," ","7",0," "," ","7",0," "," ","7",0," "," ","7",NA," "," "," "
"3236","USC00359461",2013,4,"SN32",122," "," ","7",117," "," ","7",111," "," ","7",122," "," ","7",122," "," ","7",122," "," ","7",111," "," ","7",100," "," ","7",100," "," ","7",100," "," ","7",94," "," ","7",100," "," ","7",100," "," ","7",100," "," ","7",100," "," ","7",94," "," ","7",94," "," ","7",94," "," ","7",106," "," ","7",117," "," ","7",111," "," ","7",122," "," ","7",128," "," ","7",128," "," ","7",133," "," ","7",144," "," ","7",156," "," ","7",167," "," ","7",167," "," ","7",167," "," ","7",NA," "," "," "
"3237","USC00359461",2013,4,"SX32",122," "," ","7",122," "," ","7",122," "," ","7",122," "," ","7",122," "," ","7",122," "," ","7",122," "," ","7",111," "," ","7",100," "," ","7",100," "," ","7",100," "," ","7",106," "," ","7",111," "," ","7",111," "," ","7",100," "," ","7",100," "," ","7",94," "," ","7",106," "," ","7",117," "," ","7",117," "," ","7",122," "," ","7",128," "," ","7",133," "," ","7",133," "," ","7",144," "," ","7",156," "," ","7",167," "," ","7",178," "," ","7",172," "," ","7",172," "," ","7",NA," "," "," "
"3238","USC00359461",2013,5,"TMAX",156," "," ","7",211," "," ","7",278," "," ","7",267," "," ","7",294," "," ","7",306," "," ","7",267," "," ","7",261," "," ","7",250," "," ","7",278," "," ","7",294," "," ","7",306," "," ","7",272," "," ","7",228," "," ","7",222," "," ","7",189," "," ","7",172," "," ","7",183," "," ","7",178," "," ","7",200," "," ","7",256," "," ","7",139," "," ","7",122," "," ","7",156," "," ","7",172," "," ","7",222," "," ","7",211," "," ","7",194," "," ","7",206," "," ","7",183," "," ","7",183," "," ","7"
"3239","USC00359461",2013,5,"TMIN",22," "," ","7",22," "," ","7",44," "," ","7",61," "," ","7",100," "," ","7",111," "," ","7",111," "," ","7",111," "," ","7",100," "," ","7",106," "," ","7",128," "," ","7",128," "," ","7",133," "," ","7",100," "," ","7",78," "," ","7",100," "," ","7",100," "," ","7",100," "," ","7",106," "," ","7",67," "," ","7",67," "," ","7",44," "," ","7",50," "," ","7",61," "," ","7",56," "," ","7",78," "," ","7",78," "," ","7",106," "," ","7",117," "," ","7",72," "," ","7",72," "," ","7"
"3240","USC00359461",2013,5,"TOBS",22," "," ","7",44," "," ","7",61," "," ","7",100," "," ","7",111," "," ","7",111," "," ","7",117," "," ","7",122," "," ","7",106," "," ","7",133," "," ","7",144," "," ","7",133," "," ","7",144," "," ","7",106," "," ","7",100," "," ","7",122," "," ","7",106," "," ","7",106," "," ","7",117," "," ","7",72," "," ","7",106," "," ","7",56," "," ","7",61," "," ","7",83," "," ","7",78," "," ","7",111," "," ","7",106," "," ","7",117," "," ","7",122," "," ","7",72," "," ","7",72," "," ","7"
"3241","USC00359461",2013,5,"PRCP",0," "," ","7",0," "," ","7",0," "," ","7",0," "," ","7",0," "," ","7",28," "," ","7",0," "," ","7",0," "," ","7",0," "," ","7",0," "," ","7",0," "," ","7",0," "," ","7",0,"T"," ","7",0,"T"," ","7",0," "," ","7",10," "," ","7",56," "," ","7",5," "," ","7",13," "," ","7",5," "," ","7",5," "," ","7",135," "," ","7",10," "," ","7",3," "," ","7",0," "," ","7",56," "," ","7",66," "," ","7",28," "," ","7",23," "," ","7",25," "," ","7",0," "," ","7"
"3242","USC00359461",2013,5,"SNOW",0," "," ","7",0," "," ","7",0," "," ","7",0," "," ","7",0," "," ","7",0," "," ","7",0," "," ","7",0," "," ","7",NA," "," "," ",NA," "," "," ",NA," "," "," ",NA," "," "," ",NA," "," "," ",NA," "," "," ",NA," "," "," ",NA," "," "," ",NA," "," "," ",NA," "," "," ",NA," "," "," ",NA," "," "," ",NA," "," "," ",NA," "," "," ",0," "," ","7",0," "," ","7",0," "," ","7",0," "," ","7",0," "," ","7",0," "," ","7",0," "," ","7",0," "," ","7",0," "," ","7"
"3243","USC00359461",2013,5,"SNWD",0," "," ","7",0," "," ","7",0," "," ","7",0," "," ","7",0," "," ","7",0," "," ","7",0," "," ","7",0," "," ","7",NA," "," "," ",NA," "," "," ",NA," "," "," ",NA," "," "," ",NA," "," "," ",NA," "," "," ",NA," "," "," ",NA," "," "," ",NA," "," "," ",NA," "," "," ",NA," "," "," ",NA," "," "," ",NA," "," "," ",NA," "," "," ",0," "," ","7",0," "," ","7",0," "," ","7",0," "," ","7",0," "," ","7",0," "," ","7",0," "," ","7",0," "," ","7",0," "," ","7"
"3244","USC00359461",2013,5,"SN32",156," "," ","7",156," "," ","7",167," "," ","7",172," "," ","7",183," "," ","7",183," "," ","7",183," "," ","7",194," "," ","7",194," "," ","7",194," "," ","7",206," "," ","7",211," "," ","7",217," "," ","7",211," "," ","7",211," "," ","7",206," ","I","7",189," "," ","7",183," "," ","7",178," "," ","7",172," "," ","7",172," "," ","7",161," "," ","7",139," "," ","7",139," "," ","7",139," "," ","7",139," "," ","7",161," "," ","7",161," "," ","7",156," "," ","7",167," "," ","7",156," "," ","7"
"3245","USC00359461",2013,5,"SX32",167," "," ","7",167," "," ","7",172," "," ","7",183," "," ","7",183," "," ","7",194," "," ","7",194," "," ","7",211," "," ","7",206," "," ","7",206," "," ","7",211," "," ","7",222," "," ","7",222," "," ","7",222," "," ","7",211," "," ","7",211," "," ","7",194," ","I","7",183," "," ","7",183," "," ","7",172," "," ","7",183," "," ","7",183," "," ","7",161," "," ","7",144," "," ","7",150," "," ","7",161," "," ","7",167," "," ","7",167," "," ","7",167," "," ","7",172," "," ","7",167," "," ","7"
"3246","USC00359461",2013,6,"TMAX",239," "," ","7",278," "," ","7",228," "," ","7",267," "," ","7",300," "," ","7",311," "," ","7",306," "," ","7",300," "," ","7",294," "," ","7",261," "," ","7",244," "," ","7",200," "," ","7",200," "," ","7",211," "," ","7",250," "," ","7",278," "," ","7",272," "," ","7",261," "," ","7",211," "," ","7",200," "," ","7",228," "," ","7",250," "," ","7",272," "," ","7",256," "," ","7",200," "," ","7",211," "," ","7",228," "," ","7",283," "," ","7",344," "," ","7",350," "," ","7",NA," "," "," "
"3247","USC00359461",2013,6,"TMIN",72," "," ","7",111," "," ","7",122," "," ","7",117," "," ","7",122," "," ","7",133," "," ","7",122," "," ","7",139," "," ","7",139," "," ","7",111," "," ","7",111," "," ","7",83," "," ","7",94," "," ","7",61," "," ","7",72," "," ","7",100," "," ","7",94," "," ","7",100," "," ","7",106," "," ","7",111," "," ","7",106," "," ","7",100," "," ","7",100," "," ","7",128," "," ","7",128," "," ","7",144," "," ","7",144," "," ","7",150," "," ","7",161," "," ","7",172," "," ","7",NA," "," "," "
"3248","USC00359461",2013,6,"TOBS",111," "," ","7",122," "," ","7",128," "," ","7",128," "," ","7",144," "," ","7",161," "," ","7",156," "," ","7",139," "," ","7",156," "," ","7",111," "," ","7",111," "," ","7",111," "," ","7",100," "," ","7",72," "," ","7",133," "," ","7",128," "," ","7",100," "," ","7",111," "," ","7",122," "," ","7",111," "," ","7",106," "," ","7",100," "," ","7",150," "," ","7",128," "," ","7",144," "," ","7",144," "," ","7",172," "," ","7",161," "," ","7",200," "," ","7",200," "," ","7",NA," "," "," "
"3249","USC00359461",2013,6,"PRCP",0," "," ","7",0," "," ","7",0," "," ","7",0," "," ","7",0," "," ","7",0," "," ","7",0," "," ","7",0," "," ","7",0," "," ","7",0," "," ","7",0," "," ","7",0," "," ","7",0," "," ","7",0," "," ","7",0," "," ","7",0," "," ","7",0," "," ","7",0," "," ","7",15," "," ","7",18," "," ","7",0," "," ","7",0," "," ","7",0," "," ","7",20," "," ","7",43," "," ","7",10," "," ","7",0," "," ","7",0," "," ","7",0," "," ","7",0," "," ","7",NA," "," "," "
"3250","USC00359461",2013,6,"SNOW",0," "," ","7",0," "," ","7",0," "," ","7",0," "," ","7",0," "," ","7",NA," "," "," ",NA," "," "," ",NA," "," "," ",NA," "," "," ",NA," "," "," ",NA," "," "," ",NA," "," "," ",NA," "," "," ",NA," "," "," ",NA," "," "," ",NA," "," "," ",NA," "," "," ",NA," "," "," ",NA," "," "," ",0," "," ","7",0," "," ","7",0," "," ","7",0," "," ","7",0," "," ","7",0," "," ","7",0," "," ","7",0," "," ","7",0," "," ","7",0," "," ","7",0," "," ","7",NA," "," "," "
"3251","USC00359461",2013,6,"SNWD",0," "," ","7",0," "," ","7",0," "," ","7",0," "," ","7",0," "," ","7",NA," "," "," ",NA," "," "," ",NA," "," "," ",NA," "," "," ",NA," "," "," ",NA," "," "," ",NA," "," "," ",NA," "," "," ",NA," "," "," ",NA," "," "," ",NA," "," "," ",NA," "," "," ",NA," "," "," ",NA," "," "," ",0," "," ","7",0," "," ","7",0," "," ","7",0," "," ","7",0," "," ","7",0," "," ","7",0," "," ","7",0," "," ","7",0," "," ","7",0," "," ","7",0," "," ","7",NA," "," "," "
"3252","USC00359461",2013,6,"SN32",167," "," ","7",167," "," ","7",183," "," ","7",172," "," ","7",178," "," ","7",194," ","I","7",211," "," ","7",222," "," ","7",228," "," ","7",228," "," ","7",228," "," ","7",211," "," ","7",211," "," ","7",206," "," ","7",200," "," ","7",211," "," ","7",217," "," ","7",228," "," ","7",217," "," ","7",211," "," ","7",211," "," ","7",206," "," ","7",206," "," ","7",211," "," ","7",206," "," ","7",200," "," ","7",200," "," ","7",200," "," ","7",217," "," ","7",222," "," ","7",NA," "," "," "
"3253","USC00359461",2013,6,"SX32",172," "," ","7",178," "," ","7",183," "," ","7",183," "," ","7",183," ","I","7",211," "," ","7",222," "," ","7",228," "," ","7",228," "," ","7",233," "," ","7",228," "," ","7",228," "," ","7",211," "," ","7",206," "," ","7",211," "," ","7",217," "," ","7",222," "," ","7",228," "," ","7",222," "," ","7",217," "," ","7",217," "," ","7",211," "," ","7",217," "," ","7",217," "," ","7",217," "," ","7",206," "," ","7",200," "," ","7",217," "," ","7",222," "," ","7",244," "," ","7",NA," "," "," "
"3254","USC00359461",2013,7,"TMAX",356," "," ","7",339," "," ","7",372," "," ","7",322," "," ","7",289," "," ","7",267," "," ","7",283," "," ","7",294," "," ","7",311," "," ","7",339," "," ","7",322," "," ","7",278," "," ","7",267," "," ","7",289," "," ","7",322," "," ","7",317," "," ","7",306," "," ","7",294," "," ","7",317," "," ","7",322," "," ","7",317," "," ","7",328," "," ","7",339," "," ","7",356," "," ","7",372," "," ","7",367," "," ","7",350," "," ","7",294," "," ","7",300," "," ","7",289," "," ","7",289," "," ","7"
"3255","USC00359461",2013,7,"TMIN",178," "," ","7",178," "," ","7",194," "," ","7",133," "," ","7",133," "," ","7",139," "," ","7",133," "," ","7",122," "," ","7",133," "," ","7",139," "," ","7",122," "," ","7",111," "," ","7",100," "," ","7",100," "," ","7",122," "," ","7",150," "," ","7",139," "," ","7",128," "," ","7",128," "," ","7",133," "," ","7",144," "," ","7",133," "," ","7",133," "," ","7",144," "," ","7",167," "," ","7",178," "," ","7",178," "," ","7",128," "," ","7",139," "," ","7",128," "," ","7",128," "," ","7"
"3256","USC00359461",2013,7,"TOBS",178," "," ","7",222," "," ","7",211," "," ","7",167," "," ","7",139," "," ","7",144," "," ","7",150," "," ","7",144," "," ","7",139," "," ","7",150," "," ","7",139," "," ","7",133," "," ","7",100," "," ","7",122," "," ","7",150," "," ","7",189," "," ","7",150," "," ","7",128," "," ","7",156," "," ","7",144," "," ","7",161," "," ","7",144," "," ","7",144," "," ","7",167," "," ","7",178," "," ","7",200," "," ","7",178," "," ","7",139," "," ","7",139," "," ","7",128," "," ","7",150," "," ","7"
"3257","USC00359461",2013,7,"PRCP",0," "," ","7",0," "," ","7",0," "," ","7",0," "," ","7",0," "," ","7",0," "," ","7",0," "," ","7",0," "," ","7",0," "," ","7",0," "," ","7",0," "," ","7",0," "," ","7",0," "," ","7",0," "," ","7",0," "," ","7",0," "," ","7",0," "," ","7",0," "," ","7",0," "," ","7",0," "," ","7",0," "," ","7",0," "," ","7",0," "," ","7",0," "," ","7",0," "," ","7",0," "," ","7",0," "," ","7",0," "," ","7",0," "," ","7",0," "," ","7",0," "," ","7"
"3258","USC00359461",2013,7,"SNOW",0," "," ","7",0," "," ","7",0," "," ","7",NA," "," "," ",NA," "," "," ",0," "," ","7",0," "," ","7",NA," "," "," ",NA," "," "," ",NA," "," "," ",0," "," ","7",0," "," ","7",0," "," ","7",0," "," ","7",0," "," ","7",0," "," ","7",0," "," ","7",0," "," ","7",0," "," ","7",0," "," ","7",NA," "," "," ",NA," "," "," ",0," "," ","7",0," "," ","7",0," "," ","7",0," "," ","7",0," "," ","7",0," "," ","7",0," "," ","7",0," "," ","7",0," "," ","7"
"3259","USC00359461",2013,7,"SNWD",0," "," ","7",0," "," ","7",0," "," ","7",NA," "," "," ",NA," "," "," ",0," "," ","7",0," "," ","7",NA," "," "," ",NA," "," "," ",NA," "," "," ",0," "," ","7",0," "," ","7",0," "," ","7",0," "," ","7",0," "," ","7",0," "," ","7",0," "," ","7",0," "," ","7",0," "," ","7",0," "," ","7",NA," "," "," ",NA," "," "," ",0," "," ","7",0," "," ","7",0," "," ","7",0," "," ","7",0," "," ","7",0," "," ","7",0," "," ","7",0," "," ","7",0," "," ","7"
"3260","USC00359461",2013,7,"SN32",239," "," ","7",250," "," ","7",267," "," ","7",267," "," ","7",267," "," ","7",267," "," ","7",261," "," ","7",256," "," ","7",250," "," ","7",256," "," ","7",261," "," ","7",261," "," ","7",261," "," ","7",256," "," ","7",256," "," ","7",250," "," ","7",256," "," ","7",261," "," ","7",267," "," ","7",267," "," ","7",267," "," ","7",267," "," ","7",267," "," ","7",272," "," ","7",272," "," ","7",272," "," ","7",278," "," ","7",267," "," ","7",278," "," ","7",267," "," ","7",267," "," ","7"
"3261","USC00359461",2013,7,"SX32",250," "," ","7",267," "," ","7",267," "," ","7",267," "," ","7",267," "," ","7",267," "," ","7",267," "," ","7",267," "," ","7",261," "," ","7",267," "," ","7",267," "," ","7",267," "," ","7",267," "," ","7",267," "," ","7",267," "," ","7",261," "," ","7",267," "," ","7",267," "," ","7",267," "," ","7",267," "," ","7",267," "," ","7",272," "," ","7",272," "," ","7",278," "," ","7",278," "," ","7",278," "," ","7",278," "," ","7",278," "," ","7",278," "," ","7",278," "," ","7",278," "," ","7"
"3262","USC00359461",2013,8,"TMAX",228," "," ","7",206," "," ","7",267," "," ","7",289," "," ","7",322," "," ","7",333," "," ","7",339," "," ","7",239," "," ","7",278," "," ","7",306," "," ","7",228," "," ","7",278," "," ","7",267," "," ","7",306," "," ","7",317," "," ","7",294," "," ","7",294," "," ","7",283," "," ","7",300," "," ","7",311," "," ","7",289," "," ","7",317," "," ","7",294," "," ","7",267," "," ","7",256," "," ","7",211," "," ","7",272," "," ","7",311," "," ","7",267," "," ","7",261," "," ","7",267," "," ","7"
"3263","USC00359461",2013,8,"TMIN",139," "," ","7",139," "," ","7",117," "," ","7",128," "," ","7",133," "," ","7",139," "," ","7",156," "," ","7",128," "," ","7",133," "," ","7",156," "," ","7",150," "," ","7",139," "," ","7",111," "," ","7",111," "," ","7",128," "," ","7",144," "," ","7",128," "," ","7",128," "," ","7",128," "," ","7",144," "," ","7",150," "," ","7",172," "," ","7",161," "," ","7",133," "," ","7",150," "," ","7",150," "," ","7",122," "," ","7",139," "," ","7",144," "," ","7",167," "," ","7",133," "," ","7"
"3264","USC00359461",2013,8,"TOBS",139," "," ","7",144," "," ","7",128," "," ","7",133," "," ","7",139," "," ","7",156," "," ","7",156," "," ","7",133," "," ","7",167," "," ","7",156," "," ","7",156," "," ","7",139," "," ","7",111," "," ","7",128," "," ","7",144," "," ","7",194," "," ","7",128," "," ","7",150," "," ","7",144," "," ","7",150," "," ","7",172," "," ","7",189," "," ","7",161," "," ","7",150," "," ","7",150," "," ","7",150," "," ","7",167," "," ","7",156," "," ","7",167," "," ","7",172," "," ","7",133," "," ","7"
"3265","USC00359461",2013,8,"PRCP",0," "," ","7",3," "," ","7",0," "," ","7",0," "," ","7",0," "," ","7",0," "," ","7",0," "," ","7",0," "," ","7",0,"T"," ","7",3," "," ","7",135," "," ","7",0," "," ","7",0," "," ","7",0," "," ","7",0," "," ","7",0," "," ","7",0," "," ","7",0," "," ","7",0," "," ","7",0," "," ","7",0," "," ","7",0," "," ","7",10," "," ","7",0," "," ","7",25," "," ","7",66," "," ","7",0," "," ","7",8," "," ","7",0,"T"," ","7",0," "," ","7",0," "," ","7"
"3266","USC00359461",2013,8,"SNOW",NA," "," "," ",NA," "," "," ",NA," "," "," ",NA," "," "," ",NA," "," "," ",NA," "," "," ",NA," "," "," ",NA," "," "," ",NA," "," "," ",NA," "," "," ",NA," "," "," ",NA," "," "," ",NA," "," "," ",NA," "," "," ",0," "," ","7",0," "," ","7",0," "," ","7",0," "," ","7",0," "," ","7",0," "," ","7",0," "," ","7",0," "," ","7",0," "," ","7",0," "," ","7",0," "," ","7",0," "," ","7",NA," "," "," ",0," "," ","7",NA," "," "," ",NA," "," "," ",NA," "," "," "
"3267","USC00359461",2013,8,"SNWD",NA," "," "," ",NA," "," "," ",NA," "," "," ",NA," "," "," ",NA," "," "," ",NA," "," "," ",NA," "," "," ",NA," "," "," ",NA," "," "," ",NA," "," "," ",NA," "," "," ",NA," "," "," ",NA," "," "," ",NA," "," "," ",0," "," ","7",0," "," ","7",0," "," ","7",0," "," ","7",0," "," ","7",0," "," ","7",0," "," ","7",0," "," ","7",0," "," ","7",0," "," ","7",0," "," ","7",0," "," ","7",NA," "," "," ",0," "," ","7",NA," "," "," ",NA," "," "," ",NA," "," "," "
"3268","USC00359461",2013,8,"SN32",261," "," ","7",244," "," ","7",239," "," ","7",244," "," ","7",256," "," ","7",261," "," ","7",267," "," ","7",256," "," ","7",256," "," ","7",261," "," ","7",250," "," ","7",244," "," ","7",239," "," ","7",239," "," ","7",244," "," ","7",250," "," ","7",256," "," ","7",261," "," ","7",261," "," ","7",261," "," ","7",261," "," ","7",261," "," ","7",267," ","I","7",250," "," ","7",244," "," ","7",233," "," ","7",233," "," ","7",233," "," ","7",228," "," ","7",239," "," ","7",239," "," ","7"
"3269","USC00359461",2013,8,"SX32",267," "," ","7",261," "," ","7",250," "," ","7",256," "," ","7",261," "," ","7",267," "," ","7",272," "," ","7",272," "," ","7",256," "," ","7",261," "," ","7",261," "," ","7",244," "," ","7",239," "," ","7",244," "," ","7",256," "," ","7",256," "," ","7",261," "," ","7",261," "," ","7",261," "," ","7",267," "," ","7",261," "," ","7",261," "," ","7",267," "," ","7",256," ","I","7",250," "," ","7",244," "," ","7",233," "," ","7",239," "," ","7",244," "," ","7",244," "," ","7",244," "," ","7"
"3270","USC00359461",2013,9,"TMAX",294," "," ","7",283," "," ","7",256," "," ","7",278," "," ","7",233," "," ","7",178," "," ","7",233," "," ","7",256," "," ","7",267," "," ","7",289," "," ","7",356," "," ","7",344," "," ","7",322," "," ","7",306," "," ","7",278," "," ","7",200," "," ","7",222," "," ","7",183," "," ","7",233," "," ","7",283," "," ","7",222," "," ","7",172," "," ","7",194," "," ","7",189," "," ","7",172," "," ","7",156," "," ","7",156," "," ","7",156," "," ","7",194," "," ","7",144," "," ","7",NA," "," "," "
"3271","USC00359461",2013,9,"TMIN",128," "," ","7",128," "," ","7",156," "," ","7",144," "," ","7",150," "," ","7",139," "," ","7",122," "," ","7",117," "," ","7",128," "," ","7",144," "," ","7",150," "," ","7",144," "," ","7",144," "," ","7",144," "," ","7",150," "," ","7",150," "," ","7",150," "," ","7",94," "," ","7",94," "," ","7",94," "," ","7",94," "," ","7",122," "," ","7",117," "," ","7",133," "," ","7",89," "," ","7",78," "," ","7",50," "," ","7",67," "," ","7",111," "," ","7",78," "," ","7",NA," "," "," "
"3272","USC00359461",2013,9,"TOBS",128," "," ","7",156," "," ","7",167," "," ","7",150," "," ","7",178," "," ","7",150," "," ","7",133," "," ","7",128," "," ","7",156," "," ","7",161," "," ","7",167," "," ","7",144," "," ","7",144," "," ","7",156," "," ","7",150," "," ","7",150," "," ","7",161," "," ","7",94," "," ","7",94," "," ","7",100," "," ","7",139," "," ","7",122," "," ","7",139," "," ","7",133," "," ","7",89," "," ","7",100," "," ","7",67," "," ","7",122," "," ","7",111," "," ","7",78," "," ","7",NA," "," "," "
"3273","USC00359461",2013,9,"PRCP",0," "," ","7",0," "," ","7",0," "," ","7",0," "," ","7",0,"T"," ","7",33," "," ","7",0," "," ","7",0," "," ","7",0," "," ","7",0," "," ","7",0," "," ","7",0," "," ","7",0," "," ","7",0," "," ","7",0," "," ","7",0," "," ","7",0," "," ","7",56," "," ","7",0," "," ","7",0," "," ","7",203," "," ","7",122," "," ","7",15," "," ","7",33," "," ","7",71," "," ","7",23," "," ","7",5," "," ","7",28," "," ","7",229," "," ","7",284," "," ","7",NA," "," "," "
"3274","USC00359461",2013,9,"SNOW",NA," "," "," ",NA," "," "," ",NA," "," "," ",NA," "," "," ",NA," "," "," ",NA," "," "," ",NA," "," "," ",NA," "," "," ",NA," "," "," ",NA," "," "," ",NA," "," "," ",0," "," ","7",0," "," ","7",0," "," ","7",0," "," ","7",0," "," ","7",0," "," ","7",0," "," ","7",0," "," ","7",0," "," ","7",0," "," ","7",0," "," ","7",0," "," ","7",0," "," ","7",0," "," ","7",NA," "," "," ",0," "," ","7",0," "," ","7",0," "," ","7",NA," "," "," ",NA," "," "," "
"3275","USC00359461",2013,9,"SNWD",NA," "," "," ",NA," "," "," ",NA," "," "," ",NA," "," "," ",NA," "," "," ",NA," "," "," ",NA," "," "," ",NA," "," "," ",NA," "," "," ",NA," "," "," ",NA," "," "," ",0," "," ","7",0," "," ","7",0," "," ","7",0," "," ","7",0," "," ","7",0," "," ","7",0," "," ","7",0," "," ","7",0," "," ","7",0," "," ","7",0," "," ","7",0," "," ","7",0," "," ","7",0," "," ","7",NA," "," "," ",0," "," ","7",0," "," ","7",0," "," ","7",NA," "," "," ",NA," "," "," "
"3276","USC00359461",2013,9,"SN32",244," "," ","7",250," "," ","7",250," "," ","7",250," "," ","7",250," "," ","7",233," "," ","7",233," "," ","7",233," "," ","7",233," "," ","7",239," "," ","7",239," "," ","7",250," "," ","7",250," "," ","7",250," "," ","7",250," "," ","7",239," "," ","7",233," "," ","7",222," ","I","7",211," "," ","7",211," "," ","7",206," "," ","7",189," "," ","7",183," "," ","7",189," "," ","7",183," "," ","7",156," "," ","7",161," "," ","7",156," "," ","7",156," "," ","7",144," "," ","7",NA," "," "," "
"3277","USC00359461",2013,9,"SX32",250," "," ","7",250," "," ","7",250," "," ","7",250," "," ","7",250," "," ","7",250," "," ","7",233," "," ","7",233," "," ","7",233," "," ","7",239," "," ","7",244," "," ","7",250," "," ","7",256," "," ","7",250," "," ","7",250," "," ","7",250," "," ","7",239," "," ","7",233," "," ","7",211," ","I","7",211," "," ","7",217," "," ","7",211," "," ","7",189," "," ","7",189," "," ","7",189," "," ","7",189," "," ","7",172," "," ","7",161," "," ","7",161," "," ","7",161," "," ","7",NA," "," "," "
"3278","USC00359461",2013,10,"TMAX",161," "," ","7",161," "," ","7",139," "," ","7",150," "," ","7",167," "," ","7",189," "," ","7",233," "," ","7",167," "," ","7",139," "," ","7",139," "," ","7",189," "," ","7",144," "," ","7",156," "," ","7",161," "," ","7",144," "," ","7",161," "," ","7",194," "," ","7",211," "," ","7",211," "," ","7",228," "," ","7",211," "," ","7",217," "," ","7",233," "," ","7",194," "," ","7",206," "," ","7",117," "," ","7",128," "," ","7",122," "," ","7",150," "," ","7",161," "," ","7",156," "," ","7"
"3279","USC00359461",2013,10,"TMIN",78," "," ","7",44," "," ","7",44," "," ","7",44," "," ","7",39," "," ","7",50," "," ","7",50," "," ","7",72," "," ","7",61," "," ","7",56," "," ","7",56," "," ","7",67," "," ","7",67," "," ","7",56," "," ","7",50," "," ","7",50," "," ","7",44," "," ","7",44," "," ","7",61," "," ","7",61," "," ","7",67," "," ","7",67," "," ","7",67," "," ","7",61," "," ","7",61," "," ","7",78," "," ","7",78," "," ","7",78," "," ","7",6," "," ","7",11," "," ","7",11," "," ","7"
"3280","USC00359461",2013,10,"TOBS",83," "," ","7",44," "," ","7",78," "," ","7",78," "," ","7",61," "," ","7",61," "," ","7",106," "," ","7",89," "," ","7",67," "," ","7",56," "," ","7",100," "," ","7",83," "," ","7",83," "," ","7",56," "," ","7",50," "," ","7",50," "," ","7",44," "," ","7",61," "," ","7",61," "," ","7",67," "," ","7",67," "," ","7",67," "," ","7",72," "," ","7",61," "," ","7",83," "," ","7",94," "," ","7",78," "," ","7",83," "," ","7",11," "," ","7",11," "," ","7",83," "," ","7"
"3281","USC00359461",2013,10,"PRCP",13," "," ","7",28," "," ","7",25," "," ","7",0,"T"," ","7",3," "," ","7",0,"T"," ","7",0,"T"," ","7",13," "," ","7",18," "," ","7",0," "," ","7",0," "," ","7",0," "," ","7",0," "," ","7",0," "," ","7",0," "," ","7",0," "," ","7",0," "," ","7",0," "," ","7",0," "," ","7",0," "," ","7",0," "," ","7",0," "," ","7",0," "," ","7",0,"T"," ","7",3," "," ","7",0,"T"," ","7",0,"T"," ","7",13," "," ","7",0," "," ","7",0," "," ","7",0," "," ","7"
"3282","USC00359461",2013,10,"SNOW",NA," "," "," ",NA," "," "," ",NA," "," "," ",NA," "," "," ",NA," "," "," ",NA," "," "," ",NA," "," "," ",NA," "," "," ",NA," "," "," ",0," "," ","7",0," "," ","7",0," "," ","7",0," "," ","7",0," "," ","7",0," "," ","7",0," "," ","7",0," "," ","7",0," "," ","7",0," "," ","7",0," "," ","7",0," "," ","7",0," "," ","7",0," "," ","7",0," "," ","7",0," "," ","7",0," "," ","7",0," "," ","7",NA," "," "," ",NA," "," "," ",NA," "," "," ",NA," "," "," "
"3283","USC00359461",2013,10,"SNWD",NA," "," "," ",NA," "," "," ",NA," "," "," ",NA," "," "," ",NA," "," "," ",NA," "," "," ",NA," "," "," ",NA," "," "," ",NA," "," "," ",0," "," ","7",0," "," ","7",0," "," ","7",0," "," ","7",0," "," ","7",0," "," ","7",0," "," ","7",0," "," ","7",0," "," ","7",0," "," ","7",0," "," ","7",0," "," ","7",0," "," ","7",0," "," ","7",0," "," ","7",NA," "," "," ",0," "," ","7",0," "," ","7",NA," "," "," ",NA," "," "," ",NA," "," "," ",NA," "," "," "
"3284","USC00359461",2013,10,"SN32",144," "," ","7",133," "," ","7",133," "," ","7",133," "," ","7",128," "," ","7",122," "," ","7",133," "," ","7",139," "," ","7",133," "," ","7",133," "," ","7",122," "," ","7",122," "," ","7",122," "," ","7",122," "," ","7",117," "," ","7",122," "," ","7",122," "," ","7",122," "," ","7",122," "," ","7",122," "," ","7",122," "," ","7",128," "," ","7",122," "," ","7",128," "," ","7",128," "," ","7",122," "," ","7",122," "," ","7",117," "," ","7",117," "," ","7",106," "," ","7",106," "," ","7"
"3285","USC00359461",2013,10,"SX32",144," "," ","7",144," "," ","7",133," "," ","7",133," "," ","7",128," "," ","7",128," "," ","7",139," "," ","7",139," "," ","7",133," "," ","7",133," "," ","7",133," "," ","7",133," "," ","7",133," "," ","7",133," "," ","7",122," "," ","7",128," "," ","7",122," "," ","7",122," "," ","7",122," "," ","7",122," "," ","7",122," "," ","7",128," "," ","7",128," "," ","7",128," "," ","7",128," "," ","7",128," "," ","7",122," "," ","7",122," "," ","7",117," "," ","7",117," "," ","7",106," "," ","7"
"3286","USC00359461",2013,11,"TMAX",183," "," ","7",178," "," ","7",133," "," ","7",117," "," ","7",122," "," ","7",128," "," ","7",167," "," ","7",139," "," ","7",111," "," ","7",150," "," ","7",161," "," ","7",117," "," ","7",139," "," ","7",139," "," ","7",122," "," ","7",106," "," ","7",117," "," ","7",139," "," ","7",139," "," ","7",122," "," ","7",61," "," ","7",72," "," ","7",22," "," ","7",28," "," ","7",83," "," ","7",83," "," ","7",94," "," ","7",67," "," ","7",56," "," ","7",56," "," ","7",NA," "," "," "
"3287","USC00359461",2013,11,"TMIN",72," "," ","7",83," "," ","7",39," "," ","7",39," "," ","7",50," "," ","7",78," "," ","7",94," "," ","7",50," "," ","7",50," "," ","7",50," "," ","7",50," "," ","7",56," "," ","7",83," "," ","7",83," "," ","7",78," "," ","7",78," "," ","7",72," "," ","7",39," "," ","7",39," "," ","7",28," "," ","7",-6," "," ","7",-33," "," ","7",-17," "," ","7",-17," "," ","7",-17," "," ","7",-17," "," ","7",-6," "," ","7",0," "," ","7",0," "," ","7",0," "," ","7",NA," "," "," "
"3288","USC00359461",2013,11,"TOBS",122," "," ","7",122," "," ","7",50," "," ","7",61," "," ","7",89," "," ","7",111," "," ","7",111," "," ","7",61," "," ","7",56," "," ","7",50," "," ","7",61," "," ","7",83," "," ","7",100," "," ","7",89," "," ","7",78," "," ","7",78," "," ","7",72," "," ","7",39," "," ","7",83," "," ","7",28," "," ","7",-6," "," ","7",-17," "," ","7",-17," "," ","7",-11," "," ","7",-17," "," ","7",-6," "," ","7",0," "," ","7",11," "," ","7",11," "," ","7",39," "," ","7",NA," "," "," "
"3289","USC00359461",2013,11,"PRCP",0," "," ","7",38," "," ","7",51," "," ","7",23," "," ","7",71," "," ","7",41," "," ","7",3," "," ","7",94," "," ","7",3," "," ","7",0," "," ","7",0," "," ","7",28," "," ","7",5," "," ","7",3," "," ","7",0," "," ","7",15," "," ","7",5," "," ","7",0," "," ","7",135," "," ","7",257," "," ","7",0,"T"," ","7",0," "," ","7",0," "," ","7",0,"T"," ","7",0,"T"," ","7",3," "," ","7",0,"T"," ","7",0,"T"," ","7",0,"T"," ","7",10," "," ","7",NA," "," "," "
"3290","USC00359461",2013,11,"SNOW",NA," "," "," ",NA," "," "," ",NA," "," "," ",NA," "," "," ",NA," "," "," ",NA," "," "," ",0," "," ","7",0," "," ","7",0," "," ","7",0," "," ","7",0," "," ","7",0," "," ","7",0," "," ","7",0," "," ","7",0," "," ","7",0," "," ","7",0," "," ","7",0," "," ","7",0," "," ","7",0," "," ","7",NA," "," "," ",NA," "," "," ",NA," "," "," ",NA," "," "," ",NA," "," "," ",NA," "," "," ",NA," "," "," ",NA," "," "," ",NA," "," "," ",NA," "," "," ",NA," "," "," "
"3291","USC00359461",2013,11,"SNWD",NA," "," "," ",NA," "," "," ",NA," "," "," ",NA," "," "," ",NA," "," "," ",NA," "," "," ",0," "," ","7",0," "," ","7",0," "," ","7",0," "," ","7",0," "," ","7",0," "," ","7",0," "," ","7",0," "," ","7",0," "," ","7",0," "," ","7",0," "," ","7",0," "," ","7",0," "," ","7",0," "," ","7",NA," "," "," ",NA," "," "," ",NA," "," "," ",NA," "," "," ",NA," "," "," ",NA," "," "," ",NA," "," "," ",NA," "," "," ",NA," "," "," ",NA," "," "," ",NA," "," "," "
"3292","USC00359461",2013,11,"SN32",106," "," ","7",117," "," ","7",111," "," ","7",106," "," ","7",100," "," ","7",100," "," ","7",100," "," ","7",106," "," ","7",100," "," ","7",100," "," ","7",100," "," ","7",94," "," ","7",94," "," ","7",94," "," ","7",94," "," ","7",94," "," ","7",89," "," ","7",89," "," ","7",83," "," ","7",83," "," ","7",61," "," ","7",50," "," ","7",39," "," ","7",39," "," ","7",39," "," ","7",39," "," ","7",39," "," ","7",39," "," ","7",39," "," ","7",39," "," ","7",NA," "," "," "
"3293","USC00359461",2013,11,"SX32",111," "," ","7",117," "," ","7",117," "," ","7",111," "," ","7",100," "," ","7",100," "," ","7",106," "," ","7",111," "," ","7",106," "," ","7",100," "," ","7",106," "," ","7",100," "," ","7",100," "," ","7",100," "," ","7",100," "," ","7",100," "," ","7",100," "," ","7",100," "," ","7",100," "," ","7",100," "," ","7",100," "," ","7",61," "," ","7",50," "," ","7",39," "," ","7",39," "," ","7",39," "," ","7",39," "," ","7",39," "," ","7",39," "," ","7",39," "," ","7",NA," "," "," "
"3294","USC00359461",2013,12,"TMAX",67," "," ","7",133," "," ","7",111," "," ","7",56," "," ","7",28," "," ","7",-6," "," ","7",17," "," ","7",-22," "," ","7",-28," "," ","7",6," "," ","7",0," "," ","7",0," "," ","7",189," ","S","7",94," "," ","7",50," "," ","7",67," "," ","7",22," "," ","7",33," "," ","7",50," "," ","7",33," "," ","7",56," "," ","7",117," "," ","7",133," "," ","7",89," "," ","7",72," "," ","7",72," "," ","7",72," "," ","7",56," "," ","7",39," "," ","7",44," "," ","7",67," "," ","7"
"3295","USC00359461",2013,12,"TMIN",28," "," ","7",44," "," ","7",6," "," ","7",-44," "," ","7",-72," "," ","7",-72," "," ","7",-56," "," ","7",-111," "," ","7",-111," "," ","7",-78," "," ","7",-67," "," ","7",-39," "," ","7",-39," "," ","7",6," "," ","7",6," "," ","7",6," "," ","7",6," "," ","7",0," "," ","7",-17," "," ","7",-17," "," ","7",-6," "," ","7",44," "," ","7",28," "," ","7",28," "," ","7",39," "," ","7",11," "," ","7",6," "," ","7",0," "," ","7",11," "," ","7",11," "," ","7",6," "," ","7"
"3296","USC00359461",2013,12,"TOBS",56," "," ","7",111," "," ","7",17," "," ","7",-39," "," ","7",-72," "," ","7",-17," "," ","7",-56," "," ","7",-106," "," ","7",-67," "," ","7",-67," "," ","7",-28," "," ","7",-39," "," ","7",11," "," ","7",6," "," ","7",6," "," ","7",6," "," ","7",6," "," ","7",0," "," ","7",-17," "," ","7",-6," "," ","7",44," "," ","7",56," "," ","7",28," "," ","7",50," "," ","7",39," "," ","7",17," "," ","7",11," "," ","7",22," "," ","7",17," "," ","7",17," "," ","7",11," "," ","7"
"3297","USC00359461",2013,12,"PRCP",0,"T"," ","7",33," "," ","7",46," "," ","7",0," "," ","7",0," "," ","7",15," "," ","7",30," "," ","7",0," "," ","7",0," "," ","7",0," "," ","7",0," "," ","7",0," "," ","7",18," "," ","7",0," "," ","7",0," "," ","7",0," "," ","7",0," "," ","7",0," "," ","7",48," "," ","7",0," "," ","7",28," "," ","7",8," "," ","7",3," "," ","7",8," "," ","7",3," "," ","7",5," "," ","7",3," "," ","7",5," "," ","7",0," "," ","7",0," "," ","7",0," "," ","7"
"3298","USC00359461",2013,12,"SNOW",NA," "," "," ",NA," "," "," ",NA," "," "," ",NA," "," "," ",0," "," ","7",25," "," ","7",71," "," ","7",NA," "," "," ",0," "," ","7",0," "," ","7",0," "," ","7",0," "," ","7",0," "," ","7",0," "," ","7",0," "," ","7",0," "," ","7",0," "," ","7",0," "," ","7",0," "," ","7",0," "," ","7",NA," "," "," ",NA," "," "," ",NA," "," "," ",NA," "," "," ",NA," "," "," ",NA," "," "," ",NA," "," "," ",NA," "," "," ",NA," "," "," ",NA," "," "," ",NA," "," "," "
"3299","USC00359461",2013,12,"SNWD",NA," "," "," ",NA," "," "," ",NA," "," "," ",NA," "," "," ",0," "," ","7",25," "," ","7",NA," "," "," ",NA," "," "," ",0," "," ","7",0," "," ","7",0," "," ","7",0," "," ","7",0," "," ","7",0," "," ","7",0," "," ","7",0," "," ","7",0," "," ","7",0," "," ","7",0," "," ","7",0," "," ","7",NA," "," "," ",NA," "," "," ",NA," "," "," ",NA," "," "," ",NA," "," "," ",NA," "," "," ",NA," "," "," ",NA," "," "," ",NA," "," "," ",NA," "," "," ",NA," "," "," "
"3300","USC00359461",2013,12,"SN32",39," "," ","7",44," "," ","7",56," "," ","7",44," "," ","7",28," "," ","7",17," "," ","7",11," "," ","7",6," "," ","7",-6," "," ","7",-6," "," ","7",-6," "," ","7",-6," "," ","7",6," "," ","7",6," "," ","7",6," "," ","7",6," "," ","7",6," "," ","7",0," "," ","7",6," "," ","7",6," "," ","7",11," "," ","7",11," "," ","7",22," "," ","7",28," "," ","7",28," "," ","7",28," "," ","7",28," "," ","7",28," "," ","7",22," "," ","7",22," "," ","7",22," "," ","7"
"3301","USC00359461",2013,12,"SX32",39," "," ","7",56," "," ","7",56," "," ","7",50," "," ","7",39," "," ","7",28," "," ","7",39," "," ","7",6," "," ","7",6," "," ","7",6," "," ","7",6," "," ","7",6," "," ","7",6," "," ","7",11," "," ","7",11," "," ","7",11," "," ","7",11," "," ","7",6," "," ","7",11," "," ","7",11," "," ","7",11," "," ","7",22," "," ","7",28," "," ","7",28," "," ","7",33," "," ","7",28," "," ","7",28," "," ","7",28," "," ","7",22," "," ","7",22," "," ","7",22," "," ","7"
"3302","USC00359461",2014,1,"TMAX",117," "," ","7",39," "," ","7",67," "," ","7",94," "," ","7",28," "," ","7",28," "," ","7",33," "," ","7",106," "," ","7",128," "," ","7",94," "," ","7",117," "," ","7",111," "," ","7",100," "," ","7",128," "," ","7",117," "," ","7",83," "," ","7",56," "," ","7",78," "," ","7",94," "," ","7",72," "," ","7",89," "," ","7",100," "," ","7",72," "," ","7",111," "," ","7",139," "," ","7",128," "," ","7",122," "," ","7",78," "," ","7",117," "," ","7",133," "," ","7",100," "," ","7"
"3303","USC00359461",2014,1,"TMIN",-6," "," ","7",-6," "," ","7",6," "," ","7",-6," "," ","7",-6," "," ","7",-22," "," ","7",-22," "," ","7",17," "," ","7",50," "," ","7",50," "," ","7",61," "," ","7",50," "," ","7",50," "," ","7",33," "," ","7",11," "," ","7",6," "," ","7",0," "," ","7",-6," "," ","7",0," "," ","7",0," "," ","7",0," "," ","7",-6," "," ","7",6," "," ","7",-17," "," ","7",-17," "," ","7",-17," "," ","7",-11," "," ","7",6," "," ","7",56," "," ","7",50," "," ","7",22," "," ","7"
"3304","USC00359461",2014,1,"TOBS",0," "," ","7",6," "," ","7",33," "," ","7",-6," "," ","7",-6," "," ","7",-22," "," ","7",33," "," ","7",50," "," ","7",50," "," ","7",61," "," ","7",89," "," ","7",50," "," ","7",67," "," ","7",33," "," ","7",11," "," ","7",6," "," ","7",0," "," ","7",0," "," ","7",0," "," ","7",6," "," ","7",0," "," ","7",6," "," ","7",50," "," ","7",-11," "," ","7",-11," "," ","7",0," "," ","7",11," "," ","7",61," "," ","7",94," "," ","7",50," "," ","7",22," "," ","7"
"3305","USC00359461",2014,1,"PRCP",0,"T"," ","7",0," "," ","7",0," "," ","7",5," "," ","7",3," "," ","7",0," "," ","7",41," "," ","7",15," "," ","7",46," "," ","7",15," "," ","7",99," "," ","7",160," "," ","7",8," "," ","7",0," "," ","7",0," "," ","7",5," "," ","7",0,"T"," ","7",3," "," ","7",8," "," ","7",3," "," ","7",3," "," ","7",3," "," ","7",0," "," ","7",0," "," ","7",0," "," ","7",0,"T"," ","7",0," "," ","7",23," "," ","7",56," "," ","7",20," "," ","7",5," "," ","7"
"3306","USC00359461",2014,1,"SNOW",NA," "," "," ",0," "," ","7",0," "," ","7",0," "," ","7",NA," "," "," ",0," "," ","7",0," "," ","7",0," "," ","7",NA," "," "," ",0," "," ","7",0," "," ","7",0," "," ","7",0," "," ","7",0," "," ","7",0," "," ","7",NA," "," "," ",NA," "," "," ",NA," "," "," ",NA," "," "," ",NA," "," "," ",NA," "," "," ",NA," "," "," ",NA," "," "," ",NA," "," "," ",NA," "," "," ",NA," "," "," ",NA," "," "," ",NA," "," "," ",NA," "," "," ",0," "," ","7",0," "," ","7"
"3307","USC00359461",2014,1,"SNWD",NA," "," "," ",0," "," ","7",0," "," ","7",0," "," ","7",NA," "," "," ",0," "," ","7",0," "," ","7",0," "," ","7",NA," "," "," ",0," "," ","7",0," "," ","7",0," "," ","7",0," "," ","7",0," "," ","7",0," "," ","7",NA," "," "," ",NA," "," "," ",NA," "," "," ",NA," "," "," ",NA," "," "," ",NA," "," "," ",NA," "," "," ",NA," "," "," ",NA," "," "," ",NA," "," "," ",NA," "," "," ",NA," "," "," ",NA," "," "," ",NA," "," "," ",0," "," ","7",0," "," ","7"
"3308","USC00359461",2014,1,"SN32",22," "," ","7",17," "," ","7",17," "," ","7",17," "," ","7",22," "," ","7",17," "," ","7",17," "," ","7",11," "," ","7",17," "," ","7",22," "," ","7",28," "," ","7",28," "," ","7",44," "," ","7",44," "," ","7",44," "," ","7",33," "," ","7",33," "," ","7",33," "," ","7",33," "," ","7",33," "," ","7",28," "," ","7",22," "," ","7",22," "," ","7",28," "," ","7",28," "," ","7",28," "," ","7",28," "," ","7",28," "," ","7",28," "," ","7",39," "," ","7",39," "," ","7"
"3309","USC00359461",2014,1,"SX32",22," "," ","7",22," "," ","7",22," "," ","7",22," "," ","7",22," "," ","7",22," "," ","7",22," "," ","7",22," "," ","7",33," "," ","7",28," "," ","7",33," "," ","7",44," "," ","7",44," "," ","7",44," "," ","7",44," "," ","7",39," "," ","7",33," "," ","7",33," "," ","7",33," "," ","7",33," "," ","7",33," "," ","7",28," "," ","7",28," "," ","7",28," "," ","7",28," "," ","7",28," "," ","7",28," "," ","7",28," "," ","7",39," "," ","7",44," "," ","7",44," "," ","7"
"3310","USC00359461",2014,2,"TMAX",89," "," ","7",106," "," ","7",100," "," ","7",78," "," ","7",72," "," ","7",33," "," ","7",44," "," ","7",67," "," ","7",133," "," ","7",167," "," ","7",144," "," ","7",139," "," ","7",128," "," ","7",139," "," ","7",122," "," ","7",156," "," ","7",117," "," ","7",111," "," ","7",139," "," ","7",94," "," ","7",106," "," ","7",122," "," ","7",128," "," ","7",111," "," ","7",189," "," ","7",167," "," ","7",133," "," ","7",156," "," ","7",NA," "," "," ",NA," "," "," ",NA," "," "," "
"3311","USC00359461",2014,2,"TMIN",22," "," ","7",22," "," ","7",11," "," ","7",11," "," ","7",11," "," ","7",-17," "," ","7",-17," "," ","7",39," "," ","7",67," "," ","7",28," "," ","7",44," "," ","7",56," "," ","7",78," "," ","7",72," "," ","7",72," "," ","7",33," "," ","7",39," "," ","7",61," "," ","7",22," "," ","7",28," "," ","7",44," "," ","7",22," "," ","7",6," "," ","7",11," "," ","7",72," "," ","7",61," "," ","7",67," "," ","7",61," "," ","7",NA," "," "," ",NA," "," "," ",NA," "," "," "
"3312","USC00359461",2014,2,"TOBS",33," "," ","7",22," "," ","7",11," "," ","7",22," "," ","7",11," "," ","7",-17," "," ","7",39," "," ","7",67," "," ","7",67," "," ","7",44," "," ","7",56," "," ","7",100," "," ","7",78," "," ","7",111," "," ","7",72," "," ","7",39," "," ","7",83," "," ","7",67," "," ","7",28," "," ","7",50," "," ","7",72," "," ","7",44," "," ","7",17," "," ","7",83," "," ","7",94," "," ","7",67," "," ","7",67," "," ","7",61," "," ","7",NA," "," "," ",NA," "," "," ",NA," "," "," "
"3313","USC00359461",2014,2,"PRCP",13," "," ","7",0," "," ","7",3," "," ","7",18," "," ","7",3," "," ","7",0," "," ","7",99," "," ","7",109," "," ","7",89," "," ","7",0," "," ","7",0," "," ","7",147," "," ","7",124," "," ","7",323," "," ","7",208," "," ","7",112," "," ","7",5," "," ","7",109," "," ","7",185," "," ","7",41," "," ","7",10," "," ","7",3," "," ","7",0,"T"," ","7",3," "," ","7",0,"T"," ","7",0,"T"," ","7",33," "," ","7",3," "," ","7",NA," "," "," ",NA," "," "," ",NA," "," "," "
"3314","USC00359461",2014,2,"SNOW",0," "," ","7",0," "," ","7",0," "," ","7",0," "," ","7",0," "," ","7",0," "," ","7",0," "," ","7",0," "," ","7",0," "," ","7",0," "," ","7",0," "," ","7",0," "," ","7",NA," "," "," ",NA," "," "," ",NA," "," "," ",NA," "," "," ",NA," "," "," ",NA," "," "," ",NA," "," "," ",NA," "," "," ",NA," "," "," ",NA," "," "," ",NA," "," "," ",NA," "," "," ",NA," "," "," ",NA," "," "," ",0," "," ","7",0," "," ","7",NA," "," "," ",NA," "," "," ",NA," "," "," "
"3315","USC00359461",2014,2,"SNWD",0," "," ","7",0," "," ","7",0," "," ","7",0," "," ","7",0," "," ","7",0," "," ","7",0," "," ","7",0," "," ","7",0," "," ","7",0," "," ","7",0," "," ","7",0," "," ","7",NA," "," "," ",NA," "," "," ",NA," "," "," ",NA," "," "," ",NA," "," "," ",NA," "," "," ",NA," "," "," ",NA," "," "," ",NA," "," "," ",NA," "," "," ",NA," "," "," ",NA," "," "," ",NA," "," "," ",NA," "," "," ",0," "," ","7",0," "," ","7",NA," "," "," ",NA," "," "," ",NA," "," "," "
"3316","USC00359461",2014,2,"SN32",39," "," ","7",33," "," ","7",33," "," ","7",39," "," ","7",39," "," ","7",33," "," ","7",22," "," ","7",22," "," ","7",22," "," ","7",33," "," ","7",44," "," ","7",50," "," ","7",61," ","I","7",61," "," ","7",67," "," ","7",67," "," ","7",67," "," ","7",67," "," ","7",61," "," ","7",56," "," ","7",56," "," ","7",61," "," ","7",56," "," ","7",56," "," ","7",56," "," ","7",72," "," ","7",78," "," ","7",72," "," ","7",NA," "," "," ",NA," "," "," ",NA," "," "," "
"3317","USC00359461",2014,2,"SX32",44," "," ","7",44," "," ","7",44," "," ","7",44," "," ","7",44," "," ","7",39," "," ","7",33," "," ","7",22," "," ","7",33," "," ","7",50," "," ","7",50," "," ","7",50," ","I","7",61," "," ","7",67," "," ","7",67," "," ","7",67," "," ","7",67," "," ","7",67," "," ","7",67," "," ","7",56," "," ","7",56," "," ","7",61," "," ","7",56," "," ","7",56," "," ","7",67," "," ","7",72," "," ","7",78," "," ","7",78," "," ","7",NA," "," "," ",NA," "," "," ",NA," "," "," "
"3318","USC00359461",2014,3,"TMAX",117," "," ","7",156," "," ","7",156," "," ","7",167," "," ","7",183," "," ","7",194," "," ","7",128," "," ","7",178," "," ","7",161," "," ","7",161," "," ","7",133," "," ","7",150," "," ","7",211," "," ","7",183," "," ","7",183," "," ","7",217," "," ","7",172," "," ","7",117," "," ","7",150," "," ","7",144," "," ","7",128," "," ","7",144," "," ","7",172," "," ","7",206," "," ","7",200," "," ","7",172," "," ","7",111," "," ","7",144," "," ","7",144," "," ","7",144," "," ","7",111," "," ","7"
"3319","USC00359461",2014,3,"TMIN",61," "," ","7",78," "," ","7",83," "," ","7",83," "," ","7",89," "," ","7",78," "," ","7",50," "," ","7",39," "," ","7",50," "," ","7",72," "," ","7",11," "," ","7",11," "," ","7",17," "," ","7",17," "," ","7",33," "," ","7",33," "," ","7",44," "," ","7",0," "," ","7",0," "," ","7",11," "," ","7",39," "," ","7",0," "," ","7",0," "," ","7",0," "," ","7",17," "," ","7",72," "," ","7",67," "," ","7",67," "," ","7",50," "," ","7",50," "," ","7",33," "," ","7"
"3320","USC00359461",2014,3,"TOBS",78," "," ","7",83," "," ","7",83," "," ","7",89," "," ","7",111," "," ","7",83," "," ","7",72," "," ","7",61," "," ","7",117," "," ","7",83," "," ","7",22," "," ","7",33," "," ","7",17," "," ","7",83," "," ","7",33," "," ","7",94," "," ","7",44," "," ","7",0," "," ","7",11," "," ","7",44," "," ","7",39," "," ","7",0," "," ","7",0," "," ","7",17," "," ","7",94," "," ","7",72," "," ","7",72," "," ","7",83," "," ","7",61," "," ","7",61," "," ","7",39," "," ","7"
"3321","USC00359461",2014,3,"PRCP",13," "," ","7",30," "," ","7",64," "," ","7",23," "," ","7",5," "," ","7",79," "," ","7",84," "," ","7",0,"T"," ","7",124," "," ","7",112," "," ","7",20," "," ","7",0,"T"," ","7",0," "," ","7",10," "," ","7",0,"T"," ","7",0," "," ","7",81," "," ","7",3," "," ","7",0,"T"," ","7",0," "," ","7",0," "," ","7",0," "," ","7",0," "," ","7",0," "," ","7",10," "," ","7",69," "," ","7",61," "," ","7",109," "," ","7",340," "," ","7",36," "," ","7",15," "," ","7"
"3322","USC00359461",2014,3,"SNOW",0," "," ","7",0," "," ","7",0," "," ","7",0," "," ","7",0," "," ","7",NA," "," "," ",NA," "," "," ",NA," "," "," ",NA," "," "," ",NA," "," "," ",NA," "," "," ",NA," "," "," ",NA," "," "," ",NA," "," "," ",NA," "," "," ",NA," "," "," ",NA," "," "," ",NA," "," "," ",NA," "," "," ",0," "," ","7",0," "," ","7",0," "," ","7",0," "," ","7",0," "," ","7",0," "," ","7",0," "," ","7",0," "," ","7",0," "," ","7",0," "," ","7",0," "," ","7",0," "," ","7"
"3323","USC00359461",2014,3,"SNWD",0," "," ","7",0," "," ","7",0," "," ","7",0," "," ","7",0," "," ","7",NA," "," "," ",NA," "," "," ",NA," "," "," ",NA," "," "," ",NA," "," "," ",NA," "," "," ",NA," "," "," ",NA," "," "," ",NA," "," "," ",NA," "," "," ",NA," "," "," ",NA," "," "," ",NA," "," "," ",NA," "," "," ",0," "," ","7",0," "," ","7",0," "," ","7",0," "," ","7",0," "," ","7",0," "," ","7",0," "," ","7",0," "," ","7",0," "," ","7",0," "," ","7",0," "," ","7",0," "," ","7"
"3324","USC00359461",2014,3,"SN32",78," "," ","7",72," "," ","7",72," "," ","7",72," "," ","7",78," "," ","7",78," "," ","7",83," "," ","7",83," "," ","7",89," "," ","7",89," "," ","7",89," "," ","7",83," "," ","7",83," "," ","7",89," "," ","7",94," "," ","7",100," "," ","7",106," "," ","7",89," "," ","7",83," "," ","7",83," "," ","7",83," "," ","7",83," "," ","7",83," "," ","7",89," "," ","7",89," "," ","7",89," "," ","7",100," ","I","7",94," "," ","7",89," "," ","7",83," "," ","7",83," "," ","7"
"3325","USC00359461",2014,3,"SX32",83," "," ","7",78," "," ","7",78," "," ","7",83," "," ","7",89," "," ","7",94," "," ","7",94," "," ","7",89," "," ","7",89," "," ","7",89," "," ","7",89," "," ","7",83," "," ","7",89," "," ","7",94," "," ","7",100," "," ","7",106," "," ","7",106," "," ","7",106," "," ","7",94," "," ","7",83," "," ","7",83," "," ","7",83," "," ","7",89," "," ","7",89," "," ","7",89," "," ","7",89," ","I","7",100," "," ","7",100," "," ","7",94," "," ","7",94," "," ","7",94," "," ","7"
"3326","USC00359461",2014,4,"TMAX",133," "," ","7",144," "," ","7",178," "," ","7",172," "," ","7",161," "," ","7",133," "," ","7",200," "," ","7",261," "," ","7",244," "," ","7",183," "," ","7",200," "," ","7",211," "," ","7",189," "," ","7",239," "," ","7",228," "," ","7",178," "," ","7",194," "," ","7",139," "," ","7",156," "," ","7",161," "," ","7",222," "," ","7",178," "," ","7",139," "," ","7",167," "," ","7",156," "," ","7",144," "," ","7",167," "," ","7",161," "," ","7",189," "," ","7",267," "," ","7",NA," "," "," "
"3327","USC00359461",2014,4,"TMIN",22," "," ","7",22," "," ","7",28," "," ","7",56," "," ","7",83," "," ","7",89," "," ","7",72," "," ","7",72," "," ","7",72," "," ","7",22," "," ","7",22," "," ","7",39," "," ","7",17," "," ","7",17," "," ","7",50," "," ","7",50," "," ","7",50," "," ","7",50," "," ","7",50," "," ","7",39," "," ","7",39," "," ","7",39," "," ","7",50," "," ","7",78," "," ","7",67," "," ","7",33," "," ","7",39," "," ","7",39," "," ","7",50," "," ","7",50," "," ","7",NA," "," "," "
"3328","USC00359461",2014,4,"TOBS",28," "," ","7",28," "," ","7",56," "," ","7",83," "," ","7",89," "," ","7",89," "," ","7",89," "," ","7",72," "," ","7",111," "," ","7",22," "," ","7",39," "," ","7",78," "," ","7",17," "," ","7",50," "," ","7",83," "," ","7",50," "," ","7",94," "," ","7",50," "," ","7",56," "," ","7",39," "," ","7",78," "," ","7",50," "," ","7",78," "," ","7",83," "," ","7",72," "," ","7",39," "," ","7",72," "," ","7",50," "," ","7",67," "," ","7",106," "," ","7",NA," "," "," "
"3329","USC00359461",2014,4,"PRCP",5," "," ","7",0," "," ","7",0," "," ","7",20," "," ","7",30," "," ","7",18," "," ","7",0," "," ","7",0," "," ","7",0," "," ","7",0," "," ","7",0," "," ","7",0," "," ","7",0," "," ","7",0," "," ","7",0," "," ","7",0," "," ","7",0," "," ","7",58," "," ","7",5," "," ","7",3," "," ","7",0," "," ","7",43," "," ","7",28," "," ","7",89," "," ","7",71," "," ","7",15," "," ","7",36," "," ","7",58," "," ","7",0," "," ","7",0," "," ","7",NA," "," "," "
"3330","USC00359461",2014,4,"SNOW",0," "," ","7",0," "," ","7",0," "," ","7",0," "," ","7",0," "," ","7",0," "," ","7",0," "," ","7",0," "," ","7",0," "," ","7",NA," "," "," ",NA," "," "," ",NA," "," "," ",NA," "," "," ",NA," "," "," ",NA," "," "," ",NA," "," "," ",0," "," ","7",0," "," ","7",0," "," ","7",0," "," ","7",0," "," ","7",0," "," ","7",0," "," ","7",0," "," ","7",0," "," ","7",0," "," ","7",0," "," ","7",0," "," ","7",0," "," ","7",0," "," ","7",NA," "," "," "
"3331","USC00359461",2014,4,"SNWD",0," "," ","7",0," "," ","7",0," "," ","7",0," "," ","7",0," "," ","7",0," "," ","7",0," "," ","7",0," "," ","7",0," "," ","7",NA," "," "," ",NA," "," "," ",NA," "," "," ",NA," "," "," ",NA," "," "," ",NA," "," "," ",NA," "," "," ",0," "," ","7",0," "," ","7",0," "," ","7",0," "," ","7",0," "," ","7",0," "," ","7",0," "," ","7",0," "," ","7",0," "," ","7",0," "," ","7",0," "," ","7",0," "," ","7",0," "," ","7",0," "," ","7",NA," "," "," "
"3332","USC00359461",2014,4,"SN32",78," "," ","7",78," "," ","7",83," "," ","7",94," "," ","7",94," "," ","7",100," "," ","7",100," "," ","7",94," "," ","7",100," "," ","7",122," "," ","7",117," "," ","7",117," "," ","7",122," "," ","7",117," "," ","7",133," "," ","7",133," "," ","7",139," "," ","7",133," "," ","7",128," "," ","7",128," "," ","7",128," "," ","7",133," "," ","7",128," "," ","7",122," "," ","7",117," "," ","7",111," "," ","7",111," "," ","7",111," "," ","7",106," "," ","7",106," "," ","7",NA," "," "," "
"3333","USC00359461",2014,4,"SX32",78," "," ","7",83," "," ","7",94," "," ","7",94," "," ","7",100," "," ","7",100," "," ","7",100," "," ","7",100," "," ","7",122," "," ","7",128," "," ","7",122," "," ","7",128," "," ","7",128," "," ","7",133," "," ","7",133," "," ","7",139," "," ","7",144," "," ","7",144," "," ","7",144," "," ","7",144," "," ","7",139," "," ","7",139," "," ","7",133," "," ","7",128," "," ","7",122," "," ","7",128," "," ","7",133," "," ","7",133," "," ","7",128," "," ","7",139," "," ","7",NA," "," "," "
"3334","USC00359461",2014,5,"TMAX",311," "," ","7",317," "," ","7",239," "," ","7",211," "," ","7",156," "," ","7",167," "," ","7",194," "," ","7",206," "," ","7",178," "," ","7",156," "," ","7",167," "," ","7",206," "," ","7",267," "," ","7",294," "," ","7",339," "," ","7",289," "," ","7",233," "," ","7",244," "," ","7",183," "," ","7",211," "," ","7",233," "," ","7",239," "," ","7",283," "," ","7",256," "," ","7",239," "," ","7",261," "," ","7",228," "," ","7",211," "," ","7",183," "," ","7",244," "," ","7",261," "," ","7"
"3335","USC00359461",2014,5,"TMIN",106," "," ","7",106," "," ","7",67," "," ","7",67," "," ","7",89," "," ","7",72," "," ","7",39," "," ","7",39," "," ","7",89," "," ","7",67," "," ","7",56," "," ","7",56," "," ","7",78," "," ","7",94," "," ","7",111," "," ","7",83," "," ","7",83," "," ","7",111," "," ","7",111," "," ","7",83," "," ","7",83," "," ","7",94," "," ","7",106," "," ","7",139," "," ","7",100," "," ","7",117," "," ","7",111," "," ","7",100," "," ","7",61," "," ","7",61," "," ","7",94," "," ","7"
"3336","USC00359461",2014,5,"TOBS",106," "," ","7",111," "," ","7",67," "," ","7",111," "," ","7",89," "," ","7",72," "," ","7",50," "," ","7",94," "," ","7",94," "," ","7",72," "," ","7",56," "," ","7",78," "," ","7",106," "," ","7",111," "," ","7",111," "," ","7",83," "," ","7",117," "," ","7",111," "," ","7",111," "," ","7",83," "," ","7",100," "," ","7",106," "," ","7",161," "," ","7",150," "," ","7",117," "," ","7",150," "," ","7",117," "," ","7",106," "," ","7",61," "," ","7",111," "," ","7",94," "," ","7"
"3337","USC00359461",2014,5,"PRCP",0," "," ","7",0," "," ","7",0," "," ","7",15," "," ","7",30," "," ","7",13," "," ","7",0," "," ","7",20," "," ","7",58," "," ","7",122," "," ","7",30," "," ","7",0,"T"," ","7",0," "," ","7",0," "," ","7",0," "," ","7",0," "," ","7",0," "," ","7",79," "," ","7",15," "," ","7",5," "," ","7",0," "," ","7",0," "," ","7",0," "," ","7",0," "," ","7",0," "," ","7",0," "," ","7",0," "," ","7",0," "," ","7",10," "," ","7",0," "," ","7",0," "," ","7"
"3338","USC00359461",2014,5,"SNOW",0," "," ","7",0," "," ","7",0," "," ","7",0," "," ","7",0," "," ","7",0," "," ","7",0," "," ","7",NA," "," "," ",NA," "," "," ",NA," "," "," ",NA," "," "," ",NA," "," "," ",NA," "," "," ",NA," "," "," ",0," "," ","7",0," "," ","7",0," "," ","7",0," "," ","7",0," "," ","7",0," "," ","7",0," "," ","7",0," "," ","7",0," "," ","7",0," "," ","7",0," "," ","7",0," "," ","7",0," "," ","7",0," "," ","7",0," "," ","7",0," "," ","7",0," "," ","7"
"3339","USC00359461",2014,5,"SNWD",0," "," ","7",0," "," ","7",0," "," ","7",0," "," ","7",0," "," ","7",0," "," ","7",0," "," ","7",NA," "," "," ",NA," "," "," ",NA," "," "," ",NA," "," "," ",NA," "," "," ",NA," "," "," ",NA," "," "," ",0," "," ","7",0," "," ","7",0," "," ","7",0," "," ","7",0," "," ","7",0," "," ","7",0," "," ","7",0," "," ","7",0," "," ","7",0," "," ","7",0," "," ","7",0," "," ","7",0," "," ","7",0," "," ","7",0," "," ","7",0," "," ","7",0," "," ","7"
"3340","USC00359461",2014,5,"SN32",139," "," ","7",NA," "," "," ",144," "," ","7",150," "," ","7",156," "," ","7",156," "," ","7",156," "," ","7",144," "," ","7",144," "," ","7",139," "," ","7",133," "," ","7",133," "," ","7",139," "," ","7",156," "," ","7",172," "," ","7",189," "," ","7",189," "," ","7",189," "," ","7",183," "," ","7",183," "," ","7",178," "," ","7",178," "," ","7",178," "," ","7",178," "," ","7",172," "," ","7",178," "," ","7",178," "," ","7",172," "," ","7",172," "," ","7",194," "," ","7",194," "," ","7"
"3341","USC00359461",2014,5,"SX32",156," "," ","7",NA," "," "," ",161," "," ","7",156," "," ","7",156," "," ","7",156," "," ","7",156," "," ","7",161," "," ","7",156," "," ","7",144," "," ","7",139," "," ","7",144," "," ","7",156," "," ","7",172," "," ","7",183," "," ","7",194," "," ","7",200," "," ","7",200," "," ","7",200," "," ","7",189," "," ","7",189," "," ","7",183," "," ","7",194," "," ","7",200," "," ","7",194," "," ","7",206," "," ","7",206," "," ","7",206," "," ","7",194," "," ","7",194," "," ","7",194," "," ","7"
"3342","USC00359461",2014,6,"TMAX",250," "," ","7",206," "," ","7",267," "," ","7",261," "," ","7",256," "," ","7",267," "," ","7",267," "," ","7",267," "," ","7",289," "," ","7",267," "," ","7",261," "," ","7",222," "," ","7",222," "," ","7",172," "," ","7",206," "," ","7",206," "," ","7",183," "," ","7",200," "," ","7",272," "," ","7",283," "," ","7",256," "," ","7",261," "," ","7",289," "," ","7",267," "," ","7",289," "," ","7",194," "," ","7",228," "," ","7",244," "," ","7",244," "," ","7",261," "," ","7",NA," "," "," "
"3343","USC00359461",2014,6,"TMIN",94," "," ","7",94," "," ","7",94," "," ","7",94," "," ","7",94," "," ","7",106," "," ","7",133," "," ","7",144," "," ","7",150," "," ","7",117," "," ","7",122," "," ","7",117," "," ","7",117," "," ","7",117," "," ","7",117," "," ","7",100," "," ","7",94," "," ","7",72," "," ","7",72," "," ","7",100," "," ","7",89," "," ","7",94," "," ","7",111," "," ","7",128," "," ","7",133," "," ","7",150," "," ","7",150," "," ","7",156," "," ","7",156," "," ","7",144," "," ","7",NA," "," "," "
"3344","USC00359461",2014,6,"TOBS",128," "," ","7",100," "," ","7",117," "," ","7",94," "," ","7",133," "," ","7",133," "," ","7",161," "," ","7",156," "," ","7",161," "," ","7",133," "," ","7",128," "," ","7",117," "," ","7",133," "," ","7",117," "," ","7",122," "," ","7",100," "," ","7",94," "," ","7",72," "," ","7",100," "," ","7",150," "," ","7",94," "," ","7",111," "," ","7",156," "," ","7",133," "," ","7",150," "," ","7",150," "," ","7",161," "," ","7",167," "," ","7",156," "," ","7",144," "," ","7",NA," "," "," "
"3345","USC00359461",2014,6,"PRCP",0," "," ","7",0," "," ","7",0," "," ","7",0," "," ","7",0," "," ","7",0," "," ","7",0," "," ","7",0," "," ","7",0," "," ","7",0," "," ","7",0," "," ","7",0," "," ","7",0," "," ","7",5," "," ","7",0," "," ","7",0," "," ","7",18," "," ","7",0," "," ","7",0," "," ","7",0," "," ","7",0," "," ","7",0," "," ","7",0," "," ","7",0," "," ","7",0," "," ","7",279," "," ","7",15," "," ","7",0," "," ","7",0," "," ","7",0," "," ","7",NA," "," "," "
"3346","USC00359461",2014,6,"SNOW",0," "," ","7",0," "," ","7",0," "," ","7",0," "," ","7",NA," "," "," ",NA," "," "," ",NA," "," "," ",NA," "," "," ",NA," "," "," ",NA," "," "," ",NA," "," "," ",0," "," ","7",0," "," ","7",0," "," ","7",0," "," ","7",0," "," ","7",0," "," ","7",0," "," ","7",0," "," ","7",0," "," ","7",0," "," ","7",0," "," ","7",0," "," ","7",0," "," ","7",0," "," ","7",0," "," ","7",0," "," ","7",0," "," ","7",0," "," ","7",0," "," ","7",NA," "," "," "
"3347","USC00359461",2014,6,"SNWD",0," "," ","7",0," "," ","7",0," "," ","7",0," "," ","7",NA," "," "," ",NA," "," "," ",NA," "," "," ",NA," "," "," ",NA," "," "," ",NA," "," "," ",NA," "," "," ",0," "," ","7",0," "," ","7",0," "," ","7",0," "," ","7",0," "," ","7",0," "," ","7",0," "," ","7",0," "," ","7",0," "," ","7",0," "," ","7",0," "," ","7",0," "," ","7",0," "," ","7",0," "," ","7",0," "," ","7",0," "," ","7",0," "," ","7",0," "," ","7",0," "," ","7",NA," "," "," "
"3348","USC00359461",2014,6,"SN32",194," "," ","7",189," "," ","7",194," "," ","7",206," "," ","7",200," "," ","7",206," "," ","7",211," "," ","7",211," "," ","7",217," "," ","7",228," "," ","7",228," "," ","7",222," "," ","7",222," "," ","7",217," "," ","7",206," "," ","7",211," "," ","7",200," "," ","7",200," "," ","7",194," "," ","7",194," "," ","7",194," "," ","7",167," "," ","7",194," "," ","7",194," "," ","7",194," "," ","7",200," "," ","7",211," "," ","7",211," "," ","7",211," "," ","7",217," "," ","7",NA," "," "," "
"3349","USC00359461",2014,6,"SX32",200," "," ","7",194," "," ","7",206," "," ","7",211," "," ","7",206," "," ","7",211," "," ","7",211," "," ","7",217," "," ","7",228," "," ","7",228," "," ","7",228," "," ","7",228," "," ","7",228," "," ","7",228," "," ","7",211," "," ","7",217," "," ","7",217," "," ","7",206," "," ","7",206," "," ","7",217," "," ","7",217," "," ","7",217," "," ","7",228," "," ","7",233," "," ","7",239," "," ","7",233," "," ","7",211," "," ","7",211," "," ","7",217," "," ","7",222," "," ","7",NA," "," "," "
"3350","USC00359461",2014,7,"TMAX",283," "," ","7",339," "," ","7",289," "," ","7",211," "," ","7",294," "," ","7",333," "," ","7",333," "," ","7",328," "," ","7",322," "," ","7",328," "," ","7",333," "," ","7",278," "," ","7",328," "," ","7",267," "," ","7",322," "," ","7",356," "," ","7",344," "," ","7",328," "," ","7",311," "," ","7",339," "," ","7",283," "," ","7",211," "," ","7",267," "," ","7",183," "," ","7",239," "," ","7",283," "," ","7",300," "," ","7",300," "," ","7",350," "," ","7",339," "," ","7",339," "," ","7"
"3351","USC00359461",2014,7,"TMIN",144," "," ","7",156," "," ","7",128," "," ","7",122," "," ","7",122," "," ","7",139," "," ","7",133," "," ","7",161," "," ","7",167," "," ","7",167," "," ","7",139," "," ","7",139," "," ","7",150," "," ","7",150," "," ","7",150," "," ","7",161," "," ","7",150," "," ","7",156," "," ","7",172," "," ","7",178," "," ","7",144," "," ","7",150," "," ","7",156," "," ","7",117," "," ","7",117," "," ","7",128," "," ","7",128," "," ","7",156," "," ","7",161," "," ","7",167," "," ","7",167," "," ","7"
"3352","USC00359461",2014,7,"TOBS",156," "," ","7",172," "," ","7",144," "," ","7",128," "," ","7",144," "," ","7",144," "," ","7",161," "," ","7",211," "," ","7",200," "," ","7",167," "," ","7",139," "," ","7",150," "," ","7",150," "," ","7",150," "," ","7",161," "," ","7",172," "," ","7",156," "," ","7",172," "," ","7",200," "," ","7",194," "," ","7",156," "," ","7",167," "," ","7",172," "," ","7",117," "," ","7",150," "," ","7",128," "," ","7",156," "," ","7",161," "," ","7",178," "," ","7",167," "," ","7",189," "," ","7"
"3353","USC00359461",2014,7,"PRCP",0," "," ","7",0," "," ","7",0," "," ","7",0," "," ","7",0," "," ","7",0," "," ","7",0," "," ","7",0," "," ","7",0," "," ","7",0," "," ","7",0," "," ","7",0," "," ","7",0," "," ","7",0," "," ","7",0," "," ","7",0," "," ","7",0," "," ","7",0," "," ","7",0," "," ","7",0," "," ","7",0," "," ","7",5," "," ","7",0," "," ","7",41," "," ","7",0," "," ","7",0," "," ","7",0," "," ","7",0," "," ","7",0," "," ","7",0," "," ","7",0," "," ","7"
"3354","USC00359461",2014,7,"SNOW",0," "," ","7",0," "," ","7",NA," "," "," ",NA," "," "," ",NA," "," "," ",NA," "," "," ",NA," "," "," ",NA," "," "," ",NA," "," "," ",0," "," ","7",0," "," ","7",0," "," ","7",0," "," ","7",0," "," ","7",0," "," ","7",0," "," ","7",0," "," ","7",0," "," ","7",0," "," ","7",0," "," ","7",0," "," ","7",0," "," ","7",0," "," ","7",0," "," ","7",0," "," ","7",0," "," ","7",0," "," ","7",0," "," ","7",0," "," ","7",0," "," ","7",NA," "," "," "
"3355","USC00359461",2014,7,"SNWD",0," "," ","7",0," "," ","7",NA," "," "," ",NA," "," "," ",NA," "," "," ",NA," "," "," ",NA," "," "," ",NA," "," "," ",NA," "," "," ",0," "," ","7",0," "," ","7",0," "," ","7",0," "," ","7",0," "," ","7",0," "," ","7",0," "," ","7",0," "," ","7",0," "," ","7",0," "," ","7",0," "," ","7",0," "," ","7",0," "," ","7",0," "," ","7",0," "," ","7",0," "," ","7",0," "," ","7",0," "," ","7",0," "," ","7",0," "," ","7",0," "," ","7",NA," "," "," "
"3356","USC00359461",2014,7,"SN32",222," "," ","7",239," "," ","7",244," "," ","7",222," "," ","7",222," "," ","7",233," "," ","7",239," "," ","7",250," "," ","7",250," "," ","7",250," "," ","7",261," "," ","7",256," "," ","7",250," "," ","7",256," "," ","7",256," "," ","7",261," "," ","7",267," "," ","7",267," "," ","7",272," "," ","7",272," "," ","7",272," "," ","7",256," "," ","7",250," "," ","7",228," "," ","7",228," "," ","7",228," "," ","7",250," "," ","7",256," "," ","7",261," "," ","7",267," "," ","7",261," "," ","7"
"3357","USC00359461",2014,7,"SX32",239," "," ","7",244," "," ","7",244," "," ","7",250," "," ","7",233," "," ","7",244," "," ","7",250," "," ","7",261," "," ","7",261," "," ","7",256," "," ","7",267," "," ","7",267," "," ","7",261," "," ","7",261," "," ","7",267," "," ","7",272," "," ","7",272," "," ","7",272," "," ","7",272," "," ","7",278," "," ","7",272," "," ","7",272," "," ","7",272," "," ","7",267," "," ","7",228," "," ","7",250," "," ","7",256," "," ","7",261," "," ","7",267," "," ","7",267," "," ","7",272," "," ","7"
"3358","USC00359461",2014,8,"TMAX",328," "," ","7",339," "," ","7",322," "," ","7",311," "," ","7",311," "," ","7",306," "," ","7",317," "," ","7",317," "," ","7",289," "," ","7",294," "," ","7",350," "," ","7",383," "," ","7",300," "," ","7",244," "," ","7",267," "," ","7",267," "," ","7",322," "," ","7",328," "," ","7",333," "," ","7",317," "," ","7",283," "," ","7",233," "," ","7",278," "," ","7",294," "," ","7",294," "," ","7",300," "," ","7",339," "," ","7",361," "," ","7",333," "," ","7",289," "," ","7",250," "," ","7"
"3359","USC00359461",2014,8,"TMIN",167," "," ","7",150," "," ","7",144," "," ","7",150," "," ","7",139," "," ","7",122," "," ","7",133," "," ","7",122," "," ","7",133," "," ","7",144," "," ","7",156," "," ","7",167," "," ","7",150," "," ","7",150," "," ","7",167," "," ","7",133," "," ","7",144," "," ","7",161," "," ","7",172," "," ","7",161," "," ","7",122," "," ","7",122," "," ","7",122," "," ","7",122," "," ","7",133," "," ","7",133," "," ","7",156," "," ","7",139," "," ","7",128," "," ","7",122," "," ","7",100," "," ","7"
"3360","USC00359461",2014,8,"TOBS",178," "," ","7",156," "," ","7",150," "," ","7",156," "," ","7",139," "," ","7",133," "," ","7",161," "," ","7",139," "," ","7",144," "," ","7",156," "," ","7",167," "," ","7",167," "," ","7",150," "," ","7",172," "," ","7",172," "," ","7",144," "," ","7",161," "," ","7",172," "," ","7",183," "," ","7",172," "," ","7",122," "," ","7",172," "," ","7",122," "," ","7",178," "," ","7",144," "," ","7",161," "," ","7",156," "," ","7",150," "," ","7",139," "," ","7",133," "," ","7",117," "," ","7"
"3361","USC00359461",2014,8,"PRCP",0," "," ","7",0," "," ","7",0," "," ","7",0," "," ","7",0," "," ","7",0," "," ","7",0," "," ","7",0," "," ","7",0," "," ","7",0," "," ","7",0," "," ","7",0," "," ","7",20," "," ","7",0," "," ","7",0," "," ","7",0," "," ","7",0," "," ","7",0," "," ","7",0," "," ","7",0," "," ","7",0," "," ","7",0," "," ","7",0," "," ","7",0," "," ","7",0," "," ","7",0," "," ","7",0," "," ","7",0," "," ","7",0," "," ","7",0," "," ","7",0," "," ","7"
"3362","USC00359461",2014,8,"SNOW",NA," "," "," ",NA," "," "," ",NA," "," "," ",NA," "," "," ",NA," "," "," ",NA," "," "," ",0," "," ","7",0," "," ","7",0," "," ","7",0," "," ","7",0," "," ","7",0," "," ","7",0," "," ","7",0," "," ","7",0," "," ","7",0," "," ","7",0," "," ","7",0," "," ","7",0," "," ","7",0," "," ","7",0," "," ","7",0," "," ","7",0," "," ","7",0," "," ","7",0," "," ","7",0," "," ","7",0," "," ","7",NA," "," "," ",NA," "," "," ",NA," "," "," ",NA," "," "," "
"3363","USC00359461",2014,8,"SNWD",NA," "," "," ",NA," "," "," ",NA," "," "," ",NA," "," "," ",NA," "," "," ",NA," "," "," ",0," "," ","7",0," "," ","7",0," "," ","7",0," "," ","7",0," "," ","7",0," "," ","7",0," "," ","7",0," "," ","7",0," "," ","7",0," "," ","7",0," "," ","7",0," "," ","7",0," "," ","7",0," "," ","7",0," "," ","7",0," "," ","7",0," "," ","7",0," "," ","7",0," "," ","7",0," "," ","7",0," "," ","7",NA," "," "," ",NA," "," "," ",NA," "," "," ",NA," "," "," "
"3364","USC00359461",2014,8,"SN32",272," "," ","7",267," "," ","7",272," "," ","7",272," "," ","7",267," "," ","7",267," "," ","7",267," "," ","7",261," "," ","7",267," "," ","7",267," "," ","7",267," "," ","7",272," "," ","7",272," "," ","7",261," "," ","7",256," "," ","7",256," "," ","7",261," "," ","7",250," "," ","7",256," "," ","7",250," "," ","7",261," "," ","7",244," "," ","7",261," "," ","7",261," "," ","7",256," "," ","7",256," "," ","7",267," "," ","7",261," "," ","7",272," "," ","7",272," "," ","7",256," "," ","7"
"3365","USC00359461",2014,8,"SX32",272," "," ","7",272," "," ","7",272," "," ","7",272," "," ","7",272," "," ","7",267," "," ","7",272," "," ","7",272," "," ","7",267," "," ","7",272," "," ","7",272," "," ","7",278," "," ","7",278," "," ","7",272," "," ","7",267," "," ","7",267," "," ","7",267," "," ","7",261," "," ","7",272," "," ","7",272," "," ","7",267," "," ","7",261," "," ","7",267," "," ","7",261," "," ","7",261," "," ","7",267," "," ","7",272," "," ","7",272," "," ","7",272," "," ","7",272," "," ","7",267," "," ","7"
"3366","USC00359461",2014,9,"TMAX",267," "," ","7",306," "," ","7",267," "," ","7",250," "," ","7",294," "," ","7",361," "," ","7",367," "," ","7",311," "," ","7",300," "," ","7",261," "," ","7",294," "," ","7",322," "," ","7",344," "," ","7",344," "," ","7",350," "," ","7",328," "," ","7",289," "," ","7",211," "," ","7",267," "," ","7",283," "," ","7",339," "," ","7",294," "," ","7",222," "," ","7",233," "," ","7",200," "," ","7",217," "," ","7",239," "," ","7",194," "," ","7",228," "," ","7",222," "," ","7",NA," "," "," "
"3367","USC00359461",2014,9,"TMIN",106," "," ","7",117," "," ","7",100," "," ","7",83," "," ","7",94," "," ","7",94," "," ","7",100," "," ","7",100," "," ","7",111," "," ","7",83," "," ","7",89," "," ","7",83," "," ","7",89," "," ","7",94," "," ","7",100," "," ","7",106," "," ","7",122," "," ","7",156," "," ","7",139," "," ","7",139," "," ","7",139," "," ","7",144," "," ","7",133," "," ","7",117," "," ","7",117," "," ","7",94," "," ","7",94," "," ","7",117," "," ","7",89," "," ","7",89," "," ","7",NA," "," "," "
"3368","USC00359461",2014,9,"TOBS",117," "," ","7",133," "," ","7",117," "," ","7",94," "," ","7",106," "," ","7",111," "," ","7",111," "," ","7",111," "," ","7",167," "," ","7",100," "," ","7",106," "," ","7",94," "," ","7",100," "," ","7",100," "," ","7",106," "," ","7",122," "," ","7",156," "," ","7",156," "," ","7",139," "," ","7",139," "," ","7",161," "," ","7",144," "," ","7",133," "," ","7",117," "," ","7",117," "," ","7",94," "," ","7",128," "," ","7",117," "," ","7",89," "," ","7",106," "," ","7",NA," "," "," "
"3369","USC00359461",2014,9,"PRCP",0," "," ","7",0," "," ","7",0," "," ","7",0," "," ","7",0," "," ","7",0," "," ","7",0," "," ","7",0," "," ","7",0," "," ","7",0," "," ","7",0," "," ","7",0," "," ","7",0," "," ","7",0," "," ","7",0," "," ","7",0," "," ","7",0," "," ","7",15," "," ","7",0," "," ","7",0," "," ","7",0," "," ","7",0," "," ","7",0," "," ","7",249," "," ","7",117," "," ","7",8," "," ","7",0,"T"," ","7",0," "," ","7",0,"T"," ","7",23," "," ","7",NA," "," "," "
"3370","USC00359461",2014,9,"SNOW",NA," "," "," ",NA," "," "," ",NA," "," "," ",NA," "," "," ",0," "," ","7",0," "," ","7",NA," "," "," ",NA," "," "," ",NA," "," "," ",NA," "," "," ",0," "," ","7",0," "," ","7",0," "," ","7",0," "," ","7",0," "," ","7",0," "," ","7",0," "," ","7",0," "," ","7",0," "," ","7",0," "," ","7",0," "," ","7",0," "," ","7",0," "," ","7",0," "," ","7",NA," "," "," ",NA," "," "," ",NA," "," "," ",NA," "," "," ",NA," "," "," ",NA," "," "," ",NA," "," "," "
"3371","USC00359461",2014,9,"SNWD",NA," "," "," ",NA," "," "," ",NA," "," "," ",NA," "," "," ",0," "," ","7",0," "," ","7",NA," "," "," ",NA," "," "," ",NA," "," "," ",NA," "," "," ",0," "," ","7",0," "," ","7",0," "," ","7",0," "," ","7",0," "," ","7",0," "," ","7",0," "," ","7",0," "," ","7",0," "," ","7",0," "," ","7",0," "," ","7",0," "," ","7",0," "," ","7",0," "," ","7",NA," "," "," ",NA," "," "," ",NA," "," "," ",NA," "," "," ",NA," "," "," ",NA," "," "," ",NA," "," "," "
"3372","USC00359461",2014,9,"SN32",250," "," ","7",250," "," ","7",250," "," ","7",244," "," ","7",250," "," ","7",244," "," ","7",244," "," ","7",250," "," ","7",250," "," ","7",244," "," ","7",239," "," ","7",244," "," ","7",239," "," ","7",244," "," ","7",244," "," ","7",233," "," ","7",239," "," ","7",233," "," ","7",239," "," ","7",239," "," ","7",239," "," ","7",233," "," ","7",228," "," ","7",228," "," ","7",200," "," ","7",194," "," ","7",194," "," ","7",183," "," ","7",183," "," ","7",178," "," ","7",NA," "," "," "
"3373","USC00359461",2014,9,"SX32",250," "," ","7",256," "," ","7",250," "," ","7",244," "," ","7",250," "," ","7",244," "," ","7",250," "," ","7",250," "," ","7",250," "," ","7",244," "," ","7",239," "," ","7",244," "," ","7",239," "," ","7",244," "," ","7",244," "," ","7",239," "," ","7",239," "," ","7",239," "," ","7",239," "," ","7",239," "," ","7",239," "," ","7",239," "," ","7",239," "," ","7",233," "," ","7",222," "," ","7",200," "," ","7",194," "," ","7",194," "," ","7",183," "," ","7",189," "," ","7",NA," "," "," "
"3374","USC00359461",2014,10,"TMAX",200," "," ","7",200," "," ","7",233," "," ","7",300," "," ","7",306," "," ","7",306," "," ","7",306," "," ","7",306," "," ","7",256," "," ","7",289," "," ","7",189," "," ","7",233," "," ","7",233," "," ","7",272," "," ","7",278," "," ","7",150," "," ","7",217," "," ","7",211," "," ","7",261," "," ","7",256," "," ","7",178," "," ","7",183," "," ","7",206," "," ","7",172," "," ","7",150," "," ","7",178," "," ","7",156," "," ","7",172," "," ","7",194," "," ","7",161," "," ","7",183," "," ","7"
"3375","USC00359461",2014,10,"TMIN",72," "," ","7",56," "," ","7",56," "," ","7",67," "," ","7",78," "," ","7",78," "," ","7",78," "," ","7",100," "," ","7",83," "," ","7",83," "," ","7",94," "," ","7",67," "," ","7",61," "," ","7",72," "," ","7",94," "," ","7",78," "," ","7",78," "," ","7",117," "," ","7",117," "," ","7",106," "," ","7",106," "," ","7",94," "," ","7",122," "," ","7",100," "," ","7",94," "," ","7",78," "," ","7",72," "," ","7",72," "," ","7",89," "," ","7",100," "," ","7",100," "," ","7"
"3376","USC00359461",2014,10,"TOBS",78," "," ","7",56," "," ","7",67," "," ","7",78," "," ","7",78," "," ","7",83," "," ","7",100," "," ","7",111," "," ","7",94," "," ","7",94," "," ","7",128," "," ","7",83," "," ","7",72," "," ","7",133," "," ","7",106," "," ","7",78," "," ","7",122," "," ","7",128," "," ","7",122," "," ","7",139," "," ","7",111," "," ","7",156," "," ","7",133," "," ","7",100," "," ","7",94," "," ","7",78," "," ","7",78," "," ","7",89," "," ","7",100," "," ","7",122," "," ","7",111," "," ","7"
"3377","USC00359461",2014,10,"PRCP",0,"T"," ","7",0," "," ","7",0," "," ","7",0," "," ","7",0," "," ","7",0," "," ","7",0," "," ","7",0," "," ","7",0," "," ","7",0," "," ","7",0," "," ","7",0," "," ","7",0," "," ","7",10," "," ","7",152," "," ","7",74," "," ","7",0," "," ","7",20," "," ","7",0," "," ","7",97," "," ","7",20," "," ","7",8," "," ","7",257," "," ","7",13," "," ","7",71," "," ","7",150," "," ","7",23," "," ","7",3," "," ","7",13," "," ","7",5," "," ","7",155," "," ","7"
"3378","USC00359461",2014,10,"SNOW",0," "," ","7",0," "," ","7",0," "," ","7",0," "," ","7",0," "," ","7",0," "," ","7",0," "," ","7",0," "," ","7",0," "," ","7",0," "," ","7",0," "," ","7",0," "," ","7",0," "," ","7",0," "," ","7",0," "," ","7",0," "," ","7",0," "," ","7",0," "," ","7",0," "," ","7",0," "," ","7",0," "," ","7",0," "," ","7",0," "," ","7",0," "," ","7",0," "," ","7",0," "," ","7",0," "," ","7",0," "," ","7",0," "," ","7",0," "," ","7",0," "," ","7"
"3379","USC00359461",2014,10,"SNWD",0," "," ","7",0," "," ","7",0," "," ","7",0," "," ","7",0," "," ","7",0," "," ","7",0," "," ","7",0," "," ","7",0," "," ","7",0," "," ","7",0," "," ","7",0," "," ","7",0," "," ","7",0," "," ","7",0," "," ","7",0," "," ","7",0," "," ","7",0," "," ","7",0," "," ","7",0," "," ","7",0," "," ","7",0," "," ","7",0," "," ","7",0," "," ","7",0," "," ","7",0," "," ","7",0," "," ","7",0," "," ","7",0," "," ","7",0," "," ","7",0," "," ","7"
"3380","USC00359461",2014,10,"SN32",178," "," ","7",172," "," ","7",172," "," ","7",172," "," ","7",178," "," ","7",NA," "," "," ",183," "," ","7",189," "," ","7",200," "," ","7",194," "," ","7",189," "," ","7",183," "," ","7",178," "," ","7",183," "," ","7",167," "," ","7",167," "," ","7",194," "," ","7",194," ","I","7",167," "," ","7",156," "," ","7",156," "," ","7",156," "," ","7",144," "," ","7",144," "," ","7",139," "," ","7",128," "," ","7",128," "," ","7",128," "," ","7",128," "," ","7",128," "," ","7",128," "," ","7"
"3381","USC00359461",2014,10,"SX32",178," "," ","7",178," "," ","7",178," "," ","7",178," "," ","7",183," "," ","7",NA," "," "," ",189," "," ","7",194," "," ","7",206," "," ","7",200," "," ","7",194," "," ","7",200," "," ","7",194," "," ","7",194," "," ","7",194," "," ","7",194," "," ","7",194," "," ","7",194," "," ","7",183," ","I","7",167," "," ","7",156," "," ","7",167," "," ","7",161," "," ","7",144," "," ","7",144," "," ","7",139," "," ","7",128," "," ","7",128," "," ","7",128," "," ","7",128," "," ","7",128," "," ","7"
"3382","USC00359461",2014,11,"TMAX",156," "," ","7",144," "," ","7",156," "," ","7",156," "," ","7",161," "," ","7",211," "," ","7",156," "," ","7",139," "," ","7",172," "," ","7",139," "," ","7",128," "," ","7",139," "," ","7",72," "," ","7",161," "," ","7",161," "," ","7",67," "," ","7",78," "," ","7",67," "," ","7",78," "," ","7",89," "," ","7",122," "," ","7",150," "," ","7",128," "," ","7",122," "," ","7",128," "," ","7",150," "," ","7",139," "," ","7",122," "," ","7",139," "," ","7",83," "," ","7",NA," "," "," "
"3383","USC00359461",2014,11,"TMIN",61," "," ","7",61," "," ","7",61," "," ","7",83," "," ","7",89," "," ","7",89," "," ","7",83," "," ","7",89," "," ","7",83," "," ","7",56," "," ","7",33," "," ","7",11," "," ","7",17," "," ","7",44," "," ","7",22," "," ","7",6," "," ","7",0," "," ","7",0," "," ","7",6," "," ","7",28," "," ","7",61," "," ","7",61," "," ","7",28," "," ","7",6," "," ","7",6," "," ","7",56," "," ","7",56," "," ","7",83," "," ","7",56," "," ","7",6," "," ","7",NA," "," "," "
"3384","USC00359461",2014,11,"TOBS",94," "," ","7",89," "," ","7",100," "," ","7",117," "," ","7",100," "," ","7",111," "," ","7",100," "," ","7",106," "," ","7",94," "," ","7",72," "," ","7",50," "," ","7",17," "," ","7",44," "," ","7",117," "," ","7",39," "," ","7",22," "," ","7",11," "," ","7",6," "," ","7",39," "," ","7",67," "," ","7",61," "," ","7",83," "," ","7",28," "," ","7",6," "," ","7",78," "," ","7",56," "," ","7",83," "," ","7",83," "," ","7",56," "," ","7",6," "," ","7",NA," "," "," "
"3385","USC00359461",2014,11,"PRCP",5," "," ","7",30," "," ","7",10," "," ","7",38," "," ","7",15," "," ","7",0," "," ","7",15," "," ","7",0," "," ","7",0," "," ","7",10," "," ","7",0," "," ","7",0," "," ","7",175," "," ","7",102," "," ","7",170," "," ","7",0," "," ","7",0," "," ","7",0,"T"," ","7",0," "," ","7",38," "," ","7",10," "," ","7",165," "," ","7",46," "," ","7",3," "," ","7",0,"T"," ","7",0,"T"," ","7",5," "," ","7",262," "," ","7",206," "," ","7",5," "," ","7",NA," "," "," "
"3386","USC00359461",2014,11,"SNOW",NA," "," "," ",NA," "," "," ",NA," "," "," ",NA," "," "," ",NA," "," "," ",0," "," ","7",0," "," ","7",0," "," ","7",0," "," ","7",0," "," ","7",0," "," ","7",0," "," ","7",0," "," ","7",0," "," ","7",NA," "," "," ",NA," "," "," ",NA," "," "," ",NA," "," "," ",NA," "," "," ",NA," "," "," ",NA," "," "," ",NA," "," "," ",NA," "," "," ",NA," "," "," ",NA," "," "," ",NA," "," "," ",0," "," ","7",0," "," ","7",0," "," ","7",0," "," ","7",NA," "," "," "
"3387","USC00359461",2014,11,"SNWD",NA," "," "," ",NA," "," "," ",NA," "," "," ",NA," "," "," ",NA," "," "," ",0," "," ","7",0," "," ","7",0," "," ","7",0," "," ","7",0," "," ","7",0," "," ","7",0," "," ","7",0," "," ","7",0," "," ","7",NA," "," "," ",NA," "," "," ",NA," "," "," ",NA," "," "," ",NA," "," "," ",NA," "," "," ",NA," "," "," ",NA," "," "," ",NA," "," "," ",NA," "," "," ",NA," "," "," ",NA," "," "," ",0," "," ","7",0," "," ","7",0," "," ","7",0," "," ","7",NA," "," "," "
"3388","USC00359461",2014,11,"SN32",128," "," ","7",128," ","I","7",117," "," ","7",117," "," ","7",122," "," ","7",117," "," ","7",122," "," ","7",122," "," ","7",122," "," ","7",117," "," ","7",111," "," ","7",100," "," ","7",89," "," ","7",100," ","I","7",83," "," ","7",78," "," ","7",72," "," ","7",67," "," ","7",61," "," ","7",67," "," ","7",67," "," ","7",72," "," ","7",78," "," ","7",67," "," ","7",72," "," ","7",67," "," ","7",78," "," ","7",78," "," ","7",78," "," ","7",72," "," ","7",NA," "," "," "
"3389","USC00359461",2014,11,"SX32",128," "," ","7",128," "," ","7",117," ","I","7",117," "," ","7",122," "," ","7",128," "," ","7",122," "," ","7",128," "," ","7",122," "," ","7",122," "," ","7",122," "," ","7",122," "," ","7",100," "," ","7",100," "," ","7",89," ","I","7",83," "," ","7",72," "," ","7",67," "," ","7",61," "," ","7",67," "," ","7",72," "," ","7",78," "," ","7",78," "," ","7",78," "," ","7",72," "," ","7",78," "," ","7",78," "," ","7",78," "," ","7",78," "," ","7",78," "," ","7",NA," "," "," "
"3390","USC00359461",2014,12,"TMAX",67," "," ","7",83," "," ","7",61," "," ","7",67," "," ","7",122," "," ","7",122," "," ","7",106," "," ","7",83," "," ","7",183," "," ","7",183," "," ","7",183," "," ","7",144," "," ","7",122," "," ","7",72," "," ","7",89," "," ","7",89," "," ","7",100," "," ","7",128," "," ","7",144," "," ","7",122," "," ","7",139," "," ","7",139," "," ","7",150," "," ","7",161," "," ","7",117," "," ","7",94," "," ","7",94," "," ","7",94," "," ","7",94," "," ","7",67," "," ","7",39," "," ","7"
"3391","USC00359461",2014,12,"TMIN",6," "," ","7",28," "," ","7",22," "," ","7",22," "," ","7",61," "," ","7",39," "," ","7",33," "," ","7",50," "," ","7",61," "," ","7",100," "," ","7",89," "," ","7",72," "," ","7",61," "," ","7",28," "," ","7",28," "," ","7",28," "," ","7",56," "," ","7",22," "," ","7",56," "," ","7",61," "," ","7",83," "," ","7",111," "," ","7",100," "," ","7",100," "," ","7",28," "," ","7",33," "," ","7",22," "," ","7",22," "," ","7",22," "," ","7",-28," "," ","7",-72," "," ","7"
"3392","USC00359461",2014,12,"TOBS",33," "," ","7",50," "," ","7",22," "," ","7",61," "," ","7",83," "," ","7",56," "," ","7",50," "," ","7",61," "," ","7",100," "," ","7",139," "," ","7",122," "," ","7",72," "," ","7",61," "," ","7",28," "," ","7",61," "," ","7",61," "," ","7",56," "," ","7",56," "," ","7",67," "," ","7",83," "," ","7",117," "," ","7",111," "," ","7",100," "," ","7",100," "," ","7",33," "," ","7",33," "," ","7",22," "," ","7",50," "," ","7",39," "," ","7",-28," "," ","7",-72," "," ","7"
"3393","USC00359461",2014,12,"PRCP",53," "," ","7",71," "," ","7",8," "," ","7",79," "," ","7",15," "," ","7",86," "," ","7",0," "," ","7",0," "," ","7",0," "," ","7",51," "," ","7",175," "," ","7",107," "," ","7",5," "," ","7",38," "," ","7",0," "," ","7",0," "," ","7",0," "," ","7",43," "," ","7",84," "," ","7",150," "," ","7",262," "," ","7",51," "," ","7",18," "," ","7",3," "," ","7",213," "," ","7",10," "," ","7",3," "," ","7",53," "," ","7",53," "," ","7",28," "," ","7",0," "," ","7"
"3394","USC00359461",2014,12,"SNOW",0," "," ","7",0," "," ","7",0," "," ","7",0," "," ","7",0," "," ","7",0," "," ","7",0," "," ","7",0," "," ","7",0," "," ","7",0," "," ","7",0," "," ","7",0," "," ","7",0," "," ","7",NA," "," "," ",0," "," ","7",0," "," ","7",0," "," ","7",NA," "," "," ",NA," "," "," ",NA," "," "," ",NA," "," "," ",NA," "," "," ",NA," "," "," ",NA," "," "," ",0," "," ","7",0," "," ","7",0," "," ","7",0," "," ","7",0," "," ","7",0," "," ","7",0," "," ","7"
"3395","USC00359461",2014,12,"SNWD",0," "," ","7",0," "," ","7",0," "," ","7",0," "," ","7",0," "," ","7",0," "," ","7",0," "," ","7",0," "," ","7",0," "," ","7",0," "," ","7",0," "," ","7",0," "," ","7",0," "," ","7",NA," "," "," ",0," "," ","7",0," "," ","7",0," "," ","7",NA," "," "," ",NA," "," "," ",NA," "," "," ",NA," "," "," ",NA," "," "," ",NA," "," "," ",NA," "," "," ",0," "," ","7",0," "," ","7",0," "," ","7",0," "," ","7",0," "," ","7",0," "," ","7",0," "," ","7"
"3396","USC00359461",2014,12,"SN32",67," "," ","7",61," "," ","7",61," "," ","7",61," "," ","7",61," "," ","7",67," "," ","7",67," "," ","7",61," "," ","7",67," "," ","7",61," "," ","7",72," "," ","7",72," "," ","7",72," "," ","7",67," "," ","7",72," "," ","7",72," "," ","7",72," "," ","7",67," "," ","7",67," "," ","7",67," "," ","7",67," "," ","7",72," "," ","7",83," "," ","7",89," "," ","7",78," "," ","7",72," "," ","7",67," "," ","7",61," "," ","7",61," "," ","7",44," "," ","7",33," ","I","7"
"3397","USC00359461",2014,12,"SX32",78," "," ","7",61," "," ","7",61," "," ","7",61," "," ","7",61," "," ","7",67," "," ","7",67," "," ","7",61," "," ","7",67," "," ","7",72," "," ","7",72," "," ","7",72," "," ","7",72," "," ","7",67," "," ","7",72," "," ","7",72," "," ","7",72," "," ","7",78," "," ","7",67," "," ","7",67," "," ","7",72," "," ","7",83," "," ","7",89," "," ","7",89," "," ","7",89," "," ","7",78," "," ","7",78," "," ","7",67," "," ","7",67," "," ","7",56," "," ","7",44," "," ","7"
"3398","USC00359461",2015,1,"TMAX",28," "," ","7",33," "," ","7",61," "," ","7",39," "," ","7",89," "," ","7",117," "," ","7",133," "," ","7",78," "," ","7",72," "," ","7",72," "," ","7",89," "," ","7",94," "," ","7",NA," "," "," ",100," "," ","7",106," "," ","7",106," "," ","7",139," "," ","7",144," "," ","7",144," "," ","7",122," "," ","7",67," "," ","7",111," "," ","7",122," "," ","7",133," "," ","7",161," "," ","7",172," "," ","7",156," "," ","7",128," "," ","7",117," "," ","7",89," "," ","7",94," "," ","7"
"3399","USC00359461",2015,1,"TMIN",-72," "," ","7",-33," "," ","7",-28," "," ","7",0," "," ","7",22," "," ","7",22," "," ","7",22," "," ","7",33," "," ","7",17," "," ","7",44," "," ","7",44," "," ","7",72," "," ","7",NA," "," "," ",39," "," ","7",17," "," ","7",44," "," ","7",56," "," ","7",67," "," ","7",33," "," ","7",11," "," ","7",22," "," ","7",33," "," ","7",33," "," ","7",33," "," ","7",33," "," ","7",22," "," ","7",44," "," ","7",39," "," ","7",56," "," ","7",61," "," ","7",56," "," ","7"
"3400","USC00359461",2015,1,"TOBS",28," "," ","7",-28," "," ","7",0," "," ","7",22," "," ","7",39," "," ","7",39," "," ","7",39," "," ","7",33," "," ","7",44," "," ","7",44," "," ","7",72," "," ","7",72," "," ","7",NA," "," "," ",39," "," ","7",44," "," ","7",67," "," ","7",67," "," ","7",67," "," ","7",33," "," ","7",22," "," ","7",33," "," ","7",50," "," ","7",56," "," ","7",50," "," ","7",44," "," ","7",44," "," ","7",83," "," ","7",67," "," ","7",67," "," ","7",78," "," ","7",67," "," ","7"
"3401","USC00359461",2015,1,"PRCP",0," "," ","7",0," "," ","7",0," "," ","7",13," "," ","7",0," "," ","7",0," "," ","7",0," "," ","7",0," "," ","7",0," "," ","7",0," "," ","7",0," "," ","7",13," "," ","7",NA," "," "," ",0," "," ","7",5," "," ","7",135," "," ","7",61," "," ","7",152," "," ","7",5," "," ","7",0," "," ","7",0,"T"," ","7",0,"T"," ","7",3," "," ","7",0,"T"," ","7",0,"T"," ","7",0,"T"," ","7",3," "," ","7",0,"T"," ","7",0," "," ","7",0," "," ","7",0," "," ","7"
"3402","USC00359461",2015,1,"SNOW",0," "," ","7",0," "," ","7",0," "," ","7",0," "," ","7",0," "," ","7",0," "," ","7",0," "," ","7",0," "," ","7",0," "," ","7",0," "," ","7",0," "," ","7",0," "," ","7",NA," "," "," ",0," "," ","7",NA," "," "," ",NA," "," "," ",NA," "," "," ",NA," "," "," ",NA," "," "," ",NA," "," "," ",NA," "," "," ",NA," "," "," ",NA," "," "," ",NA," "," "," ",NA," "," "," ",NA," "," "," ",NA," "," "," ",NA," "," "," ",0," "," ","7",0," "," ","7",0," "," ","7"
"3403","USC00359461",2015,1,"SNWD",0," "," ","7",0," "," ","7",0," "," ","7",0," "," ","7",0," "," ","7",0," "," ","7",0," "," ","7",0," "," ","7",0," "," ","7",NA," "," "," ",0," "," ","7",0," "," ","7",NA," "," "," ",0," "," ","7",NA," "," "," ",NA," "," "," ",NA," "," "," ",NA," "," "," ",NA," "," "," ",NA," "," "," ",NA," "," "," ",NA," "," "," ",NA," "," "," ",NA," "," "," ",NA," "," "," ",NA," "," "," ",NA," "," "," ",NA," "," "," ",0," "," ","7",0," "," ","7",0," "," ","7"
"3404","USC00359461",2015,1,"SN32",17," "," ","7",11," "," ","7",6," "," ","7",6," "," ","7",6," "," ","7",22," ","I","7",22," "," ","7",28," "," ","7",22," "," ","7",28," "," ","7",39," "," ","7",44," "," ","7",NA," "," "," ",50," "," ","7",44," "," ","7",50," "," ","7",50," "," ","7",50," "," ","7",61," "," ","7",50," "," ","7",50," "," ","7",44," "," ","7",44," "," ","7",50," "," ","7",50," "," ","7",56," "," ","7",56," "," ","7",61," "," ","7",56," "," ","7",56," "," ","7",56," "," ","7"
"3405","USC00359461",2015,1,"SX32",17," ","I","7",22," "," ","7",6," "," ","7",6," "," ","7",11," ","I","7",22," "," ","7",28," "," ","7",28," "," ","7",28," "," ","7",39," "," ","7",44," "," ","7",44," "," ","7",NA," "," "," ",50," "," ","7",50," "," ","7",50," "," ","7",50," "," ","7",61," "," ","7",61," "," ","7",61," "," ","7",61," "," ","7",44," "," ","7",44," "," ","7",50," "," ","7",50," "," ","7",56," "," ","7",56," "," ","7",61," "," ","7",56," "," ","7",61," "," ","7",56," "," ","7"
"3406","USC00359461",2015,2,"TMAX",144," "," ","7",122," "," ","7",156," "," ","7",128," "," ","7",106," "," ","7",156," "," ","7",117," "," ","7",161," "," ","7",111," "," ","7",139," "," ","7",117," "," ","7",133," "," ","7",144," "," ","7",156," "," ","7",150," "," ","7",144," "," ","7",139," "," ","7",167," "," ","7",144," "," ","7",167," "," ","7",122," "," ","7",133," "," ","7",144," "," ","7",156," "," ","7",172," "," ","7",128," "," ","7",122," "," ","7",117," "," ","7",NA," "," "," ",NA," "," "," ",NA," "," "," "
"3407","USC00359461",2015,2,"TMIN",67," "," ","7",72," "," ","7",89," "," ","7",89," "," ","7",89," "," ","7",89," "," ","7",89," "," ","7",100," "," ","7",89," "," ","7",33," "," ","7",33," "," ","7",33," "," ","7",39," "," ","7",56," "," ","7",33," "," ","7",28," "," ","7",28," "," ","7",28," "," ","7",39," "," ","7",22," "," ","7",33," "," ","7",-17," "," ","7",-39," "," ","7",-39," "," ","7",-33," "," ","7",-6," "," ","7",56," "," ","7",56," "," ","7",NA," "," "," ",NA," "," "," ",NA," "," "," "
"3408","USC00359461",2015,2,"TOBS",72," "," ","7",89," "," ","7",106," "," ","7",100," "," ","7",106," "," ","7",100," "," ","7",106," "," ","7",100," "," ","7",106," "," ","7",33," "," ","7",56," "," ","7",39," "," ","7",56," "," ","7",61," "," ","7",61," "," ","7",28," "," ","7",28," "," ","7",72," "," ","7",61," "," ","7",44," "," ","7",50," "," ","7",-11," "," ","7",-28," "," ","7",-22," "," ","7",-6," "," ","7",72," "," ","7",78," "," ","7",67," "," ","7",NA," "," "," ",NA," "," "," ",NA," "," "," "
"3409","USC00359461",2015,2,"PRCP",0," "," ","7",76," "," ","7",137," "," ","7",155," "," ","7",0," "," ","7",178," "," ","7",457," "," ","7",25," "," ","7",76," "," ","7",25," "," ","7",0," "," ","7",0,"T"," ","7",0,"T"," ","7",3," "," ","7",0," "," ","7",0,"T"," ","7",5," "," ","7",5," "," ","7",3," "," ","7",0," "," ","7",0,"T"," ","7",0," "," ","7",0," "," ","7",0," "," ","7",0," "," ","7",0," "," ","7",81," "," ","7",25," "," ","7",NA," "," "," ",NA," "," "," ",NA," "," "," "
"3410","USC00359461",2015,2,"SNOW",0," "," ","7",0," "," ","7",0," "," ","7",0," "," ","7",0," "," ","7",0," "," ","7",0," "," ","7",0," "," ","7",0," "," ","7",0," "," ","7",0," "," ","7",NA," "," "," ",NA," "," "," ",NA," "," "," ",NA," "," "," ",NA," "," "," ",NA," "," "," ",NA," "," "," ",NA," "," "," ",NA," "," "," ",NA," "," "," ",NA," "," "," ",NA," "," "," ",NA," "," "," ",NA," "," "," ",0," "," ","7",0," "," ","7",0," "," ","7",NA," "," "," ",NA," "," "," ",NA," "," "," "
"3411","USC00359461",2015,2,"SNWD",0," "," ","7",0," "," ","7",0," "," ","7",0," "," ","7",0," "," ","7",0," "," ","7",0," "," ","7",0," "," ","7",0," "," ","7",0," "," ","7",0," "," ","7",NA," "," "," ",NA," "," "," ",NA," "," "," ",NA," "," "," ",NA," "," "," ",NA," "," "," ",NA," "," "," ",NA," "," "," ",NA," "," "," ",NA," "," "," ",NA," "," "," ",NA," "," "," ",NA," "," "," ",NA," "," "," ",0," "," ","7",0," "," ","7",0," "," ","7",NA," "," "," ",NA," "," "," ",NA," "," "," "
"3412","USC00359461",2015,2,"SN32",61," "," ","7",56," "," ","7",56," "," ","7",67," "," ","7",67," "," ","7",72," "," ","7",72," "," ","7",72," "," ","7",72," "," ","7",72," "," ","7",72," "," ","7",67," "," ","7",67," "," ","7",67," "," ","7",72," "," ","7",72," "," ","7",72," "," ","7",72," "," ","7",72," "," ","7",72," "," ","7",72," "," ","7",67," "," ","7",67," "," ","7",61," "," ","7",56," "," ","7",61," "," ","7",61," "," ","7",61," "," ","7",NA," "," "," ",NA," "," "," ",NA," "," "," "
"3413","USC00359461",2015,2,"SX32",61," "," ","7",56," "," ","7",61," "," ","7",67," "," ","7",72," "," ","7",72," "," ","7",72," "," ","7",72," "," ","7",72," "," ","7",72," "," ","7",72," "," ","7",72," "," ","7",67," "," ","7",72," "," ","7",72," "," ","7",72," "," ","7",72," "," ","7",72," "," ","7",72," "," ","7",72," "," ","7",72," "," ","7",72," "," ","7",67," "," ","7",61," "," ","7",61," "," ","7",61," "," ","7",61," "," ","7",67," "," ","7",NA," "," "," ",NA," "," "," ",NA," "," "," "
"3414","USC00359461",2015,3,"TMAX",122," "," ","7",144," "," ","7",122," "," ","7",139," "," ","7",NA," "," "," ",178," "," ","7",206," "," ","7",194," "," ","7",NA," "," "," ",222," "," ","7",172," "," ","7",183," "," ","7",200," "," ","7",200," "," ","7",167," "," ","7",150," "," ","7",150," "," ","7",167," "," ","7",194," "," ","7",211," "," ","7",178," "," ","7",172," "," ","7",144," "," ","7",133," "," ","7",156," "," ","7",217," "," ","7",250," "," ","7",217," "," ","7",189," "," ","7",222," "," ","7",228," "," ","7"
"3415","USC00359461",2015,3,"TMIN",-33," "," ","7",-22," "," ","7",0," "," ","7",-17," "," ","7",NA," "," "," ",6," "," ","7",28," "," ","7",28," "," ","7",NA," "," "," ",33," "," ","7",39," "," ","7",39," "," ","7",72," "," ","7",72," "," ","7",106," "," ","7",78," "," ","7",61," "," ","7",44," "," ","7",28," "," ","7",44," "," ","7",50," "," ","7",61," "," ","7",61," "," ","7",72," "," ","7",83," "," ","7",67," "," ","7",67," "," ","7",44," "," ","7",39," "," ","7",39," "," ","7",50," "," ","7"
"3416","USC00359461",2015,3,"TOBS",-22," "," ","7",50," "," ","7",6," "," ","7",-11," "," ","7",NA," "," "," ",28," "," ","7",28," "," ","7",33," "," ","7",NA," "," "," ",39," "," ","7",100," "," ","7",94," "," ","7",72," "," ","7",111," "," ","7",111," "," ","7",83," "," ","7",72," "," ","7",50," "," ","7",44," "," ","7",67," "," ","7",72," "," ","7",94," "," ","7",72," "," ","7",83," "," ","7",100," "," ","7",78," "," ","7",78," "," ","7",61," "," ","7",50," "," ","7",50," "," ","7",83," "," ","7"
"3417","USC00359461",2015,3,"PRCP",0," "," ","7",5," "," ","7",0," "," ","7",0," "," ","7",NA," "," "," ",0," "," ","7",0," "," ","7",0," "," ","7",NA," "," "," ",0," "," ","7",41," "," ","7",66," "," ","7",0,"T"," ","7",8," "," ","7",168," "," ","7",38," "," ","7",0,"T"," ","7",0,"T"," ","7",0," "," ","7",0," "," ","7",112," "," ","7",86," "," ","7",56," "," ","7",152," "," ","7",0," "," ","7",0," "," ","7",0," "," ","7",5," "," ","7",0," "," ","7",0," "," ","7",25," "," ","7"
"3418","USC00359461",2015,3,"SNOW",0," "," ","7",0," "," ","7",0," "," ","7",0," "," ","7",NA," "," "," ",0," "," ","7",0," "," ","7",0," "," ","7",NA," "," "," ",0," "," ","7",0," "," ","7",NA," "," "," ",NA," "," "," ",NA," "," "," ",NA," "," "," ",NA," "," "," ",NA," "," "," ",NA," "," "," ",NA," "," "," ",NA," "," "," ",NA," "," "," ",NA," "," "," ",NA," "," "," ",NA," "," "," ",NA," "," "," ",0," "," ","7",0," "," ","7",0," "," ","7",0," "," ","7",0," "," ","7",0," "," ","7"
"3419","USC00359461",2015,3,"SNWD",0," "," ","7",0," "," ","7",0," "," ","7",0," "," ","7",NA," "," "," ",0," "," ","7",0," "," ","7",0," "," ","7",NA," "," "," ",0," "," ","7",0," "," ","7",NA," "," "," ",NA," "," "," ",NA," "," "," ",NA," "," "," ",NA," "," "," ",NA," "," "," ",NA," "," "," ",NA," "," "," ",NA," "," "," ",NA," "," "," ",NA," "," "," ",NA," "," "," ",NA," "," "," ",NA," "," "," ",0," "," ","7",0," "," ","7",0," "," ","7",0," "," ","7",0," "," ","7",0," "," ","7"
"3420","USC00359461",2015,3,"SN32",67," "," ","7",61," "," ","7",67," "," ","7",67," "," ","7",NA," "," "," ",67," "," ","7",67," "," ","7",67," "," ","7",NA," "," "," ",78," "," ","7",94," "," ","7",83," "," ","7",89," "," ","7",100," "," ","7",100," "," ","7",94," "," ","7",94," "," ","7",94," "," ","7",100," "," ","7",100," "," ","7",100," "," ","7",100," "," ","7",100," "," ","7",94," "," ","7",94," "," ","7",83," "," ","7",117," ","I","7",117," "," ","7",117," "," ","7",117," "," ","7",122," "," ","7"
"3421","USC00359461",2015,3,"SX32",67," "," ","7",67," "," ","7",67," "," ","7",67," "," ","7",NA," "," "," ",67," "," ","7",72," "," ","7",72," "," ","7",NA," "," "," ",94," "," ","7",94," "," ","7",94," "," ","7",111," "," ","7",111," "," ","7",106," "," ","7",100," "," ","7",94," "," ","7",94," "," ","7",100," "," ","7",100," "," ","7",100," "," ","7",100," "," ","7",100," "," ","7",100," "," ","7",100," "," ","7",106," ","I","7",122," "," ","7",122," "," ","7",117," "," ","7",122," "," ","7",128," "," ","7"
"3422","USC00359461",2015,4,"TMAX",228," "," ","7",139," "," ","7",156," "," ","7",150," "," ","7",139," "," ","7",106," "," ","7",106," "," ","7",133," "," ","7",156," "," ","7",200," "," ","7",183," "," ","7",139," "," ","7",194," "," ","7",172," "," ","7",111," "," ","7",144," "," ","7",222," "," ","7",250," "," ","7",244," "," ","7",256," "," ","7",267," "," ","7",189," "," ","7",167," "," ","7",133," "," ","7",156," "," ","7",161," "," ","7",189," "," ","7",300," "," ","7",222," "," ","7",194," "," ","7",NA," "," "," "
"3423","USC00359461",2015,4,"TMIN",56," "," ","7",44," "," ","7",28," "," ","7",22," "," ","7",22," "," ","7",22," "," ","7",50," "," ","7",67," "," ","7",22," "," ","7",28," "," ","7",28," "," ","7",6," "," ","7",11," "," ","7",22," "," ","7",28," "," ","7",22," "," ","7",22," "," ","7",61," "," ","7",61," "," ","7",50," "," ","7",61," "," ","7",50," "," ","7",33," "," ","7",44," "," ","7",67," "," ","7",50," "," ","7",56," "," ","7",78," "," ","7",56," "," ","7",50," "," ","7",NA," "," "," "
"3424","USC00359461",2015,4,"TOBS",67," "," ","7",44," "," ","7",28," "," ","7",50," "," ","7",28," "," ","7",50," "," ","7",67," "," ","7",67," "," ","7",28," "," ","7",28," "," ","7",89," "," ","7",11," "," ","7",39," "," ","7",33," "," ","7",28," "," ","7",22," "," ","7",61," "," ","7",78," "," ","7",72," "," ","7",61," "," ","7",83," "," ","7",61," "," ","7",44," "," ","7",72," "," ","7",78," "," ","7",56," "," ","7",78," "," ","7",111," "," ","7",61," "," ","7",50," "," ","7",NA," "," "," "
"3425","USC00359461",2015,4,"PRCP",10," "," ","7",76," "," ","7",0," "," ","7",25," "," ","7",0," "," ","7",38," "," ","7",38," "," ","7",38," "," ","7",0,"T"," ","7",0," "," ","7",0,"T"," ","7",33," "," ","7",0," "," ","7",48," "," ","7",28," "," ","7",0," "," ","7",0," "," ","7",0," "," ","7",0," "," ","7",0," "," ","7",0," "," ","7",0," "," ","7",0," "," ","7",30," "," ","7",13," "," ","7",8," "," ","7",0," "," ","7",0," "," ","7",0," "," ","7",0," "," ","7",NA," "," "," "
"3426","USC00359461",2015,4,"SNOW",0," "," ","7",0," "," ","7",0," "," ","7",0," "," ","7",0," "," ","7",0," "," ","7",0," "," ","7",NA," "," "," ",NA," "," "," ",NA," "," "," ",NA," "," "," ",NA," "," "," ",NA," "," "," ",NA," "," "," ",NA," "," "," ",NA," "," "," ",NA," "," "," ",NA," "," "," ",NA," "," "," ",NA," "," "," ",NA," "," "," ",NA," "," "," ",0," "," ","7",0," "," ","7",0," "," ","7",0," "," ","7",0," "," ","7",0," "," ","7",0," "," ","7",0," "," ","7",NA," "," "," "
"3427","USC00359461",2015,4,"SNWD",0," "," ","7",0," "," ","7",0," "," ","7",0," "," ","7",0," "," ","7",0," "," ","7",0," "," ","7",NA," "," "," ",NA," "," "," ",NA," "," "," ",NA," "," "," ",NA," "," "," ",NA," "," "," ",NA," "," "," ",NA," "," "," ",NA," "," "," ",NA," "," "," ",NA," "," "," ",NA," "," "," ",NA," "," "," ",NA," "," "," ",NA," "," "," ",0," "," ","7",0," "," ","7",0," "," ","7",0," "," ","7",0," "," ","7",0," "," ","7",0," "," ","7",0," "," ","7",NA," "," "," "
"3428","USC00359461",2015,4,"SN32",111," "," ","7",111," "," ","7",111," "," ","7",111," "," ","7",106," "," ","7",106," "," ","7",94," "," ","7",100," ","I","7",83," "," ","7",89," "," ","7",100," "," ","7",94," "," ","7",94," "," ","7",100," "," ","7",94," "," ","7",100," "," ","7",111," ","I","7",94," "," ","7",94," "," ","7",122," ","I","7",122," "," ","7",122," "," ","7",122," "," ","7",122," "," ","7",117," "," ","7",117," "," ","7",117," "," ","7",117," "," ","7",144," "," ","7",144," "," ","7",NA," "," "," "
"3429","USC00359461",2015,4,"SX32",122," "," ","7",128," "," ","7",111," "," ","7",111," "," ","7",111," "," ","7",106," "," ","7",106," "," ","7",106," "," ","7",89," ","I","7",106," "," ","7",111," "," ","7",111," "," ","7",106," "," ","7",106," "," ","7",100," "," ","7",100," ","I","7",111," "," ","7",128," "," ","7",106," ","I","7",144," "," ","7",144," "," ","7",144," "," ","7",150," "," ","7",139," "," ","7",117," "," ","7",122," "," ","7",122," "," ","7",144," "," ","7",144," "," ","7",144," "," ","7",NA," "," "," "
"3430","USC00359461",2015,5,"TMAX",228," "," ","7",261," "," ","7",228," "," ","7",250," "," ","7",183," "," ","7",189," "," ","7",194," "," ","7",211," "," ","7",267," "," ","7",289," "," ","7",228," "," ","7",156," "," ","7",161," "," ","7",189," "," ","7",206," "," ","7",161," "," ","7",178," "," ","7",228," "," ","7",222," "," ","7",217," "," ","7",206," "," ","7",228," "," ","7",189," "," ","7",194," "," ","7",228," "," ","7",244," "," ","7",233," "," ","7",256," "," ","7",306," "," ","7",283," "," ","7",267," "," ","7"
"3431","USC00359461",2015,5,"TMIN",50," "," ","7",56," "," ","7",44," "," ","7",44," "," ","7",44," "," ","7",83," "," ","7",39," "," ","7",50," "," ","7",67," "," ","7",83," "," ","7",94," "," ","7",67," "," ","7",72," "," ","7",78," "," ","7",94," "," ","7",94," "," ","7",111," "," ","7",100," "," ","7",111," "," ","7",122," "," ","7",128," "," ","7",122," "," ","7",111," "," ","7",122," "," ","7",111," "," ","7",94," "," ","7",89," "," ","7",100," "," ","7",111," "," ","7",117," "," ","7",144," "," ","7"
"3432","USC00359461",2015,5,"TOBS",56," "," ","7",83," "," ","7",44," "," ","7",56," "," ","7",94," "," ","7",83," "," ","7",67," "," ","7",67," "," ","7",100," "," ","7",106," "," ","7",94," "," ","7",78," "," ","7",78," "," ","7",106," "," ","7",111," "," ","7",111," "," ","7",122," "," ","7",111," "," ","7",122," "," ","7",139," "," ","7",144," "," ","7",133," "," ","7",122," "," ","7",139," "," ","7",117," "," ","7",106," "," ","7",106," "," ","7",133," "," ","7",128," "," ","7",144," "," ","7",144," "," ","7"
"3433","USC00359461",2015,5,"PRCP",0," "," ","7",0," "," ","7",0," "," ","7",0," "," ","7",0," "," ","7",0," "," ","7",0," "," ","7",0," "," ","7",0," "," ","7",0," "," ","7",0," "," ","7",13," "," ","7",18," "," ","7",0," "," ","7",0," "," ","7",0," "," ","7",0," "," ","7",0," "," ","7",0," "," ","7",0," "," ","7",20," "," ","7",0," "," ","7",0," "," ","7",0," "," ","7",0," "," ","7",0," "," ","7",0," "," ","7",0," "," ","7",0," "," ","7",0," "," ","7",0," "," ","7"
"3434","USC00359461",2015,5,"SNOW",0," "," ","7",0," "," ","7",0," "," ","7",0," "," ","7",0," "," ","7",0," "," ","7",NA," "," "," ",NA," "," "," ",NA," "," "," ",NA," "," "," ",NA," "," "," ",NA," "," "," ",NA," "," "," ",NA," "," "," ",NA," "," "," ",NA," "," "," ",NA," "," "," ",NA," "," "," ",NA," "," "," ",NA," "," "," ",0," "," ","7",0," "," ","7",0," "," ","7",0," "," ","7",0," "," ","7",0," "," ","7",0," "," ","7",0," "," ","7",0," "," ","7",0," "," ","7",0," "," ","7"
"3435","USC00359461",2015,5,"SNWD",0," "," ","7",0," "," ","7",0," "," ","7",0," "," ","7",0," "," ","7",0," "," ","7",NA," "," "," ",NA," "," "," ",NA," "," "," ",NA," "," "," ",NA," "," "," ",NA," "," "," ",NA," "," "," ",NA," "," "," ",NA," "," "," ",NA," "," "," ",NA," "," "," ",NA," "," "," ",NA," "," "," ",NA," "," "," ",0," "," ","7",0," "," ","7",0," "," ","7",0," "," ","7",0," "," ","7",0," "," ","7",0," "," ","7",0," "," ","7",0," "," ","7",0," "," ","7",0," "," ","7"
"3436","USC00359461",2015,5,"SN32",156," ","I","7",156," "," ","7",156," "," ","7",156," "," ","7",167," "," ","7",172," "," ","7",161," "," ","7",156," "," ","7",161," "," ","7",172," "," ","7",183," "," ","7",167," "," ","7",156," "," ","7",156," "," ","7",161," "," ","7",156," "," ","7",156," "," ","7",156," "," ","7",156," "," ","7",156," "," ","7",144," "," ","7",172," "," ","7",178," "," ","7",178," "," ","7",172," "," ","7",172," "," ","7",178," "," ","7",NA," "," "," ",211," "," ","7",NA," "," "," ",211," "," ","7"
"3437","USC00359461",2015,5,"SX32",150," "," ","7",156," "," ","7",156," "," ","7",172," "," ","7",172," "," ","7",172," "," ","7",167," "," ","7",161," "," ","7",172," "," ","7",183," "," ","7",183," "," ","7",183," "," ","7",167," "," ","7",156," "," ","7",161," "," ","7",161," "," ","7",161," "," ","7",172," "," ","7",172," "," ","7",172," "," ","7",167," "," ","7",178," "," ","7",178," "," ","7",178," "," ","7",178," "," ","7",178," "," ","7",183," "," ","7",NA," "," "," ",211," "," ","7",NA," "," "," ",211," "," ","7"
"3438","USC00359461",2015,6,"TMAX",300," "," ","7",172," "," ","7",206," "," ","7",211," "," ","7",233," "," ","7",294," "," ","7",322," "," ","7",339," "," ","7",367," "," ","7",339," "," ","7",289," "," ","7",294," "," ","7",256," "," ","7",261," "," ","7",300," "," ","7",244," "," ","7",261," "," ","7",300," "," ","7",294," "," ","7",322," "," ","7",300," "," ","7",300," "," ","7",222," "," ","7",233," "," ","7",317," "," ","7",339," "," ","7",NA," "," "," ",378," "," ","7",289," "," ","7",339," "," ","7",NA," "," "," "
"3439","USC00359461",2015,6,"TMIN",117," "," ","7",117," "," ","7",122," "," ","7",106," "," ","7",106," "," ","7",122," "," ","7",144," "," ","7",144," "," ","7",178," "," ","7",133," "," ","7",128," "," ","7",128," "," ","7",122," "," ","7",128," "," ","7",128," "," ","7",117," "," ","7",122," "," ","7",122," "," ","7",117," "," ","7",122," "," ","7",122," "," ","7",117," "," ","7",128," "," ","7",128," "," ","7",128," "," ","7",128," "," ","7",NA," "," "," ",167," "," ","7",200," "," ","7",167," "," ","7",NA," "," "," "
"3440","USC00359461",2015,6,"TOBS",117," "," ","7",122," "," ","7",122," "," ","7",111," "," ","7",122," "," ","7",161," "," ","7",144," "," ","7",178," "," ","7",194," "," ","7",156," "," ","7",128," "," ","7",150," "," ","7",128," "," ","7",128," "," ","7",139," "," ","7",128," "," ","7",122," "," ","7",122," "," ","7",122," "," ","7",161," "," ","7",133," "," ","7",128," "," ","7",128," "," ","7",144," "," ","7",133," "," ","7",167," "," ","7",NA," "," "," ",200," "," ","7",200," "," ","7",172," "," ","7",NA," "," "," "
"3441","USC00359461",2015,6,"PRCP",43," "," ","7",53," "," ","7",0," "," ","7",0," "," ","7",0," "," ","7",0," "," ","7",0," "," ","7",0," "," ","7",0,"T"," ","7",0," "," ","7",0," "," ","7",0," "," ","7",0," "," ","7",0," "," ","7",0," "," ","7",0," "," ","7",0," "," ","7",0," "," ","7",0," "," ","7",0," "," ","7",0," "," ","7",0," "," ","7",0," "," ","7",0," "," ","7",0," "," ","7",0," "," ","7",NA," "," "," ",0," "," ","7",0," "," ","7",0," "," ","7",NA," "," "," "
"3442","USC00359461",2015,6,"SNOW",0," "," ","7",0," "," ","7",0," "," ","7",NA," "," "," ",NA," "," "," ",NA," "," "," ",NA," "," "," ",NA," "," "," ",NA," "," "," ",NA," "," "," ",NA," "," "," ",NA," "," "," ",NA," "," "," ",0," "," ","7",NA," "," "," ",NA," "," "," ",NA," "," "," ",0," "," ","7",0," "," ","7",0," "," ","7",0," "," ","7",0," "," ","7",0," "," ","7",0," "," ","7",0," "," ","7",0," "," ","7",NA," "," "," ",0," "," ","7",0," "," ","7",0," "," ","7",NA," "," "," "
"3443","USC00359461",2015,6,"SNWD",0," "," ","7",0," "," ","7",0," "," ","7",NA," "," "," ",NA," "," "," ",NA," "," "," ",NA," "," "," ",NA," "," "," ",NA," "," "," ",NA," "," "," ",NA," "," "," ",NA," "," "," ",NA," "," "," ",0," "," ","7",NA," "," "," ",NA," "," "," ",NA," "," "," ",0," "," ","7",0," "," ","7",0," "," ","7",0," "," ","7",0," "," ","7",0," "," ","7",0," "," ","7",0," "," ","7",0," "," ","7",NA," "," "," ",0," "," ","7",0," "," ","7",0," "," ","7",NA," "," "," "
"3444","USC00359461",2015,6,"SN32",211," "," ","7",194," "," ","7",183," "," ","7",183," "," ","7",189," "," ","7",189," "," ","7",200," "," ","7",217," "," ","7",228," "," ","7",239," "," ","7",239," "," ","7",239," "," ","7",239," "," ","7",NA," "," "," ",233," "," ","7",233," "," ","7",233," "," ","7",222," "," ","7",233," "," ","7",233," "," ","7",233," "," ","7",233," "," ","7",244," "," ","7",233," "," ","7",239," "," ","7",239," "," ","7",NA," "," "," ",256," "," ","7",256," "," ","7",267," "," ","7",NA," "," "," "
"3445","USC00359461",2015,6,"SX32",211," "," ","7",211," "," ","7",194," "," ","7",189," "," ","7",189," "," ","7",200," "," ","7",217," "," ","7",228," "," ","7",239," "," ","7",239," "," ","7",239," "," ","7",239," "," ","7",239," "," ","7",NA," "," "," ",239," "," ","7",244," "," ","7",244," "," ","7",233," "," ","7",239," "," ","7",239," "," ","7",239," "," ","7",239," "," ","7",244," "," ","7",239," "," ","7",239," "," ","7",256," "," ","7",NA," "," "," ",256," "," ","7",267," "," ","7",267," "," ","7",NA," "," "," "
"3446","USC00359461",2015,7,"TMAX",NA," "," "," ",372," "," ","7",383," "," ","7",378," "," ","7",350," "," ","7",339," "," ","7",333," "," ","7",333," "," ","7",356," "," ","7",278," "," ","7",272," "," ","7",283," "," ","7",294," "," ","7",294," "," ","7",306," "," ","7",306," "," ","7",294," "," ","7",306," "," ","7",383," "," ","7",361," "," ","7",356," "," ","7",300," "," ","7",272," "," ","7",300," "," ","7",317," "," ","7",278," "," ","7",244," "," ","7",272," "," ","7",322," "," ","7",383," "," ","7",406," "," ","7"
"3447","USC00359461",2015,7,"TMIN",NA," "," "," ",172," "," ","7",178," "," ","7",167," "," ","7",161," "," ","7",161," "," ","7",133," "," ","7",139," "," ","7",139," "," ","7",144," "," ","7",139," "," ","7",144," "," ","7",156," "," ","7",133," "," ","7",139," "," ","7",144," "," ","7",156," "," ","7",144," "," ","7",139," "," ","7",150," "," ","7",161," "," ","7",150," "," ","7",139," "," ","7",139," "," ","7",139," "," ","7",133," "," ","7",133," "," ","7",161," "," ","7",150," "," ","7",156," "," ","7",156," "," ","7"
"3448","USC00359461",2015,7,"TOBS",NA," "," "," ",200," "," ","7",194," "," ","7",167," "," ","7",189," "," ","7",167," "," ","7",144," "," ","7",139," "," ","7",167," "," ","7",161," "," ","7",161," "," ","7",172," "," ","7",172," "," ","7",156," "," ","7",144," "," ","7",172," "," ","7",167," "," ","7",156," "," ","7",156," "," ","7",161," "," ","7",172," "," ","7",156," "," ","7",139," "," ","7",161," "," ","7",150," "," ","7",150," "," ","7",178," "," ","7",161," "," ","7",194," "," ","7",156," "," ","7",167," "," ","7"
"3449","USC00359461",2015,7,"PRCP",NA," "," "," ",0," "," ","7",0," "," ","7",0," "," ","7",0," "," ","7",0," "," ","7",0," "," ","7",0," "," ","7",0," "," ","7",0," "," ","7",0," "," ","7",0," "," ","7",0," "," ","7",0," "," ","7",0," "," ","7",0," "," ","7",0," "," ","7",0," "," ","7",0," "," ","7",0," "," ","7",0," "," ","7",0," "," ","7",0," "," ","7",0," "," ","7",0," "," ","7",0," "," ","7",0," "," ","7",0," "," ","7",0," "," ","7",0," "," ","7",0," "," ","7"
"3450","USC00359461",2015,7,"SNOW",NA," "," "," ",NA," "," "," ",NA," "," "," ",NA," "," "," ",NA," "," "," ",NA," "," "," ",NA," "," "," ",NA," "," "," ",NA," "," "," ",NA," "," "," ",NA," "," "," ",NA," "," "," ",NA," "," "," ",NA," "," "," ",NA," "," "," ",0," "," ","7",0," "," ","7",0," "," ","7",0," "," ","7",0," "," ","7",0," "," ","7",0," "," ","7",0," "," ","7",0," "," ","7",NA," "," "," ",NA," "," "," ",0," "," ","7",0," "," ","7",NA," "," "," ",NA," "," "," ",NA," "," "," "
"3451","USC00359461",2015,7,"SNWD",NA," "," "," ",NA," "," "," ",NA," "," "," ",NA," "," "," ",NA," "," "," ",NA," "," "," ",NA," "," "," ",NA," "," "," ",NA," "," "," ",NA," "," "," ",NA," "," "," ",NA," "," "," ",NA," "," "," ",NA," "," "," ",NA," "," "," ",0," "," ","7",0," "," ","7",0," "," ","7",0," "," ","7",0," "," ","7",0," "," ","7",0," "," ","7",0," "," ","7",0," "," ","7",NA," "," "," ",NA," "," "," ",0," "," ","7",0," "," ","7",NA," "," "," ",NA," "," "," ",NA," "," "," "
"3452","USC00359461",2015,7,"SN32",NA," "," "," ",267," "," ","7",278," "," ","7",278," "," ","7",283," "," ","7",278," "," ","7",272," "," ","7",278," "," ","7",278," "," ","7",278," "," ","7",272," "," ","7",261," "," ","7",261," "," ","7",261," "," ","7",256," "," ","7",256," "," ","7",256," "," ","7",256," "," ","7",256," "," ","7",256," "," ","7",267," "," ","7",272," "," ","7",267," "," ","7",267," "," ","7",272," "," ","7",267," "," ","7",267," "," ","7",267," "," ","7",267," "," ","7",261," "," ","7",272," "," ","7"
"3453","USC00359461",2015,7,"SX32",NA," "," "," ",278," "," ","7",283," "," ","7",289," "," ","7",289," "," ","7",289," "," ","7",283," "," ","7",278," "," ","7",278," "," ","7",278," "," ","7",272," "," ","7",278," "," ","7",278," "," ","7",278," "," ","7",278," "," ","7",283," "," ","7",261," "," ","7",261," "," ","7",267," "," ","7",272," "," ","7",272," "," ","7",272," "," ","7",272," "," ","7",267," "," ","7",272," "," ","7",267," "," ","7",267," "," ","7",267," "," ","7",267," "," ","7",272," "," ","7",278," "," ","7"
"3454","USC00359461",2015,8,"TMAX",406," "," ","7",367," "," ","7",261," "," ","7",311," "," ","7",328," "," ","7",317," "," ","7",300," "," ","7",322," "," ","7",300," "," ","7",311," "," ","7",294," "," ","7",294," "," ","7",339," "," ","7",300," "," ","7",244," "," ","7",283," "," ","7",306," "," ","7",328," "," ","7",356," "," ","7",350," "," ","7",283," "," ","7",289," "," ","7",333," "," ","7",294," "," ","7",289," "," ","7",289," "," ","7",322," "," ","7",339," "," ","7",311," "," ","7",256," "," ","7",228," "," ","7"
"3455","USC00359461",2015,8,"TMIN",167," "," ","7",167," "," ","7",161," "," ","7",128," "," ","7",111," "," ","7",111," "," ","7",150," "," ","7",122," "," ","7",144," "," ","7",117," "," ","7",133," "," ","7",144," "," ","7",161," "," ","7",122," "," ","7",122," "," ","7",161," "," ","7",156," "," ","7",133," "," ","7",150," "," ","7",128," "," ","7",111," "," ","7",106," "," ","7",106," "," ","7",111," "," ","7",94," "," ","7",94," "," ","7",111," "," ","7",144," "," ","7",161," "," ","7",139," "," ","7",106," "," ","7"
"3456","USC00359461",2015,8,"TOBS",189," "," ","7",167," "," ","7",161," "," ","7",144," "," ","7",111," "," ","7",150," "," ","7",167," "," ","7",144," "," ","7",161," "," ","7",133," "," ","7",172," "," ","7",161," "," ","7",167," "," ","7",122," "," ","7",161," "," ","7",161," "," ","7",172," "," ","7",150," "," ","7",172," "," ","7",128," "," ","7",111," "," ","7",128," "," ","7",128," "," ","7",111," "," ","7",94," "," ","7",111," "," ","7",144," "," ","7",167," "," ","7",161," "," ","7",139," "," ","7",106," "," ","7"
"3457","USC00359461",2015,8,"PRCP",0," "," ","7",0," "," ","7",3," "," ","7",0," "," ","7",0," "," ","7",0," "," ","7",0," "," ","7",0," "," ","7",0," "," ","7",0," "," ","7",0," "," ","7",0," "," ","7",0," "," ","7",0," "," ","7",0," "," ","7",0," "," ","7",0," "," ","7",0," "," ","7",0," "," ","7",0," "," ","7",0," "," ","7",0," "," ","7",0," "," ","7",0," "," ","7",0," "," ","7",0," "," ","7",0," "," ","7",0," "," ","7",20," "," ","7",13," "," ","7",20," "," ","7"
"3458","USC00359461",2015,8,"SNOW",NA," "," "," ",NA," "," "," ",NA," "," "," ",NA," "," "," ",NA," "," "," ",NA," "," "," ",NA," "," "," ",NA," "," "," ",NA," "," "," ",NA," "," "," ",NA," "," "," ",NA," "," "," ",0," "," ","7",0," "," ","7",0," "," ","7",0," "," ","7",0," "," ","7",0," "," ","7",0," "," ","7",0," "," ","7",0," "," ","7",NA," "," "," ",0," "," ","7",0," "," ","7",0," "," ","7",0," "," ","7",NA," "," "," ",NA," "," "," ",NA," "," "," ",NA," "," "," ",NA," "," "," "
"3459","USC00359461",2015,8,"SNWD",NA," "," "," ",NA," "," "," ",NA," "," "," ",NA," "," "," ",NA," "," "," ",NA," "," "," ",NA," "," "," ",NA," "," "," ",NA," "," "," ",NA," "," "," ",NA," "," "," ",NA," "," "," ",0," "," ","7",0," "," ","7",0," "," ","7",0," "," ","7",0," "," ","7",0," "," ","7",0," "," ","7",0," "," ","7",0," "," ","7",NA," "," "," ",0," "," ","7",0," "," ","7",0," "," ","7",0," "," ","7",NA," "," "," ",NA," "," "," ",NA," "," "," ",NA," "," "," ",NA," "," "," "
"3460","USC00359461",2015,8,"SN32",278," "," ","7",283," "," ","7",267," "," ","7",261," "," ","7",256," "," ","7",267," "," ","7",267," "," ","7",267," "," ","7",267," "," ","7",267," "," ","7",267," "," ","7",261," "," ","7",261," "," ","7",267," "," ","7",NA," "," "," ",267," "," ","7",250," "," ","7",256," "," ","7",256," "," ","7",NA," "," "," ",267," "," ","7",261," "," ","7",267," "," ","7",267," "," ","7",267," "," ","7",267," ","I","7",250," "," ","7",256," "," ","7",256," "," ","7",244," "," ","7",228," "," ","7"
"3461","USC00359461",2015,8,"SX32",283," "," ","7",283," "," ","7",283," "," ","7",267," "," ","7",261," "," ","7",267," "," ","7",267," "," ","7",267," "," ","7",267," "," ","7",267," "," ","7",267," "," ","7",261," "," ","7",267," "," ","7",267," "," ","7",NA," "," "," ",267," "," ","7",261," "," ","7",261," "," ","7",267," "," ","7",NA," "," "," ",267," "," ","7",261," "," ","7",267," "," ","7",267," "," ","7",267," "," ","7",267," "," ","7",256," ","I","7",256," "," ","7",256," "," ","7",256," "," ","7",244," "," ","7"
"3462","USC00359461",2015,9,"TMAX",278," "," ","7",267," "," ","7",244," "," ","7",228," "," ","7",233," "," ","7",228," "," ","7",256," "," ","7",267," "," ","7",306," "," ","7",317," "," ","7",322," "," ","7",356," "," ","7",328," "," ","7",306," "," ","7",217," "," ","7",200," "," ","7",167," "," ","7",183," "," ","7",256," "," ","7",289," "," ","7",256," "," ","7",222," "," ","7",228," "," ","7",267," "," ","7",289," "," ","7",283," "," ","7",211," "," ","7",211," "," ","7",283," "," ","7",289," "," ","7",NA," "," "," "
"3463","USC00359461",2015,9,"TMIN",106," "," ","7",133," "," ","7",106," "," ","7",106," "," ","7",78," "," ","7",61," "," ","7",83," "," ","7",89," "," ","7",106," "," ","7",100," "," ","7",106," "," ","7",133," "," ","7",117," "," ","7",111," "," ","7",67," "," ","7",78," "," ","7",111," "," ","7",122," "," ","7",72," "," ","7",72," "," ","7",72," "," ","7",72," "," ","7",67," "," ","7",67," "," ","7",89," "," ","7",94," "," ","7",83," "," ","7",50," "," ","7",50," "," ","7",72," "," ","7",NA," "," "," "
"3464","USC00359461",2015,9,"TOBS",144," "," ","7",133," "," ","7",111," "," ","7",106," "," ","7",100," "," ","7",83," "," ","7",122," "," ","7",106," "," ","7",128," "," ","7",117," "," ","7",133," "," ","7",161," "," ","7",133," "," ","7",128," "," ","7",78," "," ","7",111," "," ","7",122," "," ","7",122," "," ","7",72," "," ","7",100," "," ","7",156," "," ","7",72," "," ","7",67," "," ","7",122," "," ","7",100," "," ","7",150," "," ","7",100," "," ","7",67," "," ","7",83," "," ","7",111," "," ","7",NA," "," "," "
"3465","USC00359461",2015,9,"PRCP",0,"T"," ","7",23," "," ","7",0," "," ","7",0," "," ","7",18," "," ","7",0," "," ","7",0," "," ","7",0," "," ","7",0," "," ","7",0," "," ","7",0," "," ","7",0," "," ","7",0," "," ","7",0," "," ","7",0," "," ","7",0," "," ","7",48," "," ","7",30," "," ","7",0," "," ","7",0," "," ","7",0," "," ","7",0," "," ","7",0," "," ","7",0," "," ","7",0," "," ","7",0," "," ","7",5," "," ","7",0," "," ","7",0," "," ","7",0," "," ","7",NA," "," "," "
"3466","USC00359461",2015,9,"SNOW",NA," "," "," ",NA," "," "," ",NA," "," "," ",NA," "," "," ",NA," "," "," ",NA," "," "," ",NA," "," "," ",NA," "," "," ",NA," "," "," ",0," "," ","7",0," "," ","7",0," "," ","7",0," "," ","7",0," "," ","7",0," "," ","7",0," "," ","7",0," "," ","7",NA," "," "," ",0," "," ","7",0," "," ","7",0," "," ","7",0," "," ","7",0," "," ","7",NA," "," "," ",NA," "," "," ",NA," "," "," ",NA," "," "," ",NA," "," "," ",NA," "," "," ",NA," "," "," ",NA," "," "," "
"3467","USC00359461",2015,9,"SNWD",NA," "," "," ",NA," "," "," ",NA," "," "," ",NA," "," "," ",NA," "," "," ",NA," "," "," ",NA," "," "," ",NA," "," "," ",NA," "," "," ",0," "," ","7",0," "," ","7",0," "," ","7",0," "," ","7",0," "," ","7",0," "," ","7",0," "," ","7",0," "," ","7",NA," "," "," ",0," "," ","7",0," "," ","7",0," "," ","7",0," "," ","7",0," "," ","7",NA," "," "," ",NA," "," "," ",NA," "," "," ",NA," "," "," ",NA," "," "," ",NA," "," "," ",NA," "," "," ",NA," "," "," "
"3468","USC00359461",2015,9,"SN32",228," "," ","7",239," "," ","7",222," "," ","7",217," "," ","7",211," "," ","7",206," "," ","7",211," "," ","7",206," "," ","7",206," "," ","7",200," "," ","7",217," "," ","7",217," "," ","7",217," "," ","7",217," "," ","7",222," "," ","7",206," "," ","7",211," "," ","7",211," "," ","7",NA," "," "," ",NA," "," "," ",211," "," ","7",206," "," ","7",206," "," ","7",200," "," ","7",200," "," ","7",200," "," ","7",194," "," ","7",183," "," ","7",178," "," ","7",189," "," ","7",NA," "," "," "
"3469","USC00359461",2015,9,"SX32",239," "," ","7",239," "," ","7",233," "," ","7",233," "," ","7",233," "," ","7",233," "," ","7",233," "," ","7",233," "," ","7",233," "," ","7",228," "," ","7",228," "," ","7",233," "," ","7",233," "," ","7",228," "," ","7",233," "," ","7",217," "," ","7",211," "," ","7",211," "," ","7",NA," "," "," ",NA," "," "," ",211," "," ","7",211," "," ","7",206," "," ","7",211," "," ","7",200," "," ","7",200," "," ","7",194," "," ","7",189," "," ","7",183," "," ","7",189," "," ","7",NA," "," "," "
"3470","USC00359461",2015,10,"TMAX",244," "," ","7",250," "," ","7",222," "," ","7",283," "," ","7",283," "," ","7",333," "," ","7",278," "," ","7",267," "," ","7",294," "," ","7",300," "," ","7",272," "," ","7",228," "," ","7",261," "," ","7",267," "," ","7",278," "," ","7",300," "," ","7",239," "," ","7",189," "," ","7",228," "," ","7",161," "," ","7",183," "," ","7",172," "," ","7",183," "," ","7",156," "," ","7",206," "," ","7",178," "," ","7",194," "," ","7",161," "," ","7",194," "," ","7",200," "," ","7",206," "," ","7"
"3471","USC00359461",2015,10,"TMIN",72," "," ","7",67," "," ","7",67," "," ","7",100," "," ","7",67," "," ","7",83," "," ","7",89," "," ","7",106," "," ","7",83," "," ","7",100," "," ","7",100," "," ","7",61," "," ","7",61," "," ","7",72," "," ","7",89," "," ","7",89," "," ","7",89," "," ","7",139," "," ","7",117," "," ","7",106," "," ","7",106," "," ","7",89," "," ","7",33," "," ","7",39," "," ","7",50," "," ","7",61," "," ","7",50," "," ","7",56," "," ","7",56," "," ","7",94," "," ","7",106," "," ","7"
"3472","USC00359461",2015,10,"TOBS",94," "," ","7",89," "," ","7",122," "," ","7",100," "," ","7",83," "," ","7",100," "," ","7",106," "," ","7",128," "," ","7",100," "," ","7",128," "," ","7",111," "," ","7",78," "," ","7",78," "," ","7",89," "," ","7",89," "," ","7",89," "," ","7",139," "," ","7",139," "," ","7",117," "," ","7",106," "," ","7",106," "," ","7",117," "," ","7",39," "," ","7",72," "," ","7",61," "," ","7",89," "," ","7",56," "," ","7",100," "," ","7",122," "," ","7",111," "," ","7",117," "," ","7"
"3473","USC00359461",2015,10,"PRCP",0," "," ","7",0," "," ","7",0," "," ","7",0," "," ","7",0," "," ","7",0," "," ","7",0," "," ","7",0," "," ","7",0," "," ","7",0," "," ","7",25," "," ","7",0," "," ","7",0," "," ","7",0," "," ","7",0," "," ","7",0," "," ","7",64," "," ","7",0," "," ","7",0," "," ","7",107," "," ","7",0," "," ","7",0,"T"," ","7",0,"T"," ","7",0," "," ","7",0,"T"," ","7",109," "," ","7",0,"T"," ","7",74," "," ","7",5," "," ","7",0," "," ","7",0," "," ","7"
"3474","USC00359461",2015,10,"SNOW",NA," "," "," ",NA," "," "," ",NA," "," "," ",0," "," ","7",NA," "," "," ",NA," "," "," ",NA," "," "," ",0," "," ","7",0," "," ","7",NA," "," "," ",NA," "," "," ",0," "," ","7",0," "," ","7",0," "," ","7",0," "," ","7",0," "," ","7",0," "," ","7",0," "," ","7",0," "," ","7",0," "," ","7",0," "," ","7",NA," "," "," ",NA," "," "," ",NA," "," "," ",NA," "," "," ",NA," "," "," ",NA," "," "," ",NA," "," "," ",NA," "," "," ",NA," "," "," ",NA," "," "," "
"3475","USC00359461",2015,10,"SNWD",NA," "," "," ",NA," "," "," ",NA," "," "," ",0," "," ","7",NA," "," "," ",NA," "," "," ",NA," "," "," ",0," "," ","7",0," "," ","7",NA," "," "," ",NA," "," "," ",0," "," ","7",0," "," ","7",0," "," ","7",0," "," ","7",0," "," ","7",0," "," ","7",0," "," ","7",0," "," ","7",0," "," ","7",0," "," ","7",NA," "," "," ",NA," "," "," ",NA," "," "," ",NA," "," "," ",NA," "," "," ",NA," "," "," ",NA," "," "," ",NA," "," "," ",NA," "," "," ",NA," "," "," "
"3476","USC00359461",2015,10,"SN32",189," "," ","7",189," "," ","7",189," "," ","7",NA," "," "," ",183," "," ","7",189," "," ","7",189," "," ","7",189," "," ","7",183," "," ","7",189," "," ","7",194," "," ","7",178," "," ","7",178," "," ","7",178," "," ","7",178," "," ","7",178," "," ","7",178," "," ","7",183," "," ","7",183," "," ","7",183," ","I","7",156," "," ","7",150," "," ","7",144," "," ","7",139," "," ","7",139," "," ","7",133," "," ","7",133," "," ","7",128," "," ","7",133," "," ","7",133," "," ","7",128," "," ","7"
"3477","USC00359461",2015,10,"SX32",189," "," ","7",189," "," ","7",189," "," ","7",NA," "," "," ",189," "," ","7",194," "," ","7",189," "," ","7",189," "," ","7",189," "," ","7",194," "," ","7",194," "," ","7",189," "," ","7",183," "," ","7",200," "," ","7",178," "," ","7",178," "," ","7",183," "," ","7",183," "," ","7",183," "," ","7",183," "," ","7",172," ","I","7",150," "," ","7",150," "," ","7",144," "," ","7",139," "," ","7",133," "," ","7",133," "," ","7",133," "," ","7",133," "," ","7",133," "," ","7",128," "," ","7"
"3478","USC00359461",2015,11,"TMAX",233," "," ","7",244," "," ","7",144," "," ","7",144," "," ","7",133," "," ","7",133," "," ","7",156," "," ","7",167," "," ","7",144," "," ","7",144," "," ","7",139," "," ","7",94," "," ","7",128," "," ","7",161," "," ","7",172," "," ","7",94," "," ","7",106," "," ","7",156," "," ","7",122," "," ","7",150," "," ","7",94," "," ","7",117," "," ","7",89," "," ","7",72," "," ","7",72," "," ","7",78," "," ","7",78," "," ","7",44," "," ","7",44," "," ","7",78," "," ","7",NA," "," "," "
"3479","USC00359461",2015,11,"TMIN",106," "," ","7",78," "," ","7",56," "," ","7",44," "," ","7",44," "," ","7",28," "," ","7",17," "," ","7",33," "," ","7",39," "," ","7",39," "," ","7",33," "," ","7",33," "," ","7",50," "," ","7",22," "," ","7",50," "," ","7",6," "," ","7",17," "," ","7",50," "," ","7",50," "," ","7",61," "," ","7",39," "," ","7",6," "," ","7",22," "," ","7",28," "," ","7",22," "," ","7",-44," "," ","7",-11," "," ","7",-33," "," ","7",-50," "," ","7",-39," "," ","7",NA," "," "," "
"3480","USC00359461",2015,11,"TOBS",122," "," ","7",94," "," ","7",72," "," ","7",61," "," ","7",61," "," ","7",44," "," ","7",33," "," ","7",100," "," ","7",61," "," ","7",61," "," ","7",44," "," ","7",61," "," ","7",94," "," ","7",100," "," ","7",67," "," ","7",33," "," ","7",78," "," ","7",67," "," ","7",94," "," ","7",61," "," ","7",44," "," ","7",22," "," ","7",28," "," ","7",33," "," ","7",22," "," ","7",-11," "," ","7",-11," "," ","7",-22," "," ","7",-39," "," ","7",-28," "," ","7",NA," "," "," "
"3481","USC00359461",2015,11,"PRCP",79," "," ","7",76," "," ","7",8," "," ","7",0," "," ","7",0," "," ","7",0," "," ","7",0," "," ","7",104," "," ","7",56," "," ","7",10," "," ","7",0," "," ","7",20," "," ","7",0," "," ","7",0," "," ","7",114," "," ","7",86," "," ","7",28," "," ","7",43," "," ","7",61," "," ","7",91," "," ","7",0,"T"," ","7",0,"T"," ","7",0,"T"," ","7",117," "," ","7",28," "," ","7",0," "," ","7",0," "," ","7",0," "," ","7",0," "," ","7",0," "," ","7",NA," "," "," "
"3482","USC00359461",2015,11,"SNOW",NA," "," "," ",NA," "," "," ",NA," "," "," ",NA," "," "," ",0," "," ","7",0," "," ","7",0," "," ","7",0," "," ","7",0," "," ","7",0," "," ","7",0," "," ","7",0," "," ","7",0," "," ","7",NA," "," "," ",NA," "," "," ",NA," "," "," ",NA," "," "," ",NA," "," "," ",NA," "," "," ",NA," "," "," ",NA," "," "," ",NA," "," "," ",NA," "," "," ",NA," "," "," ",NA," "," "," ",NA," "," "," ",NA," "," "," ",NA," "," "," ",NA," "," "," ",NA," "," "," ",NA," "," "," "
"3483","USC00359461",2015,11,"SNWD",NA," "," "," ",NA," "," "," ",NA," "," "," ",NA," "," "," ",0," "," ","7",0," "," ","7",0," "," ","7",0," "," ","7",0," "," ","7",0," "," ","7",0," "," ","7",0," "," ","7",0," "," ","7",NA," "," "," ",NA," "," "," ",NA," "," "," ",NA," "," "," ",NA," "," "," ",NA," "," "," ",NA," "," "," ",NA," "," "," ",NA," "," "," ",NA," "," "," ",NA," "," "," ",NA," "," "," ",NA," "," "," ",NA," "," "," ",NA," "," "," ",NA," "," "," ",NA," "," "," ",NA," "," "," "
"3484","USC00359461",2015,11,"SN32",133," "," ","7",128," "," ","7",122," "," ","7",117," "," ","7",100," "," ","7",94," "," ","7",89," "," ","7",100," "," ","7",94," "," ","7",89," "," ","7",83," "," ","7",89," "," ","7",89," "," ","7",89," "," ","7",94," "," ","7",56," "," ","7",83," "," ","7",83," "," ","7",83," "," ","7",83," "," ","7",89," "," ","7",78," "," ","7",72," "," ","7",72," "," ","7",67," "," ","7",56," "," ","7",44," "," ","7",39," "," ","7",33," "," ","7",28," "," ","7",NA," "," "," "
"3485","USC00359461",2015,11,"SX32",133," "," ","7",128," "," ","7",133," "," ","7",133," "," ","7",133," "," ","7",100," "," ","7",100," "," ","7",106," "," ","7",94," "," ","7",94," "," ","7",94," "," ","7",89," "," ","7",89," "," ","7",106," "," ","7",94," "," ","7",94," "," ","7",83," "," ","7",83," "," ","7",83," "," ","7",89," "," ","7",89," "," ","7",89," "," ","7",78," "," ","7",72," "," ","7",72," "," ","7",72," "," ","7",72," "," ","7",67," "," ","7",67," "," ","7",67," "," ","7",NA," "," "," "
"3486","USC00359461",2015,12,"TMAX",44," "," ","7",100," "," ","7",156," "," ","7",167," "," ","7",133," "," ","7",161," "," ","7",139," "," ","7",156," "," ","7",183," "," ","7",150," "," ","7",89," "," ","7",72," "," ","7",89," "," ","7",33," "," ","7",56," "," ","7",50," "," ","7",78," "," ","7",122," "," ","7",111," "," ","7",100," "," ","7",100," "," ","7",122," "," ","7",100," "," ","7",56," "," ","7",56," "," ","7",67," "," ","7",67," "," ","7",72," "," ","7",94," "," ","7",89," "," ","7",72," "," ","7"
"3487","USC00359461",2015,12,"TMIN",-28," "," ","7",-11," "," ","7",67," "," ","7",56," "," ","7",44," "," ","7",61," "," ","7",89," "," ","7",122," "," ","7",94," "," ","7",78," "," ","7",56," "," ","7",56," "," ","7",6," "," ","7",6," "," ","7",28," "," ","7",28," "," ","7",22," "," ","7",50," "," ","7",33," "," ","7",28," "," ","7",44," "," ","7",44," "," ","7",22," "," ","7",-6," "," ","7",6," "," ","7",-17," "," ","7",0," "," ","7",28," "," ","7",22," "," ","7",22," "," ","7",-22," "," ","7"
"3488","USC00359461",2015,12,"TOBS",-11," "," ","7",67," "," ","7",156," "," ","7",78," "," ","7",61," "," ","7",89," "," ","7",122," "," ","7",133," "," ","7",111," "," ","7",78," "," ","7",56," "," ","7",56," "," ","7",6," "," ","7",28," "," ","7",28," "," ","7",28," "," ","7",50," "," ","7",72," "," ","7",33," "," ","7",44," "," ","7",56," "," ","7",44," "," ","7",22," "," ","7",11," "," ","7",22," "," ","7",0," "," ","7",28," "," ","7",50," "," ","7",33," "," ","7",39," "," ","7",-11," "," ","7"
"3489","USC00359461",2015,12,"PRCP",0," "," ","7",71," "," ","7",25," "," ","7",254," "," ","7",5," "," ","7",224," "," ","7",157," "," ","7",76," "," ","7",229," "," ","7",249," "," ","7",229," "," ","7",198," "," ","7",559," "," ","7",130," "," ","7",64," "," ","7",0," "," ","7",196," "," ","7",262," "," ","7",51," "," ","7",25," "," ","7",208," "," ","7",119," "," ","7",84," "," ","7",290," "," ","7",51," "," ","7",0," "," ","7",0," "," ","7",86," "," ","7",18," "," ","7",99," "," ","7",0," "," ","7"
"3490","USC00359461",2015,12,"SNOW",NA," "," "," ",NA," "," "," ",0," "," ","7",NA," "," "," ",NA," "," "," ",NA," "," "," ",NA," "," "," ",NA," "," "," ",NA," "," "," ",0," "," ","7",0," "," ","7",0," "," ","7",0," "," ","7",0," "," ","7",0," "," ","7",0," "," ","7",NA," "," "," ",NA," "," "," ",NA," "," "," ",NA," "," "," ",NA," "," "," ",NA," "," "," ",NA," "," "," ",NA," "," "," ",NA," "," "," ",NA," "," "," ",NA," "," "," ",NA," "," "," ",NA," "," "," ",NA," "," "," ",NA," "," "," "
"3491","USC00359461",2015,12,"SNWD",NA," "," "," ",NA," "," "," ",0," "," ","7",NA," "," "," ",NA," "," "," ",NA," "," "," ",NA," "," "," ",NA," "," "," ",NA," "," "," ",NA," "," "," ",0," "," ","7",0," "," ","7",0," "," ","7",0," "," ","7",0," "," ","7",0," "," ","7",NA," "," "," ",NA," "," "," ",NA," "," "," ",NA," "," "," ",NA," "," "," ",NA," "," "," ",NA," "," "," ",NA," "," "," ",NA," "," "," ",NA," "," "," ",NA," "," "," ",NA," "," "," ",NA," "," "," ",NA," "," "," ",NA," "," "," "
"3492","USC00359461",2015,12,"SN32",22," "," ","7",28," "," ","7",44," "," ","7",22," "," ","7",50," "," ","7",50," "," ","7",44," "," ","7",50," "," ","7",50," "," ","7",56," "," ","7",72," "," ","7",61," "," ","7",56," "," ","7",50," "," ","7",44," "," ","7",44," "," ","7",39," "," ","7",39," "," ","7",50," "," ","7",56," ","I","7",44," "," ","7",44," "," ","7",44," "," ","7",39," "," ","7",39," "," ","7",33," "," ","7",33," "," ","7",33," "," ","7",33," "," ","7",33," "," ","7",28," "," ","7"
"3493","USC00359461",2015,12,"SX32",72," "," ","7",72," "," ","7",78," "," ","7",72," "," ","7",56," "," ","7",56," "," ","7",56," "," ","7",67," "," ","7",72," "," ","7",72," "," ","7",72," "," ","7",72," "," ","7",61," "," ","7",61," "," ","7",50," "," ","7",44," "," ","7",44," "," ","7",50," "," ","7",50," "," ","7",50," "," ","7",44," "," ","7",44," "," ","7",44," "," ","7",44," "," ","7",44," "," ","7",44," "," ","7",44," "," ","7",44," "," ","7",44," "," ","7",44," "," ","7",44," "," ","7"
"3494","USC00359461",2016,1,"TMAX",56," "," ","7",44," "," ","7",50," "," ","7",33," "," ","7",33," "," ","7",100," "," ","7",72," "," ","7",72," "," ","7",61," "," ","7",111," "," ","7",83," "," ","7",94," "," ","7",144," "," ","7",144," "," ","7",72," "," ","7",89," "," ","7",128," "," ","7",111," "," ","7",133," "," ","7",106," "," ","7",89," "," ","7",111," "," ","7",133," "," ","7",106," "," ","7",83," "," ","7",106," "," ","7",128," "," ","7",183," "," ","7",139," "," ","7",106," "," ","7",78," "," ","7"
"3495","USC00359461",2016,1,"TMIN",-67," "," ","7",-50," "," ","7",-67," "," ","7",-11," "," ","7",11," "," ","7",17," "," ","7",17," "," ","7",17," "," ","7",22," "," ","7",39," "," ","7",33," "," ","7",28," "," ","7",56," "," ","7",-6," "," ","7",0," "," ","7",0," "," ","7",28," "," ","7",6," "," ","7",0," "," ","7",6," "," ","7",11," "," ","7",61," "," ","7",56," "," ","7",50," "," ","7",28," "," ","7",28," "," ","7",56," "," ","7",72," "," ","7",83," "," ","7",22," "," ","7",11," "," ","7"
"3496","USC00359461",2016,1,"TOBS",-50," "," ","7",-50," "," ","7",-6," "," ","7",11," "," ","7",28," "," ","7",28," "," ","7",17," "," ","7",33," "," ","7",50," "," ","7",39," "," ","7",33," "," ","7",56," "," ","7",89," "," ","7",0," "," ","7",0," "," ","7",50," "," ","7",56," "," ","7",11," "," ","7",61," "," ","7",11," "," ","7",61," "," ","7",61," "," ","7",72," "," ","7",67," "," ","7",28," "," ","7",72," "," ","7",72," "," ","7",122," "," ","7",89," "," ","7",39," "," ","7",22," "," ","7"
"3497","USC00359461",2016,1,"PRCP",0," "," ","7",0," "," ","7",10," "," ","7",25," "," ","7",38," "," ","7",13," "," ","7",13," "," ","7",0," "," ","7",43," "," ","7",0," "," ","7",0," "," ","7",41," "," ","7",81," "," ","7",97," "," ","7",152," "," ","7",69," "," ","7",119," "," ","7",348," "," ","7",99," "," ","7",224," "," ","7",0," "," ","7",130," "," ","7",91," "," ","7",25," "," ","7",56," "," ","7",10," "," ","7",0," "," ","7",18," "," ","7",119," "," ","7",97," "," ","7",10," "," ","7"
"3498","USC00359461",2016,1,"SNOW",NA," "," "," ",0," "," ","7",NA," "," "," ",NA," "," "," ",NA," "," "," ",NA," "," "," ",0," "," ","7",0," "," ","7",0," "," ","7",0," "," ","7",0," "," ","7",0," "," ","7",0," "," ","7",NA," "," "," ",NA," "," "," ",NA," "," "," ",NA," "," "," ",NA," "," "," ",NA," "," "," ",NA," "," "," ",NA," "," "," ",NA," "," "," ",NA," "," "," ",NA," "," "," ",NA," "," "," ",NA," "," "," ",NA," "," "," ",NA," "," "," ",NA," "," "," ",NA," "," "," ",NA," "," "," "
"3499","USC00359461",2016,1,"SNWD",NA," "," "," ",0," "," ","7",NA," "," "," ",NA," "," "," ",NA," "," "," ",NA," "," "," ",0," "," ","7",0," "," ","7",0," "," ","7",0," "," ","7",0," "," ","7",0," "," ","7",0," "," ","7",NA," "," "," ",NA," "," "," ",NA," "," "," ",NA," "," "," ",NA," "," "," ",NA," "," "," ",NA," "," "," ",NA," "," "," ",NA," "," "," ",NA," "," "," ",NA," "," "," ",NA," "," "," ",NA," "," "," ",NA," "," "," ",NA," "," "," ",NA," "," "," ",NA," "," "," ",NA," "," "," "
"3500","USC00359461",2016,1,"SN32",22," "," ","7",33," ","I","7",6," "," ","7",0," "," ","7",6," "," ","7",0," "," ","7",17," "," ","7",17," "," ","7",33," "," ","7",33," "," ","7",39," "," ","7",44," "," ","7",44," "," ","7",28," "," ","7",33," "," ","7",33," "," ","7",33," "," ","7",39," "," ","7",39," "," ","7",39," "," ","7",39," "," ","7",39," "," ","7",39," "," ","7",39," "," ","7",33," "," ","7",33," "," ","7",56," ","I","7",61," "," ","7",61," "," ","7",56," "," ","7",44," "," ","7"
"3501","USC00359461",2016,1,"SX32",44," "," ","7",33," "," ","7",17," ","I","7",0," "," ","7",6," "," ","7",17," "," ","7",17," "," ","7",33," "," ","7",33," "," ","7",39," "," ","7",44," "," ","7",44," "," ","7",44," "," ","7",39," "," ","7",39," "," ","7",33," "," ","7",39," "," ","7",39," "," ","7",39," "," ","7",39," "," ","7",39," "," ","7",39," "," ","7",50," "," ","7",50," "," ","7",44," "," ","7",44," ","I","7",56," "," ","7",61," "," ","7",61," "," ","7",61," "," ","7",67," "," ","7"
"3502","USC00359461",2016,2,"TMAX",83," "," ","7",72," "," ","7",72," "," ","7",78," "," ","7",144," "," ","7",156," "," ","7",117," "," ","7",150," "," ","7",150," "," ","7",139," "," ","7",144," "," ","7",178," "," ","7",150," "," ","7",144," "," ","7",144," "," ","7",161," "," ","7",156," "," ","7",100," "," ","7",111," "," ","7",72," "," ","7",111," "," ","7",94," "," ","7",100," "," ","7",167," "," ","7",156," "," ","7",172," "," ","7",122," "," ","7",144," "," ","7",144," "," ","7",NA," "," "," ",NA," "," "," "
"3503","USC00359461",2016,2,"TMIN",22," "," ","7",11," "," ","7",22," "," ","7",39," "," ","7",11," "," ","7",11," "," ","7",83," "," ","7",78," "," ","7",72," "," ","7",61," "," ","7",17," "," ","7",67," "," ","7",56," "," ","7",56," "," ","7",78," "," ","7",83," "," ","7",67," "," ","7",39," "," ","7",39," "," ","7",0," "," ","7",0," "," ","7",33," "," ","7",0," "," ","7",11," "," ","7",22," "," ","7",33," "," ","7",56," "," ","7",56," "," ","7",33," "," ","7",NA," "," "," ",NA," "," "," "
"3504","USC00359461",2016,2,"TOBS",33," "," ","7",22," "," ","7",39," "," ","7",61," "," ","7",11," "," ","7",83," "," ","7",83," "," ","7",78," "," ","7",72," "," ","7",67," "," ","7",72," "," ","7",67," "," ","7",56," "," ","7",78," "," ","7",94," "," ","7",83," "," ","7",72," "," ","7",56," "," ","7",56," "," ","7",11," "," ","7",33," "," ","7",56," "," ","7",11," "," ","7",50," "," ","7",33," "," ","7",56," "," ","7",67," "," ","7",67," "," ","7",56," "," ","7",NA," "," "," ",NA," "," "," "
"3505","USC00359461",2016,2,"PRCP",20," "," ","7",46," "," ","7",0," "," ","7",0," "," ","7",0," "," ","7",51," "," ","7",0," "," ","7",0," "," ","7",0," "," ","7",0," "," ","7",13," "," ","7",0,"T"," ","7",48," "," ","7",46," "," ","7",18," "," ","7",0,"T"," ","7",0,"T"," ","7",102," "," ","7",102," "," ","7",165," "," ","7",8," "," ","7",3," "," ","7",0,"T"," ","7",0,"T"," ","7",0," "," ","7",0," "," ","7",135," "," ","7",0," "," ","7",0," "," ","7",NA," "," "," ",NA," "," "," "
"3506","USC00359461",2016,2,"SNOW",NA," "," "," ",NA," "," "," ",NA," "," "," ",0," "," ","7",0," "," ","7",0," "," ","7",0," "," ","7",0," "," ","7",0," "," ","7",0," "," ","7",NA," "," "," ",NA," "," "," ",NA," "," "," ",NA," "," "," ",NA," "," "," ",NA," "," "," ",NA," "," "," ",NA," "," "," ",NA," "," "," ",NA," "," "," ",NA," "," "," ",NA," "," "," ",NA," "," "," ",NA," "," "," ",NA," "," "," ",NA," "," "," ",NA," "," "," ",NA," "," "," ",NA," "," "," ",NA," "," "," ",NA," "," "," "
"3507","USC00359461",2016,2,"SNWD",NA," "," "," ",NA," "," "," ",NA," "," "," ",0," "," ","7",0," "," ","7",0," "," ","7",0," "," ","7",0," "," ","7",0," "," ","7",0," "," ","7",NA," "," "," ",NA," "," "," ",NA," "," "," ",NA," "," "," ",NA," "," "," ",NA," "," "," ",NA," "," "," ",NA," "," "," ",NA," "," "," ",NA," "," "," ",NA," "," "," ",NA," "," "," ",NA," "," "," ",NA," "," "," ",NA," "," "," ",NA," "," "," ",NA," "," "," ",NA," "," "," ",NA," "," "," ",NA," "," "," ",NA," "," "," "
"3508","USC00359461",2016,2,"SN32",44," "," ","7",39," "," ","7",44," "," ","7",44," "," ","7",44," "," ","7",50," "," ","7",50," "," ","7",50," "," ","7",56," "," ","7",56," "," ","7",67," "," ","7",67," "," ","7",72," "," ","7",78," "," ","7",78," "," ","7",83," "," ","7",89," "," ","7",83," "," ","7",72," ","I","7",61," "," ","7",56," "," ","7",50," "," ","7",56," "," ","7",61," "," ","7",67," "," ","7",72," "," ","7",72," "," ","7",67," "," ","7",67," "," ","7",NA," "," "," ",NA," "," "," "
"3509","USC00359461",2016,2,"SX32",44," "," ","7",44," "," ","7",44," "," ","7",44," "," ","7",50," "," ","7",50," "," ","7",50," "," ","7",56," "," ","7",61," "," ","7",61," "," ","7",72," "," ","7",72," "," ","7",78," "," ","7",78," "," ","7",78," "," ","7",89," "," ","7",89," "," ","7",83," "," ","7",78," "," ","7",61," ","I","7",56," "," ","7",61," "," ","7",61," "," ","7",61," "," ","7",78," "," ","7",78," "," ","7",78," "," ","7",78," "," ","7",78," "," ","7",NA," "," "," ",NA," "," "," "
"3510","USC00359461",2016,3,"TMAX",122," "," ","7",144," "," ","7",167," "," ","7",206," "," ","7",183," "," ","7",122," "," ","7",111," "," ","7",128," "," ","7",111," "," ","7",211," "," ","7",161," "," ","7",111," "," ","7",111," "," ","7",128," "," ","7",111," "," ","7",133," "," ","7",156," "," ","7",183," "," ","7",189," "," ","7",194," "," ","7",194," "," ","7",122," "," ","7",128," "," ","7",150," "," ","7",156," "," ","7",156," "," ","7",161," "," ","7",133," "," ","7",133," "," ","7",183," "," ","7",211," "," ","7"
"3511","USC00359461",2016,3,"TMIN",39," "," ","7",22," "," ","7",22," "," ","7",17," "," ","7",17," "," ","7",56," "," ","7",28," "," ","7",28," "," ","7",28," "," ","7",17," "," ","7",33," "," ","7",39," "," ","7",39," "," ","7",33," "," ","7",33," "," ","7",44," "," ","7",72," "," ","7",61," "," ","7",72," "," ","7",89," "," ","7",72," "," ","7",44," "," ","7",44," "," ","7",61," "," ","7",39," "," ","7",50," "," ","7",61," "," ","7",56," "," ","7",39," "," ","7",17," "," ","7",28," "," ","7"
"3512","USC00359461",2016,3,"TOBS",61," "," ","7",33," "," ","7",72," "," ","7",17," "," ","7",89," "," ","7",61," "," ","7",28," "," ","7",28," "," ","7",61," "," ","7",72," "," ","7",44," "," ","7",39," "," ","7",78," "," ","7",33," "," ","7",44," "," ","7",72," "," ","7",89," "," ","7",72," "," ","7",89," "," ","7",122," "," ","7",83," "," ","7",61," "," ","7",61," "," ","7",89," "," ","7",50," "," ","7",67," "," ","7",72," "," ","7",67," "," ","7",56," "," ","7",39," "," ","7",33," "," ","7"
"3513","USC00359461",2016,3,"PRCP",23," "," ","7",25," "," ","7",25," "," ","7",0," "," ","7",38," "," ","7",203," "," ","7",76," "," ","7",25," "," ","7",81," "," ","7",132," "," ","7",0,"T"," ","7",132," "," ","7",89," "," ","7",310," "," ","7",79," "," ","7",3," "," ","7",0," "," ","7",0," "," ","7",0," "," ","7",8," "," ","7",112," "," ","7",208," "," ","7",58," "," ","7",8," "," ","7",0," "," ","7",8," "," ","7",61," "," ","7",51," "," ","7",0," "," ","7",0," "," ","7",0," "," ","7"
"3514","USC00359461",2016,3,"SNOW",NA," "," "," ",NA," "," "," ",0," "," ","7",0," "," ","7",0," "," ","7",0," "," ","7",NA," "," "," ",NA," "," "," ",0," "," ","7",NA," "," "," ",NA," "," "," ",NA," "," "," ",NA," "," "," ",NA," "," "," ",NA," "," "," ",NA," "," "," ",NA," "," "," ",NA," "," "," ",NA," "," "," ",NA," "," "," ",NA," "," "," ",NA," "," "," ",NA," "," "," ",NA," "," "," ",NA," "," "," ",NA," "," "," ",NA," "," "," ",NA," "," "," ",NA," "," "," ",NA," "," "," ",0," "," ","7"
"3515","USC00359461",2016,3,"SNWD",NA," "," "," ",NA," "," "," ",0," "," ","7",0," "," ","7",0," "," ","7",0," "," ","7",NA," "," "," ",NA," "," "," ",0," "," ","7",NA," "," "," ",NA," "," "," ",NA," "," "," ",NA," "," "," ",NA," "," "," ",NA," "," "," ",NA," "," "," ",NA," "," "," ",NA," "," "," ",NA," "," "," ",NA," "," "," ",NA," "," "," ",NA," "," "," ",NA," "," "," ",NA," "," "," ",NA," "," "," ",NA," "," "," ",NA," "," "," ",NA," "," "," ",NA," "," "," ",NA," "," "," ",0," "," ","7"
"3516","USC00359461",2016,3,"SN32",67," "," ","7",67," "," ","7",72," "," ","7",72," "," ","7",83," "," ","7",NA," "," "," ",NA," "," "," ",61," "," ","7",72," "," ","7",67," "," ","7",72," "," ","7",78," "," ","7",67," "," ","7",67," "," ","7",67," "," ","7",67," "," ","7",78," ","I","7",78," "," ","7",78," "," ","7",72," "," ","7",72," "," ","7",72," "," ","7",72," "," ","7",89," "," ","7",83," "," ","7",89," "," ","7",89," "," ","7",89," "," ","7",89," "," ","7",89," "," ","7",94," "," ","7"
"3517","USC00359461",2016,3,"SX32",78," "," ","7",78," "," ","7",72," "," ","7",83," "," ","7",83," "," ","7",NA," "," "," ",NA," "," "," ",83," "," ","7",72," "," ","7",83," "," ","7",78," "," ","7",78," "," ","7",78," "," ","7",67," "," ","7",67," "," ","7",72," "," ","7",72," ","I","7",83," "," ","7",78," "," ","7",100," "," ","7",100," "," ","7",106," "," ","7",106," "," ","7",94," "," ","7",94," "," ","7",94," "," ","7",100," "," ","7",100," "," ","7",106," "," ","7",111," "," ","7",100," "," ","7"
"3518","USC00359461",2016,4,"TMAX",244," "," ","7",211," "," ","7",244," "," ","7",239," "," ","7",144," "," ","7",211," "," ","7",261," "," ","7",306," "," ","7",233," "," ","7",206," "," ","7",167," "," ","7",200," "," ","7",189," "," ","7",178," "," ","7",194," "," ","7",189," "," ","7",222," "," ","7",306," "," ","7",311," "," ","7",294," "," ","7",222," "," ","7",206," "," ","7",144," "," ","7",161," "," ","7",167," "," ","7",183," "," ","7",189," "," ","7",200," "," ","7",189," "," ","7",167," "," ","7",NA," "," "," "
"3519","USC00359461",2016,4,"TMIN",33," "," ","7",50," "," ","7",56," "," ","7",50," "," ","7",67," "," ","7",39," "," ","7",33," "," ","7",67," "," ","7",72," "," ","7",78," "," ","7",78," "," ","7",78," "," ","7",67," "," ","7",44," "," ","7",56," "," ","7",33," "," ","7",44," "," ","7",72," "," ","7",89," "," ","7",89," "," ","7",56," "," ","7",78," "," ","7",83," "," ","7",100," "," ","7",33," "," ","7",11," "," ","7",28," "," ","7",89," "," ","7",94," "," ","7",89," "," ","7",NA," "," "," "
"3520","USC00359461",2016,4,"TOBS",50," "," ","7",56," "," ","7",56," "," ","7",78," "," ","7",67," "," ","7",39," "," ","7",67," "," ","7",72," "," ","7",111," "," ","7",83," "," ","7",83," "," ","7",78," "," ","7",67," "," ","7",67," "," ","7",78," "," ","7",44," "," ","7",72," "," ","7",94," "," ","7",100," "," ","7",106," "," ","7",78," "," ","7",106," "," ","7",100," "," ","7",111," "," ","7",50," "," ","7",28," "," ","7",89," "," ","7",100," "," ","7",106," "," ","7",89," "," ","7",NA," "," "," "
"3521","USC00359461",2016,4,"PRCP",0," "," ","7",0," "," ","7",0," "," ","7",25," "," ","7",0," "," ","7",0," "," ","7",0," "," ","7",0," "," ","7",0," "," ","7",0," "," ","7",0," "," ","7",0," "," ","7",8," "," ","7",117," "," ","7",119," "," ","7",0," "," ","7",0," "," ","7",0," "," ","7",0," "," ","7",0," "," ","7",0," "," ","7",109," "," ","7",64," "," ","7",51," "," ","7",61," "," ","7",0," "," ","7",38," "," ","7",13," "," ","7",0," "," ","7",18," "," ","7",NA," "," "," "
"3522","USC00359461",2016,4,"SNOW",0," "," ","7",0," "," ","7",0," "," ","7",0," "," ","7",0," "," ","7",0," "," ","7",NA," "," "," ",NA," "," "," ",NA," "," "," ",NA," "," "," ",NA," "," "," ",NA," "," "," ",NA," "," "," ",NA," "," "," ",NA," "," "," ",NA," "," "," ",NA," "," "," ",NA," "," "," ",NA," "," "," ",NA," "," "," ",NA," "," "," ",NA," "," "," ",NA," "," "," ",NA," "," "," ",NA," "," "," ",NA," "," "," ",NA," "," "," ",0," "," ","7",0," "," ","7",0," "," ","7",NA," "," "," "
"3523","USC00359461",2016,4,"SNWD",0," "," ","7",0," "," ","7",0," "," ","7",0," "," ","7",0," "," ","7",0," "," ","7",NA," "," "," ",NA," "," "," ",NA," "," "," ",NA," "," "," ",NA," "," "," ",NA," "," "," ",NA," "," "," ",NA," "," "," ",NA," "," "," ",NA," "," "," ",NA," "," "," ",NA," "," "," ",NA," "," "," ",NA," "," "," ",NA," "," "," ",NA," "," "," ",NA," "," "," ",NA," "," "," ",NA," "," "," ",NA," "," "," ",NA," "," "," ",0," "," ","7",0," "," ","7",0," "," ","7",NA," "," "," "
"3524","USC00359461",2016,4,"SN32",NA," "," "," ",100," "," ","7",117," ","I","7",100," "," ","7",117," "," ","7",128," ","I","7",117," "," ","7",133," "," ","7",150," "," ","7",156," "," ","7",139," "," ","7",139," "," ","7",144," "," ","7",139," "," ","7",122," "," ","7",122," "," ","7",117," "," ","7",117," "," ","7",117," "," ","7",117," "," ","7",111," "," ","7",144," "," ","7",133," "," ","7",139," "," ","7",128," "," ","7",117," "," ","7",117," "," ","7",89," "," ","7",122," "," ","7",128," "," ","7",NA," "," "," "
"3525","USC00359461",2016,4,"SX32",NA," "," "," ",100," "," ","7",106," "," ","7",111," "," ","7",117," ","I","7",128," "," ","7",133," "," ","7",150," "," ","7",156," "," ","7",156," "," ","7",156," "," ","7",144," "," ","7",144," "," ","7",139," "," ","7",144," "," ","7",144," "," ","7",144," "," ","7",150," "," ","7",161," "," ","7",172," "," ","7",167," "," ","7",161," "," ","7",144," "," ","7",167," "," ","7",161," "," ","7",128," "," ","7",122," "," ","7",94," ","I","7",128," "," ","7",128," "," ","7",NA," "," "," "
"3526","USC00359461",2016,5,"TMAX",183," "," ","7",294," "," ","7",294," "," ","7",206," "," ","7",217," "," ","7",172," "," ","7",250," "," ","7",278," "," ","7",189," "," ","7",211," "," ","7",261," "," ","7",317," "," ","7",300," "," ","7",306," "," ","7",156," "," ","7",206," "," ","7",183," "," ","7",250," "," ","7",256," "," ","7",239," "," ","7",222," "," ","7",267," "," ","7",217," "," ","7",200," "," ","7",206," "," ","7",150," "," ","7",167," "," ","7",200," "," ","7",250," "," ","7",250," "," ","7",283," "," ","7"
"3527","USC00359461",2016,5,"TMIN",89," "," ","7",56," "," ","7",100," "," ","7",94," "," ","7",89," "," ","7",83," "," ","7",89," "," ","7",94," "," ","7",83," "," ","7",44," "," ","7",50," "," ","7",83," "," ","7",100," "," ","7",78," "," ","7",94," "," ","7",117," "," ","7",100," "," ","7",89," "," ","7",89," "," ","7",83," "," ","7",83," "," ","7",61," "," ","7",94," "," ","7",89," "," ","7",106," "," ","7",117," "," ","7",94," "," ","7",94," "," ","7",72," "," ","7",83," "," ","7",78," "," ","7"
"3528","USC00359461",2016,5,"TOBS",89," "," ","7",100," "," ","7",100," "," ","7",100," "," ","7",128," "," ","7",100," "," ","7",111," "," ","7",117," "," ","7",94," "," ","7",61," "," ","7",83," "," ","7",106," "," ","7",100," "," ","7",122," "," ","7",122," "," ","7",128," "," ","7",111," "," ","7",122," "," ","7",111," "," ","7",100," "," ","7",100," "," ","7",106," "," ","7",111," "," ","7",106," "," ","7",128," "," ","7",117," "," ","7",94," "," ","7",111," "," ","7",83," "," ","7",83," "," ","7",78," "," ","7"
"3529","USC00359461",2016,5,"PRCP",0," "," ","7",0," "," ","7",0," "," ","7",61," "," ","7",13," "," ","7",0," "," ","7",0," "," ","7",0," "," ","7",0," "," ","7",0," "," ","7",0," "," ","7",0," "," ","7",0," "," ","7",8," "," ","7",69," "," ","7",8," "," ","7",0," "," ","7",0," "," ","7",0," "," ","7",20," "," ","7",0," "," ","7",3," "," ","7",15," "," ","7",0," "," ","7",0," "," ","7",0," "," ","7",0," "," ","7",0," "," ","7",0," "," ","7",0," "," ","7",0," "," ","7"
"3530","USC00359461",2016,5,"SNOW",0," "," ","7",0," "," ","7",0," "," ","7",0," "," ","7",NA," "," "," ",NA," "," "," ",NA," "," "," ",NA," "," "," ",NA," "," "," ",NA," "," "," ",NA," "," "," ",NA," "," "," ",0," "," ","7",NA," "," "," ",NA," "," "," ",NA," "," "," ",NA," "," "," ",NA," "," "," ",NA," "," "," ",NA," "," "," ",NA," "," "," ",NA," "," "," ",NA," "," "," ",NA," "," "," ",NA," "," "," ",0," "," ","7",0," "," ","7",NA," "," "," ",NA," "," "," ",NA," "," "," ",NA," "," "," "
"3531","USC00359461",2016,5,"SNWD",0," "," ","7",0," "," ","7",0," "," ","7",0," "," ","7",NA," "," "," ",NA," "," "," ",NA," "," "," ",NA," "," "," ",NA," "," "," ",NA," "," "," ",NA," "," "," ",NA," "," "," ",0," "," ","7",NA," "," "," ",NA," "," "," ",NA," "," "," ",NA," "," "," ",NA," "," "," ",NA," "," "," ",NA," "," "," ",NA," "," "," ",NA," "," "," ",NA," "," "," ",NA," "," "," ",NA," "," "," ",0," "," ","7",0," "," ","7",NA," "," "," ",NA," "," "," ",NA," "," "," ",NA," "," "," "
"3532","USC00359461",2016,5,"SN32",128," "," ","7",128," "," ","7",NA," "," "," ",172," ","I","7",150," "," ","7",144," "," ","7",139," "," ","7",161," "," ","7",161," "," ","7",161," "," ","7",167," "," ","7",183," "," ","7",172," "," ","7",206," ","I","7",183," "," ","7",183," "," ","7",178," "," ","7",167," "," ","7",167," "," ","7",161," "," ","7",167," "," ","7",167," "," ","7",172," "," ","7",161," "," ","7",167," "," ","7",172," "," ","7",178," "," ","7",178," "," ","7",NA," "," "," ",NA," "," "," ",NA," "," "," "
"3533","USC00359461",2016,5,"SX32",128," "," ","7",156," "," ","7",NA," "," "," ",183," "," ","7",150," ","I","7",144," "," ","7",161," "," ","7",178," "," ","7",172," "," ","7",172," "," ","7",183," "," ","7",194," "," ","7",183," ","I","7",206," "," ","7",211," "," ","7",211," "," ","7",211," "," ","7",206," "," ","7",183," "," ","7",172," "," ","7",178," "," ","7",172," "," ","7",183," "," ","7",167," "," ","7",178," "," ","7",178," "," ","7",178," "," ","7",200," "," ","7",NA," "," "," ",NA," "," "," ",NA," "," "," "
"3534","USC00359461",2016,6,"TMAX",322," "," ","7",322," "," ","7",289," "," ","7",328," "," ","7",361," "," ","7",344," "," ","7",339," "," ","7",350," "," ","7",228," "," ","7",228," "," ","7",200," "," ","7",228," "," ","7",278," "," ","7",217," "," ","7",167," "," ","7",189," "," ","7",172," "," ","7",206," "," ","7",233," "," ","7",222," "," ","7",256," "," ","7",261," "," ","7",267," "," ","7",239," "," ","7",244," "," ","7",289," "," ","7",322," "," ","7",317," "," ","7",283," "," ","7",294," "," ","7",NA," "," "," "
"3535","USC00359461",2016,6,"TMIN",78," "," ","7",117," "," ","7",128," "," ","7",128," "," ","7",128," "," ","7",161," "," ","7",161," "," ","7",139," "," ","7",94," "," ","7",83," "," ","7",78," "," ","7",67," "," ","7",72," "," ","7",83," "," ","7",56," "," ","7",72," "," ","7",72," "," ","7",78," "," ","7",61," "," ","7",78," "," ","7",100," "," ","7",117," "," ","7",122," "," ","7",100," "," ","7",100," "," ","7",111," "," ","7",111," "," ","7",133," "," ","7",111," "," ","7",117," "," ","7",NA," "," "," "
"3536","USC00359461",2016,6,"TOBS",122," "," ","7",144," "," ","7",144," "," ","7",167," "," ","7",167," "," ","7",178," "," ","7",178," "," ","7",139," "," ","7",128," "," ","7",111," "," ","7",106," "," ","7",72," "," ","7",122," "," ","7",106," "," ","7",83," "," ","7",78," "," ","7",78," "," ","7",161," "," ","7",78," "," ","7",117," "," ","7",122," "," ","7",122," "," ","7",139," "," ","7",100," "," ","7",117," "," ","7",111," "," ","7",144," "," ","7",133," "," ","7",150," "," ","7",156," "," ","7",NA," "," "," "
"3537","USC00359461",2016,6,"PRCP",0," "," ","7",0," "," ","7",0," "," ","7",0," "," ","7",0," "," ","7",0," "," ","7",0," "," ","7",0," "," ","7",0," "," ","7",0," "," ","7",13," "," ","7",0," "," ","7",0," "," ","7",127," "," ","7",58," "," ","7",117," "," ","7",0," "," ","7",23," "," ","7",25," "," ","7",0," "," ","7",0," "," ","7",0," "," ","7",0," "," ","7",0," "," ","7",0," "," ","7",0," "," ","7",0," "," ","7",0," "," ","7",0," "," ","7",0," "," ","7",NA," "," "," "
"3538","USC00359461",2016,6,"SN32",NA," "," "," ",206," "," ","7",222," "," ","7",222," "," ","7",233," "," ","7",244," "," ","7",256," "," ","7",256," ","I","7",244," ","I","7",233," ","I","7",222," "," ","7",228," "," ","7",217," "," ","7",217," "," ","7",206," "," ","7",183," "," ","7",167," "," ","7",178," "," ","7",183," "," ","7",183," "," ","7",183," "," ","7",200," "," ","7",206," "," ","7",206," "," ","7",206," "," ","7",211," "," ","7",228," "," ","7",228," "," ","7",233," "," ","7",244," "," ","7",NA," "," "," "
"3539","USC00359461",2016,6,"SX32",NA," "," "," ",222," "," ","7",228," "," ","7",233," "," ","7",244," "," ","7",256," "," ","7",261," "," ","7",261," "," ","7",244," ","I","7",233," ","I","7",222," ","I","7",228," "," ","7",228," "," ","7",228," "," ","7",222," "," ","7",239," "," ","7",178," "," ","7",183," "," ","7",189," "," ","7",189," "," ","7",206," "," ","7",206," "," ","7",206," "," ","7",206," "," ","7",211," "," ","7",228," "," ","7",228," "," ","7",239," "," ","7",244," "," ","7",250," "," ","7",NA," "," "," "
"3540","USC00359461",2016,7,"TMAX",289," "," ","7",300," "," ","7",328," "," ","7",317," "," ","7",278," "," ","7",289," "," ","7",306," "," ","7",306," "," ","7",239," "," ","7",250," "," ","7",206," "," ","7",278," "," ","7",250," "," ","7",278," "," ","7",294," "," ","7",278," "," ","7",267," "," ","7",222," "," ","7",250," "," ","7",256," "," ","7",272," "," ","7",250," "," ","7",300," "," ","7",306," "," ","7",294," "," ","7",311," "," ","7",339," "," ","7",333," "," ","7",350," "," ","7",367," "," ","7",322," "," ","7"
"3541","USC00359461",2016,7,"TMIN",128," "," ","7",133," "," ","7",122," "," ","7",122," "," ","7",122," "," ","7",106," "," ","7",106," "," ","7",139," "," ","7",133," "," ","7",111," "," ","7",111," "," ","7",128," "," ","7",122," "," ","7",122," "," ","7",128," "," ","7",122," "," ","7",144," "," ","7",150," "," ","7",139," "," ","7",111," "," ","7",122," "," ","7",133," "," ","7",133," "," ","7",133," "," ","7",133," "," ","7",133," "," ","7",150," "," ","7",150," "," ","7",161," "," ","7",144," "," ","7",128," "," ","7"
"3542","USC00359461",2016,7,"TOBS",144," "," ","7",167," "," ","7",128," "," ","7",139," "," ","7",122," "," ","7",106," "," ","7",150," "," ","7",161," "," ","7",144," "," ","7",139," "," ","7",128," "," ","7",150," "," ","7",139," "," ","7",133," "," ","7",144," "," ","7",150," "," ","7",161," "," ","7",172," "," ","7",161," "," ","7",122," "," ","7",139," "," ","7",139," "," ","7",133," "," ","7",139," "," ","7",133," "," ","7",150," "," ","7",150," "," ","7",167," "," ","7",172," "," ","7",167," "," ","7",133," "," ","7"
"3543","USC00359461",2016,7,"PRCP",0," "," ","7",0," "," ","7",0," "," ","7",0," "," ","7",0," "," ","7",0," "," ","7",0," "," ","7",147," "," ","7",76," "," ","7",0," "," ","7",25," "," ","7",0," "," ","7",0," "," ","7",0," "," ","7",0," "," ","7",0," "," ","7",0," "," ","7",0," "," ","7",0," "," ","7",0," "," ","7",0," "," ","7",0," "," ","7",0," "," ","7",0," "," ","7",0," "," ","7",0," "," ","7",0," "," ","7",0," "," ","7",0," "," ","7",0," "," ","7",0," "," ","7"
"3544","USC00359461",2016,7,"SN32",244," "," ","7",250," "," ","7",250," "," ","7",256," "," ","7",256," "," ","7",256," "," ","7",261," "," ","7",256," "," ","7",239," "," ","7",256," ","I","7",211," "," ","7",206," "," ","7",211," "," ","7",211," "," ","7",222," "," ","7",233," "," ","7",233," "," ","7",233," "," ","7",228," "," ","7",233," "," ","7",233," "," ","7",239," "," ","7",233," "," ","7",244," "," ","7",244," "," ","7",250," "," ","7",250," "," ","7",250," "," ","7",261," "," ","7",272," "," ","7",272," "," ","7"
"3545","USC00359461",2016,7,"SX32",250," "," ","7",250," "," ","7",261," "," ","7",261," "," ","7",261," "," ","7",261," "," ","7",261," "," ","7",261," "," ","7",239," ","I","7",256," "," ","7",211," "," ","7",222," "," ","7",261," "," ","7",261," "," ","7",233," "," ","7",239," "," ","7",233," "," ","7",233," "," ","7",233," "," ","7",233," "," ","7",244," "," ","7",244," "," ","7",244," "," ","7",244," "," ","7",250," "," ","7",250," "," ","7",256," "," ","7",261," "," ","7",267," "," ","7",278," "," ","7",272," "," ","7"
"3546","USC00359461",2016,8,"TMAX",289," "," ","7",322," "," ","7",300," "," ","7",294," "," ","7",344," "," ","7",300," "," ","7",300," "," ","7",NA," "," "," ",283," "," ","7",267," "," ","7",294," "," ","7",344," "," ","7",367," "," ","7",372," "," ","7",356," "," ","7",356," "," ","7",350," "," ","7",339," "," ","7",372," "," ","7",406," "," ","7",361," "," ","7",322," "," ","7",322," "," ","7",333," "," ","7",328," "," ","7",350," "," ","7",361," "," ","7",333," "," ","7",322," "," ","7",289," "," ","7",261," "," ","7"
"3547","USC00359461",2016,8,"TMIN",133," "," ","7",106," "," ","7",111," "," ","7",122," "," ","7",156," "," ","7",122," "," ","7",111," "," ","7",NA," "," "," ",144," "," ","7",122," "," ","7",122," "," ","7",128," "," ","7",144," "," ","7",161," "," ","7",144," "," ","7",150," "," ","7",161," "," ","7",161," "," ","7",128," "," ","7",128," "," ","7",117," "," ","7",117," "," ","7",89," "," ","7",89," "," ","7",89," "," ","7",117," "," ","7",111," "," ","7",111," "," ","7",111," "," ","7",111," "," ","7",94," "," ","7"
"3548","USC00359461",2016,8,"TOBS",139," "," ","7",128," "," ","7",122," "," ","7",167," "," ","7",167," "," ","7",128," "," ","7",122," "," ","7",NA," "," "," ",161," "," ","7",156," "," ","7",139," "," ","7",144," "," ","7",161," "," ","7",183," "," ","7",167," "," ","7",172," "," ","7",178," "," ","7",183," "," ","7",128," "," ","7",172," "," ","7",117," "," ","7",128," "," ","7",89," "," ","7",89," "," ","7",117," "," ","7",122," "," ","7",111," "," ","7",139," "," ","7",111," "," ","7",139," "," ","7",94," "," ","7"
"3549","USC00359461",2016,8,"PRCP",0," "," ","7",0," "," ","7",0," "," ","7",0," "," ","7",0," "," ","7",0," "," ","7",0," "," ","7",NA," "," "," ",0," "," ","7",0," "," ","7",0," "," ","7",0," "," ","7",0," "," ","7",0," "," ","7",0," "," ","7",0," "," ","7",0," "," ","7",0," "," ","7",0," "," ","7",0," "," ","7",0," "," ","7",0," "," ","7",0," "," ","7",0," "," ","7",0," "," ","7",0," "," ","7",0," "," ","7",0," "," ","7",0," "," ","7",0," "," ","7",0," "," ","7"
"3550","USC00359461",2016,8,"SN32",267," "," ","7",261," "," ","7",261," "," ","7",256," "," ","7",261," "," ","7",256," "," ","7",256," "," ","7",NA," "," "," ",256," "," ","7",256," "," ","7",256," "," ","7",256," "," ","7",261," "," ","7",256," "," ","7",256," "," ","7",267," "," ","7",267," "," ","7",272," "," ","7",278," "," ","7",278," "," ","7",283," "," ","7",283," "," ","7",267," "," ","7",267," "," ","7",261," "," ","7",267," "," ","7",272," "," ","7",272," "," ","7",267," "," ","7",261," "," ","7",256," "," ","7"
"3551","USC00359461",2016,8,"SX32",272," "," ","7",267," "," ","7",267," "," ","7",256," "," ","7",267," "," ","7",261," "," ","7",261," "," ","7",NA," "," "," ",256," "," ","7",256," "," ","7",261," "," ","7",261," "," ","7",267," "," ","7",267," "," ","7",267," "," ","7",267," "," ","7",272," "," ","7",278," "," ","7",278," "," ","7",283," "," ","7",294," "," ","7",283," "," ","7",283," "," ","7",267," "," ","7",267," "," ","7",272," "," ","7",272," "," ","7",272," "," ","7",272," "," ","7",267," "," ","7",261," "," ","7"
"3552","USC00359461",2016,9,"TMAX",272," "," ","7",239," "," ","7",256," "," ","7",244," "," ","7",233," "," ","7",256," "," ","7",233," "," ","7",256," "," ","7",233," "," ","7",294," "," ","7",317," "," ","7",267," "," ","7",272," "," ","7",278," "," ","7",261," "," ","7",278," "," ","7",322," "," ","7",300," "," ","7",267," "," ","7",239," "," ","7",244," "," ","7",217," "," ","7",222," "," ","7",161," "," ","7",256," "," ","7",294," "," ","7",339," "," ","7",267," "," ","7",256," "," ","7",239," "," ","7",NA," "," "," "
"3553","USC00359461",2016,9,"TMIN",94," "," ","7",111," "," ","7",100," "," ","7",100," "," ","7",89," "," ","7",83," "," ","7",111," "," ","7",89," "," ","7",89," "," ","7",89," "," ","7",106," "," ","7",61," "," ","7",72," "," ","7",61," "," ","7",61," "," ","7",67," "," ","7",78," "," ","7",111," "," ","7",122," "," ","7",122," "," ","7",83," "," ","7",78," "," ","7",61," "," ","7",72," "," ","7",72," "," ","7",72," "," ","7",89," "," ","7",100," "," ","7",72," "," ","7",56," "," ","7",NA," "," "," "
"3554","USC00359461",2016,9,"TOBS",128," "," ","7",133," "," ","7",122," "," ","7",111," "," ","7",100," "," ","7",111," "," ","7",167," "," ","7",111," "," ","7",111," "," ","7",106," "," ","7",150," "," ","7",83," "," ","7",83," "," ","7",78," "," ","7",67," "," ","7",78," "," ","7",111," "," ","7",183," "," ","7",122," "," ","7",122," "," ","7",83," "," ","7",100," "," ","7",72," "," ","7",117," "," ","7",72," "," ","7",89," "," ","7",100," "," ","7",106," "," ","7",89," "," ","7",83," "," ","7",NA," "," "," "
"3555","USC00359461",2016,9,"PRCP",0," "," ","7",0," "," ","7",0," "," ","7",0," "," ","7",0," "," ","7",0," "," ","7",10," "," ","7",0," "," ","7",0," "," ","7",0," "," ","7",0," "," ","7",0," "," ","7",0," "," ","7",0," "," ","7",0," "," ","7",0," "," ","7",0," "," ","7",0," "," ","7",0," "," ","7",0," "," ","7",0," "," ","7",0," "," ","7",0," "," ","7",15," "," ","7",0," "," ","7",0," "," ","7",0," "," ","7",0," "," ","7",0," "," ","7",0," "," ","7",NA," "," "," "
"3556","USC00359461",2016,9,"SN32",256," "," ","7",244," "," ","7",244," "," ","7",239," "," ","7",239," "," ","7",233," "," ","7",233," "," ","7",217," "," ","7",211," "," ","7",222," "," ","7",217," "," ","7",222," "," ","7",222," "," ","7",217," "," ","7",228," "," ","7",228," "," ","7",228," "," ","7",228," "," ","7",228," "," ","7",217," "," ","7",217," "," ","7",211," "," ","7",206," "," ","7",194," "," ","7",189," "," ","7",194," "," ","7",200," "," ","7",200," "," ","7",206," "," ","7",206," "," ","7",NA," "," "," "
"3557","USC00359461",2016,9,"SX32",256," "," ","7",250," "," ","7",256," "," ","7",250," "," ","7",250," "," ","7",233," "," ","7",250," "," ","7",244," "," ","7",222," "," ","7",222," "," ","7",222," "," ","7",228," "," ","7",228," "," ","7",228," "," ","7",228," "," ","7",228," "," ","7",239," "," ","7",228," "," ","7",228," "," ","7",228," "," ","7",217," "," ","7",211," "," ","7",211," "," ","7",211," "," ","7",194," "," ","7",200," "," ","7",211," "," ","7",211," "," ","7",206," "," ","7",206," "," ","7",NA," "," "," "
"3558","USC00359461",2016,10,"TMAX",206," "," ","7",211," "," ","7",211," "," ","7",211," "," ","7",200," "," ","7",189," "," ","7",200," "," ","7",217," "," ","7",239," "," ","7",256," "," ","7",200," "," ","7",167," "," ","7",228," "," ","7",178," "," ","7",156," "," ","7",144," "," ","7",128," "," ","7",161," "," ","7",172," "," ","7",178," "," ","7",178," "," ","7",156," "," ","7",167," "," ","7",167," "," ","7",144," "," ","7",172," "," ","7",200," "," ","7",167," "," ","7",178," "," ","7",178," "," ","7",178," "," ","7"
"3559","USC00359461",2016,10,"TMIN",67," "," ","7",72," "," ","7",67," "," ","7",72," "," ","7",89," "," ","7",83," "," ","7",106," "," ","7",117," "," ","7",133," "," ","7",139," "," ","7",100," "," ","7",94," "," ","7",111," "," ","7",117," "," ","7",117," "," ","7",106," "," ","7",94," "," ","7",94," "," ","7",72," "," ","7",50," "," ","7",100," "," ","7",56," "," ","7",50," "," ","7",56," "," ","7",50," "," ","7",50," "," ","7",89," "," ","7",33," "," ","7",56," "," ","7",83," "," ","7",72," "," ","7"
"3560","USC00359461",2016,10,"TOBS",72," "," ","7",100," "," ","7",89," "," ","7",117," "," ","7",117," "," ","7",106," "," ","7",139," "," ","7",139," "," ","7",150," "," ","7",150," "," ","7",122," "," ","7",111," "," ","7",117," "," ","7",117," "," ","7",122," "," ","7",106," "," ","7",106," "," ","7",100," "," ","7",72," "," ","7",100," "," ","7",117," "," ","7",56," "," ","7",72," "," ","7",56," "," ","7",50," "," ","7",100," "," ","7",111," "," ","7",56," "," ","7",106," "," ","7",100," "," ","7",89," "," ","7"
"3561","USC00359461",2016,10,"PRCP",51," "," ","7",114," "," ","7",51," "," ","7",41," "," ","7",53," "," ","7",66," "," ","7",15," "," ","7",0," "," ","7",0," "," ","7",0," "," ","7",18," "," ","7",0," "," ","7",25," "," ","7",450," "," ","7",122," "," ","7",310," "," ","7",249," "," ","7",163," "," ","7",38," "," ","7",0,"T"," ","7",58," "," ","7",51," "," ","7",3," "," ","7",0,"T"," ","7",84," "," ","7",122," "," ","7",249," "," ","7",91," "," ","7",69," "," ","7",15," "," ","7",8," "," ","7"
"3562","USC00359461",2016,10,"SN32",139," "," ","7",189," "," ","7",178," "," ","7",167," "," ","7",172," ","I","7",156," "," ","7",156," "," ","7",156," "," ","7",156," "," ","7",167," "," ","7",161," "," ","7",150," "," ","7",156," "," ","7",156," "," ","7",150," "," ","7",144," "," ","7",128," "," ","7",128," "," ","7",133," "," ","7",122," "," ","7",128," "," ","7",122," "," ","7",122," "," ","7",122," "," ","7",111," "," ","7",117," "," ","7",122," "," ","7",117," "," ","7",117," "," ","7",117," "," ","7",NA," "," "," "
"3563","USC00359461",2016,10,"SX32",144," ","I","7",211," "," ","7",189," "," ","7",189," "," ","7",189," "," ","7",161," ","I","7",161," "," ","7",161," "," ","7",167," "," ","7",167," "," ","7",167," "," ","7",156," "," ","7",161," "," ","7",156," "," ","7",156," "," ","7",150," "," ","7",144," "," ","7",133," "," ","7",133," "," ","7",128," "," ","7",128," "," ","7",128," "," ","7",122," "," ","7",122," "," ","7",122," "," ","7",117," "," ","7",128," "," ","7",117," "," ","7",117," "," ","7",117," "," ","7",NA," "," "," "
"3564","USC00359461",2016,11,"TMAX",178," "," ","7",183," "," ","7",211," "," ","7",194," "," ","7",194," "," ","7",167," "," ","7",172," "," ","7",172," "," ","7",194," "," ","7",189," "," ","7",167," "," ","7",189," "," ","7",183," "," ","7",200," "," ","7",150," "," ","7",150," "," ","7",117," "," ","7",128," "," ","7",100," "," ","7",167," "," ","7",150," "," ","7",133," "," ","7",100," "," ","7",189," "," ","7",144," "," ","7",156," "," ","7",156," "," ","7",156," "," ","7",161," "," ","7",128," "," ","7",NA," "," "," "
"3565","USC00359461",2016,11,"TMIN",67," "," ","7",78," "," ","7",56," "," ","7",22," "," ","7",44," "," ","7",61," "," ","7",67," "," ","7",78," "," ","7",89," "," ","7",100," "," ","7",94," "," ","7",78," "," ","7",72," "," ","7",83," "," ","7",100," "," ","7",39," "," ","7",33," "," ","7",22," "," ","7",17," "," ","7",61," "," ","7",61," "," ","7",11," "," ","7",17," "," ","7",56," "," ","7",72," "," ","7",28," "," ","7",28," "," ","7",33," "," ","7",33," "," ","7",33," "," ","7",NA," "," "," "
"3566","USC00359461",2016,11,"TOBS",83," "," ","7",100," "," ","7",78," "," ","7",50," "," ","7",61," "," ","7",72," "," ","7",78," "," ","7",89," "," ","7",100," "," ","7",100," "," ","7",94," "," ","7",139," "," ","7",106," "," ","7",122," "," ","7",133," "," ","7",67," "," ","7",39," "," ","7",22," "," ","7",72," "," ","7",83," "," ","7",89," "," ","7",39," "," ","7",56," "," ","7",111," "," ","7",89," "," ","7",50," "," ","7",50," "," ","7",61," "," ","7",56," "," ","7",67," "," ","7",NA," "," "," "
"3567","USC00359461",2016,11,"PRCP",8," "," ","7",0," "," ","7",0," "," ","7",0," "," ","7",0," "," ","7",147," "," ","7",0," "," ","7",0," "," ","7",0," "," ","7",0," "," ","7",0," "," ","7",13," "," ","7",3," "," ","7",13," "," ","7",119," "," ","7",132," "," ","7",33," "," ","7",0,"T"," ","7",20," "," ","7",127," "," ","7",79," "," ","7",15," "," ","7",102," "," ","7",38," "," ","7",38," "," ","7",18," "," ","7",102," "," ","7",74," "," ","7",58," "," ","7",61," "," ","7",NA," "," "," "
"3568","USC00359461",2016,11,"SN32",117," "," ","7",117," "," ","7",122," ","I","7",111," "," ","7",106," "," ","7",106," "," ","7",106," "," ","7",106," "," ","7",106," "," ","7",111," "," ","7",111," "," ","7",111," "," ","7",111," "," ","7",111," "," ","7",111," "," ","7",106," "," ","7",94," "," ","7",94," "," ","7",83," "," ","7",83," "," ","7",83," "," ","7",83," "," ","7",78," "," ","7",72," "," ","7",78," "," ","7",72," "," ","7",72," "," ","7",72," "," ","7",67," "," ","7",72," "," ","7",NA," "," "," "
"3569","USC00359461",2016,11,"SX32",117," "," ","7",117," "," ","7",122," "," ","7",111," ","I","7",106," "," ","7",106," "," ","7",111," "," ","7",111," "," ","7",111," "," ","7",111," "," ","7",111," "," ","7",111," "," ","7",111," "," ","7",111," "," ","7",111," "," ","7",117," "," ","7",100," "," ","7",94," "," ","7",94," "," ","7",89," "," ","7",94," "," ","7",83," "," ","7",78," "," ","7",72," "," ","7",78," "," ","7",72," "," ","7",78," "," ","7",72," "," ","7",72," "," ","7",72," "," ","7",NA," "," "," "
"3570","USC00359461",2016,12,"TMAX",100," "," ","7",100," "," ","7",100," "," ","7",89," "," ","7",128," "," ","7",83," "," ","7",83," "," ","7",11," "," ","7",72," "," ","7",89," "," ","7",100," "," ","7",83," "," ","7",78," "," ","7",33," "," ","7",78," "," ","7",72," "," ","7",33," "," ","7",39," "," ","7",17," "," ","7",67," "," ","7",106," "," ","7",56," "," ","7",89," "," ","7",78," "," ","7",83," "," ","7",72," "," ","7",72," "," ","7",106," "," ","7",100," "," ","7",106," "," ","7",106," "," ","7"
"3571","USC00359461",2016,12,"TMIN",33," "," ","7",22," "," ","7",44," "," ","7",61," "," ","7",17," "," ","7",6," "," ","7",-33," "," ","7",-39," "," ","7",-11," "," ","7",67," "," ","7",50," "," ","7",50," "," ","7",17," "," ","7",11," "," ","7",6," "," ","7",-6," "," ","7",-50," "," ","7",-50," "," ","7",-44," "," ","7",-22," "," ","7",-6," "," ","7",-17," "," ","7",-11," "," ","7",0," "," ","7",-22," "," ","7",-50," "," ","7",-33," "," ","7",22," "," ","7",-17," "," ","7",-6," "," ","7",6," "," ","7"
"3572","USC00359461",2016,12,"TOBS",50," "," ","7",44," "," ","7",61," "," ","7",78," "," ","7",33," "," ","7",28," "," ","7",-11," "," ","7",11," "," ","7",72," "," ","7",67," "," ","7",50," "," ","7",50," "," ","7",17," "," ","7",11," "," ","7",17," "," ","7",-6," "," ","7",-50," "," ","7",-44," "," ","7",-22," "," ","7",39," "," ","7",-6," "," ","7",6," "," ","7",56," "," ","7",17," "," ","7",0," "," ","7",-33," "," ","7",44," "," ","7",39," "," ","7",-6," "," ","7",6," "," ","7",33," "," ","7"
"3573","USC00359461",2016,12,"PRCP",61," "," ","7",0," "," ","7",5," "," ","7",8," "," ","7",84," "," ","7",79," "," ","7",13," "," ","7",58," "," ","7",66," "," ","7",211," "," ","7",25," "," ","7",46," "," ","7",0," "," ","7",130," "," ","7",612," "," ","7",25," "," ","7",0," "," ","7",0," "," ","7",0," "," ","7",46," "," ","7",25," "," ","7",3," "," ","7",112," "," ","7",114," "," ","7",0," "," ","7",0," "," ","7",18," "," ","7",41," "," ","7",0," "," ","7",18," "," ","7",0," "," ","7"
"3574","USC00359461",2016,12,"SN32",72," "," ","7",72," "," ","7",61," "," ","7",67," ","I","7",56," "," ","7",56," "," ","7",50," "," ","7",44," "," ","7",44," "," ","7",44," "," ","7",44," "," ","7",44," "," ","7",44," "," ","7",44," "," ","7",33," "," ","7",28," "," ","7",22," "," ","7",17," "," ","7",11," "," ","7",11," "," ","7",11," "," ","7",22," "," ","7",22," "," ","7",22," "," ","7",22," "," ","7",22," "," ","7",22," "," ","7",22," "," ","7",17," "," ","7",17," "," ","7",17," "," ","7"
"3575","USC00359461",2016,12,"SX32",72," "," ","7",72," "," ","7",72," "," ","7",72," "," ","7",56," ","I","7",56," "," ","7",56," "," ","7",50," "," ","7",50," "," ","7",44," "," ","7",44," "," ","7",44," "," ","7",44," "," ","7",44," "," ","7",50," "," ","7",33," "," ","7",28," "," ","7",22," "," ","7",22," "," ","7",11," "," ","7",22," "," ","7",22," "," ","7",28," "," ","7",22," "," ","7",22," "," ","7",22," "," ","7",22," "," ","7",22," "," ","7",17," "," ","7",17," "," ","7",22," "," ","7"
"3576","USC00359461",2017,1,"TMAX",111," "," ","7",22," "," ","7",61," "," ","7",0," "," ","7",6," "," ","7",11," "," ","7",28," "," ","7",39," "," ","7",61," "," ","7",50," "," ","7",39," "," ","7",111," "," ","7",22," "," ","7",50," "," ","7",33," "," ","7",28," "," ","7",100," "," ","7",144," "," ","7",133," "," ","7",133," "," ","7",78," "," ","7",100," "," ","7",111," "," ","7",117," "," ","7",122," "," ","7",83," "," ","7",100," "," ","7",111," "," ","7",122," "," ","7",139," "," ","7",144," "," ","7"
"3577","USC00359461",2017,1,"TMIN",6," "," ","7",-6," "," ","7",-33," "," ","7",-33," "," ","7",-61," "," ","7",-61," "," ","7",-50," "," ","7",-28," "," ","7",11," "," ","7",17," "," ","7",17," "," ","7",-17," "," ","7",-17," "," ","7",-11," "," ","7",-17," "," ","7",-17," "," ","7",-11," "," ","7",0," "," ","7",33," "," ","7",33," "," ","7",33," "," ","7",28," "," ","7",-6," "," ","7",-39," "," ","7",-22," "," ","7",17," "," ","7",0," "," ","7",-6," "," ","7",-28," "," ","7",-6," "," ","7",11," "," ","7"
"3578","USC00359461",2017,1,"TOBS",17," "," ","7",11," "," ","7",-11," "," ","7",-11," "," ","7",-61," "," ","7",-50," "," ","7",0," "," ","7",11," "," ","7",17," "," ","7",17," "," ","7",28," "," ","7",-11," "," ","7",-11," "," ","7",-6," "," ","7",-17," "," ","7",-6," "," ","7",0," "," ","7",94," "," ","7",56," "," ","7",61," "," ","7",56," "," ","7",39," "," ","7",11," "," ","7",-22," "," ","7",17," "," ","7",39," "," ","7",17," "," ","7",6," "," ","7",0," "," ","7",11," "," ","7",44," "," ","7"
"3579","USC00359461",2017,1,"PRCP",46," "," ","7",122," "," ","7",0," "," ","7",8," "," ","7",0," "," ","7",0," "," ","7",56," "," ","7",122," "," ","7",241," "," ","7",279," "," ","7",193," "," ","7",5," "," ","7",0,"T"," ","7",0," "," ","7",0," "," ","7",0," "," ","7",0,"T"," ","7",216," "," ","7",163," "," ","7",15," "," ","7",13," "," ","7",142," "," ","7",0," "," ","7",0," "," ","7",0," "," ","7",0," "," ","7",0," "," ","7",0," "," ","7",0," "," ","7",0," "," ","7",0," "," ","7"
"3580","USC00359461",2017,1,"SNOW",NA," "," "," ",NA," "," "," ",NA," "," "," ",76," "," ","7",NA," "," "," ",NA," "," "," ",NA," "," "," ",NA," "," "," ",NA," "," "," ",NA," "," "," ",NA," "," "," ",NA," "," "," ",NA," "," "," ",NA," "," "," ",NA," "," "," ",NA," "," "," ",NA," "," "," ",NA," "," "," ",NA," "," "," ",NA," "," "," ",NA," "," "," ",NA," "," "," ",NA," "," "," ",NA," "," "," ",NA," "," "," ",NA," "," "," ",NA," "," "," ",NA," "," "," ",NA," "," "," ",NA," "," "," ",NA," "," "," "
"3581","USC00359461",2017,1,"SNWD",NA," "," "," ",NA," "," "," ",NA," "," "," ",76," "," ","7",NA," "," "," ",NA," "," "," ",NA," "," "," ",NA," "," "," ",NA," "," "," ",NA," "," "," ",NA," "," "," ",NA," "," "," ",NA," "," "," ",NA," "," "," ",NA," "," "," ",NA," "," "," ",NA," "," "," ",NA," "," "," ",NA," "," "," ",NA," "," "," ",NA," "," "," ",NA," "," "," ",NA," "," "," ",NA," "," "," ",NA," "," "," ",NA," "," "," ",NA," "," "," ",NA," "," "," ",NA," "," "," ",NA," "," "," ",NA," "," "," "
"3582","USC00359461",2017,1,"SN32",17," "," ","7",11," "," ","7",11," "," ","7",6," "," ","7",6," "," ","7",6," "," ","7",0," "," ","7",6," "," ","7",11," "," ","7",6," "," ","7",6," "," ","7",-6," "," ","7",6," "," ","7",6," "," ","7",6," "," ","7",6," "," ","7",6," "," ","7",6," "," ","7",17," "," ","7",17," "," ","7",17," "," ","7",17," "," ","7",17," "," ","7",17," "," ","7",17," "," ","7",17," "," ","7",11," "," ","7",6," "," ","7",11," "," ","7",6," "," ","7",17," "," ","7"
"3583","USC00359461",2017,1,"SX32",17," "," ","7",17," "," ","7",17," "," ","7",17," "," ","7",6," "," ","7",6," "," ","7",6," "," ","7",6," "," ","7",11," "," ","7",6," "," ","7",6," "," ","7",6," "," ","7",6," "," ","7",6," "," ","7",6," "," ","7",6," "," ","7",6," "," ","7",17," "," ","7",28," "," ","7",28," "," ","7",28," "," ","7",28," "," ","7",28," "," ","7",22," "," ","7",28," "," ","7",17," "," ","7",17," "," ","7",17," "," ","7",17," "," ","7",17," "," ","7",17," "," ","7"
"3584","USC00359461",2017,2,"TMAX",128," "," ","7",61," "," ","7",122," "," ","7",117," "," ","7",172," "," ","7",111," "," ","7",117," "," ","7",100," "," ","7",150," "," ","7",161," "," ","7",117," "," ","7",117," "," ","7",94," "," ","7",128," "," ","7",172," "," ","7",183," "," ","7",128," "," ","7",NA," "," "," ",117," "," ","7",133," "," ","7",133," "," ","7",133," "," ","7",83," "," ","7",100," "," ","7",NA," "," "," ",106," "," ","7",89," "," ","7",83," "," ","7",NA," "," "," ",NA," "," "," ",NA," "," "," "
"3585","USC00359461",2017,2,"TMIN",28," "," ","7",17," "," ","7",28," "," ","7",72," "," ","7",50," "," ","7",50," "," ","7",44," "," ","7",44," "," ","7",28," "," ","7",50," "," ","7",6," "," ","7",-11," "," ","7",-6," "," ","7",6," "," ","7",11," "," ","7",78," "," ","7",56," "," ","7",NA," "," "," ",33," "," ","7",33," "," ","7",39," "," ","7",11," "," ","7",6," "," ","7",-17," "," ","7",NA," "," "," ",6," "," ","7",-11," "," ","7",6," "," ","7",NA," "," "," ",NA," "," "," ",NA," "," "," "
"3586","USC00359461",2017,2,"TOBS",50," "," ","7",28," "," ","7",72," "," ","7",100," "," ","7",50," "," ","7",56," "," ","7",44," "," ","7",56," "," ","7",106," "," ","7",50," "," ","7",11," "," ","7",0," "," ","7",11," "," ","7",11," "," ","7",139," "," ","7",94," "," ","7",72," "," ","7",NA," "," "," ",44," "," ","7",89," "," ","7",61," "," ","7",22," "," ","7",22," "," ","7",6," "," ","7",NA," "," "," ",22," "," ","7",6," "," ","7",39," "," ","7",NA," "," "," ",NA," "," "," ",NA," "," "," "
"3587","USC00359461",2017,2,"PRCP",0," "," ","7",8," "," ","7",102," "," ","7",56," "," ","7",38," "," ","7",58," "," ","7",178," "," ","7",28," "," ","7",145," "," ","7",157," "," ","7",8," "," ","7",0,"T"," ","7",0,"T"," ","7",0,"T"," ","7",0," "," ","7",368," "," ","7",89," "," ","7",NA," "," "," ",107," "," ","7",79," "," ","7",292," "," ","7",69," "," ","7",30," "," ","7",8," "," ","7",NA," "," "," ",0," "," ","7",165," "," ","7",33," "," ","7",NA," "," "," ",NA," "," "," ",NA," "," "," "
"3588","USC00359461",2017,2,"SN32",17," "," ","7",17," "," ","7",22," "," ","7",22," "," ","7",44," "," ","7",50," "," ","7",50," "," ","7",50," "," ","7",44," "," ","7",44," "," ","7",56," "," ","7",56," "," ","7",44," "," ","7",44," "," ","7",44," "," ","7",61," "," ","7",67," "," ","7",NA," "," "," ",67," "," ","7",67," "," ","7",67," "," ","7",67," ","I","7",50," "," ","7",50," "," ","7",NA," "," "," ",50," "," ","7",50," "," ","7",39," "," ","7",NA," "," "," ",NA," "," "," ",NA," "," "," "
"3589","USC00359461",2017,2,"SX32",17," "," ","7",22," "," ","7",22," "," ","7",44," "," ","7",50," "," ","7",50," "," ","7",50," "," ","7",50," "," ","7",56," "," ","7",67," "," ","7",67," "," ","7",56," "," ","7",56," "," ","7",50," "," ","7",56," "," ","7",67," "," ","7",67," "," ","7",NA," "," "," ",67," "," ","7",67," "," ","7",67," "," ","7",67," "," ","7",56," ","I","7",56," "," ","7",NA," "," "," ",61," "," ","7",56," "," ","7",44," "," ","7",NA," "," "," ",NA," "," "," ",NA," "," "," "
"3590","USC00359461",2017,3,"TMAX",89," "," ","7",133," "," ","7",106," "," ","7",117," "," ","7",111," "," ","7",56," "," ","7",61," "," ","7",94," "," ","7",150," "," ","7",167," "," ","7",194," "," ","7",172," "," ","7",189," "," ","7",183," "," ","7",172," "," ","7",144," "," ","7",139," "," ","7",183," "," ","7",128," "," ","7",156," "," ","7",161," "," ","7",194," "," ","7",189," "," ","7",161," "," ","7",144," "," ","7",139," "," ","7",128," "," ","7",128," "," ","7",194," "," ","7",128," "," ","7",100," "," ","7"
"3591","USC00359461",2017,3,"TMIN",11," "," ","7",22," "," ","7",22," "," ","7",11," "," ","7",-17," "," ","7",0," "," ","7",0," "," ","7",39," "," ","7",44," "," ","7",50," "," ","7",44," "," ","7",33," "," ","7",33," "," ","7",56," "," ","7",61," "," ","7",56," "," ","7",28," "," ","7",39," "," ","7",33," "," ","7",50," "," ","7",78," "," ","7",67," "," ","7",11," "," ","7",28," "," ","7",61," "," ","7",39," "," ","7",50," "," ","7",44," "," ","7",50," "," ","7",67," "," ","7",11," "," ","7"
"3592","USC00359461",2017,3,"TOBS",22," "," ","7",33," "," ","7",28," "," ","7",56," "," ","7",11," "," ","7",0," "," ","7",39," "," ","7",83," "," ","7",78," "," ","7",50," "," ","7",50," "," ","7",39," "," ","7",61," "," ","7",61," "," ","7",83," "," ","7",72," "," ","7",39," "," ","7",111," "," ","7",50," "," ","7",78," "," ","7",100," "," ","7",78," "," ","7",28," "," ","7",83," "," ","7",72," "," ","7",67," "," ","7",72," "," ","7",67," "," ","7",106," "," ","7",67," "," ","7",11," "," ","7"
"3593","USC00359461",2017,3,"PRCP",10," "," ","7",0," "," ","7",0," "," ","7",79," "," ","7",74," "," ","7",160," "," ","7",130," "," ","7",64," "," ","7",89," "," ","7",5," "," ","7",0," "," ","7",0," "," ","7",0," "," ","7",0," "," ","7",0," "," ","7",51," "," ","7",0," "," ","7",18," "," ","7",119," "," ","7",13," "," ","7",71," "," ","7",43," "," ","7",0," "," ","7",137," "," ","7",114," "," ","7",38," "," ","7",79," "," ","7",18," "," ","7",13," "," ","7",173," "," ","7",46," "," ","7"
"3594","USC00359461",2017,3,"SNOW",0," "," ","7",0," "," ","7",0," "," ","7",0," "," ","7",0," "," ","7",0," "," ","7",0," "," ","7",0," "," ","7",0," "," ","7",0," "," ","7",0," "," ","7",0," "," ","7",0," "," ","7",0," "," ","7",0," "," ","7",0," "," ","7",0," "," ","7",0," "," ","7",0," "," ","7",0," "," ","7",0," "," ","7",0," "," ","7",0," "," ","7",0," "," ","7",0," "," ","7",0," "," ","7",0," "," ","7",0," "," ","7",0," "," ","7",0," "," ","7",0," "," ","7"
"3595","USC00359461",2017,3,"SNWD",0," "," ","7",0," "," ","7",0," "," ","7",0," "," ","7",0," "," ","7",0," "," ","7",0," "," ","7",0," "," ","7",0," "," ","7",0," "," ","7",0," "," ","7",0," "," ","7",0," "," ","7",0," "," ","7",0," "," ","7",0," "," ","7",0," "," ","7",0," "," ","7",0," "," ","7",0," "," ","7",0," "," ","7",0," "," ","7",0," "," ","7",0," "," ","7",0," "," ","7",0," "," ","7",0," "," ","7",0," "," ","7",0," "," ","7",0," "," ","7",0," "," ","7"
"3596","USC00359461",2017,3,"SN32",39," "," ","7",44," "," ","7",44," "," ","7",44," "," ","7",44," "," ","7",44," "," ","7",39," "," ","7",44," "," ","7",33," "," ","7",56," "," ","7",61," "," ","7",78," "," ","7",72," "," ","7",78," "," ","7",78," "," ","7",83," "," ","7",83," "," ","7",83," "," ","7",72," "," ","7",83," "," ","7",78," "," ","7",78," "," ","7",61," "," ","7",83," "," ","7",83," "," ","7",83," "," ","7",83," "," ","7",78," "," ","7",78," "," ","7",89," "," ","7",78," "," ","7"
"3597","USC00359461",2017,3,"SX32",44," "," ","7",44," "," ","7",44," "," ","7",50," "," ","7",44," "," ","7",44," "," ","7",44," "," ","7",44," "," ","7",56," "," ","7",61," "," ","7",78," "," ","7",78," "," ","7",78," "," ","7",78," "," ","7",78," "," ","7",83," "," ","7",83," "," ","7",83," "," ","7",72," ","I","7",83," "," ","7",78," "," ","7",89," "," ","7",67," ","I","7",83," "," ","7",83," "," ","7",83," "," ","7",83," "," ","7",83," "," ","7",89," "," ","7",89," "," ","7",89," "," ","7"
"3598","USC00359461",2017,4,"TMAX",122," "," ","7",167," "," ","7",150," "," ","7",156," "," ","7",183," "," ","7",206," "," ","7",211," "," ","7",117," "," ","7",139," "," ","7",150," "," ","7",133," "," ","7",128," "," ","7",167," "," ","7",144," "," ","7",144," "," ","7",178," "," ","7",161," "," ","7",178," "," ","7",200," "," ","7",206," "," ","7",156," "," ","7",222," "," ","7",200," "," ","7",156," "," ","7",144," "," ","7",150," "," ","7",133," "," ","7",122," "," ","7",172," "," ","7",211," "," ","7",NA," "," "," "
"3599","USC00359461",2017,4,"TMIN",11," "," ","7",67," "," ","7",11," "," ","7",11," "," ","7",56," "," ","7",72," "," ","7",83," "," ","7",28," "," ","7",-11," "," ","7",-6," "," ","7",11," "," ","7",28," "," ","7",39," "," ","7",33," "," ","7",11," "," ","7",22," "," ","7",50," "," ","7",78," "," ","7",67," "," ","7",44," "," ","7",33," "," ","7",50," "," ","7",61," "," ","7",61," "," ","7",61," "," ","7",78," "," ","7",39," "," ","7",39," "," ","7",22," "," ","7",22," "," ","7",NA," "," "," "
"3600","USC00359461",2017,4,"TOBS",67," "," ","7",67," "," ","7",11," "," ","7",56," "," ","7",89," "," ","7",94," "," ","7",83," "," ","7",33," "," ","7",-6," "," ","7",11," "," ","7",28," "," ","7",72," "," ","7",56," "," ","7",50," "," ","7",22," "," ","7",50," "," ","7",78," "," ","7",94," "," ","7",83," "," ","7",67," "," ","7",50," "," ","7",111," "," ","7",83," "," ","7",83," "," ","7",78," "," ","7",106," "," ","7",39," "," ","7",39," "," ","7",22," "," ","7",106," "," ","7",NA," "," "," "
"3601","USC00359461",2017,4,"PRCP",0," "," ","7",0," "," ","7",0," "," ","7",0," "," ","7",0," "," ","7",5," "," ","7",58," "," ","7",142," "," ","7",8," "," ","7",61," "," ","7",25," "," ","7",36," "," ","7",25," "," ","7",25," "," ","7",25," "," ","7",0," "," ","7",64," "," ","7",71," "," ","7",0," "," ","7",66," "," ","7",0," "," ","7",0," "," ","7",0," "," ","7",114," "," ","7",51," "," ","7",124," "," ","7",61," "," ","7",0," "," ","7",0," "," ","7",0," "," ","7",NA," "," "," "
"3602","USC00359461",2017,4,"SNOW",0," "," ","7",0," "," ","7",0," "," ","7",0," "," ","7",0," "," ","7",0," "," ","7",0," "," ","7",0," "," ","7",0," "," ","7",0," "," ","7",0," "," ","7",0," "," ","7",0," "," ","7",0," "," ","7",0," "," ","7",0," "," ","7",0," "," ","7",0," "," ","7",0," "," ","7",0," "," ","7",0," "," ","7",0," "," ","7",0," "," ","7",0," "," ","7",0," "," ","7",0," "," ","7",0," "," ","7",0," "," ","7",0," "," ","7",0," "," ","7",NA," "," "," "
"3603","USC00359461",2017,4,"SNWD",0," "," ","7",0," "," ","7",0," "," ","7",0," "," ","7",0," "," ","7",0," "," ","7",0," "," ","7",0," "," ","7",0," "," ","7",0," "," ","7",0," "," ","7",0," "," ","7",0," "," ","7",0," "," ","7",0," "," ","7",0," "," ","7",0," "," ","7",0," "," ","7",0," "," ","7",0," "," ","7",0," "," ","7",0," "," ","7",0," "," ","7",0," "," ","7",0," "," ","7",0," "," ","7",0," "," ","7",0," "," ","7",0," "," ","7",0," "," ","7",NA," "," "," "
"3604","USC00359461",2017,4,"SN32",67," "," ","7",72," "," ","7",78," "," ","7",94," "," ","7",94," "," ","7",106," "," ","7",100," "," ","7",94," "," ","7",89," "," ","7",83," "," ","7",83," "," ","7",83," "," ","7",89," "," ","7",89," "," ","7",89," "," ","7",89," "," ","7",89," "," ","7",83," "," ","7",89," "," ","7",94," "," ","7",100," "," ","7",100," "," ","7",106," "," ","7",111," "," ","7",106," "," ","7",100," "," ","7",100," "," ","7",100," "," ","7",94," "," ","7",100," "," ","7",NA," "," "," "
"3605","USC00359461",2017,4,"SX32",72," "," ","7",78," "," ","7",94," "," ","7",94," "," ","7",100," "," ","7",106," "," ","7",111," "," ","7",111," "," ","7",100," "," ","7",89," "," ","7",89," "," ","7",83," "," ","7",89," "," ","7",89," "," ","7",89," "," ","7",100," "," ","7",100," "," ","7",100," "," ","7",111," "," ","7",100," "," ","7",100," "," ","7",111," "," ","7",111," "," ","7",111," "," ","7",111," "," ","7",111," "," ","7",100," "," ","7",100," "," ","7",100," "," ","7",106," ","I","7",NA," "," "," "
"3606","USC00359461",2017,5,"TMAX",228," "," ","7",211," "," ","7",250," "," ","7",306," "," ","7",294," "," ","7",133," "," ","7",167," "," ","7",189," "," ","7",244," "," ","7",267," "," ","7",267," "," ","7",167," "," ","7",156," "," ","7",122," "," ","7",172," "," ","7",200," "," ","7",156," "," ","7",200," "," ","7",233," "," ","7",267," "," ","7",244," "," ","7",278," "," ","7",333," "," ","7",322," "," ","7",200," "," ","7",233," "," ","7",294," "," ","7",283," "," ","7",239," "," ","7",228," "," ","7",189," "," ","7"
"3607","USC00359461",2017,5,"TMIN",56," "," ","7",56," "," ","7",67," "," ","7",117," "," ","7",106," "," ","7",33," "," ","7",50," "," ","7",33," "," ","7",39," "," ","7",50," "," ","7",56," "," ","7",39," "," ","7",56," "," ","7",56," "," ","7",67," "," ","7",78," "," ","7",67," "," ","7",44," "," ","7",61," "," ","7",89," "," ","7",78," "," ","7",94," "," ","7",117," "," ","7",100," "," ","7",78," "," ","7",78," "," ","7",89," "," ","7",111," "," ","7",117," "," ","7",117," "," ","7",100," "," ","7"
"3608","USC00359461",2017,5,"TOBS",56," "," ","7",67," "," ","7",117," "," ","7",133," "," ","7",122," "," ","7",50," "," ","7",72," "," ","7",39," "," ","7",50," "," ","7",56," "," ","7",122," "," ","7",67," "," ","7",89," "," ","7",83," "," ","7",83," "," ","7",100," "," ","7",78," "," ","7",61," "," ","7",89," "," ","7",122," "," ","7",94," "," ","7",122," "," ","7",139," "," ","7",122," "," ","7",78," "," ","7",89," "," ","7",111," "," ","7",117," "," ","7",117," "," ","7",117," "," ","7",100," "," ","7"
"3609","USC00359461",2017,5,"PRCP",0," "," ","7",0," "," ","7",0," "," ","7",0," "," ","7",8," "," ","7",20," "," ","7",0," "," ","7",0," "," ","7",0," "," ","7",0," "," ","7",0," "," ","7",84," "," ","7",38," "," ","7",102," "," ","7",13," "," ","7",84," "," ","7",38," "," ","7",0," "," ","7",0," "," ","7",0," "," ","7",0," "," ","7",0," "," ","7",0," "," ","7",0," "," ","7",0," "," ","7",0," "," ","7",0," "," ","7",0," "," ","7",0," "," ","7",0," "," ","7",0," "," ","7"
"3610","USC00359461",2017,5,"SNOW",0," "," ","7",0," "," ","7",0," "," ","7",0," "," ","7",0," "," ","7",0," "," ","7",0," "," ","7",0," "," ","7",0," "," ","7",0," "," ","7",0," "," ","7",0," "," ","7",0," "," ","7",0," "," ","7",0," "," ","7",0," "," ","7",0," "," ","7",0," "," ","7",0," "," ","7",0," "," ","7",0," "," ","7",0," "," ","7",0," "," ","7",0," "," ","7",0," "," ","7",0," "," ","7",0," "," ","7",0," "," ","7",0," "," ","7",0," "," ","7",0," "," ","7"
"3611","USC00359461",2017,5,"SNWD",0," "," ","7",0," "," ","7",0," "," ","7",0," "," ","7",0," "," ","7",0," "," ","7",0," "," ","7",0," "," ","7",0," "," ","7",0," "," ","7",0," "," ","7",0," "," ","7",0," "," ","7",0," "," ","7",0," "," ","7",0," "," ","7",0," "," ","7",0," "," ","7",0," "," ","7",0," "," ","7",0," "," ","7",0," "," ","7",0," "," ","7",0," "," ","7",0," "," ","7",0," "," ","7",0," "," ","7",0," "," ","7",0," "," ","7",0," "," ","7",0," "," ","7"
"3612","USC00359461",2017,5,"SN32",122," ","I","7",128," "," ","7",128," "," ","7",133," "," ","7",167," "," ","7",150," "," ","7",139," "," ","7",133," "," ","7",144," "," ","7",156," "," ","7",172," "," ","7",161," "," ","7",144," "," ","7",128," "," ","7",128," "," ","7",128," "," ","7",128," "," ","7",128," "," ","7",133," "," ","7",161," ","I","7",167," "," ","7",161," "," ","7",178," ","I","7",194," "," ","7",211," "," ","7",211," "," ","7",211," "," ","7",211," "," ","7",211," "," ","7",211," "," ","7",211," "," ","7"
"3613","USC00359461",2017,5,"SX32",128," "," ","7",128," "," ","7",133," "," ","7",178," "," ","7",178," "," ","7",183," "," ","7",144," "," ","7",144," "," ","7",161," "," ","7",172," "," ","7",183," "," ","7",183," "," ","7",183," "," ","7",183," "," ","7",183," "," ","7",183," "," ","7",183," "," ","7",133," "," ","7",139," ","I","7",167," "," ","7",167," "," ","7",167," ","I","7",200," "," ","7",206," "," ","7",211," "," ","7",211," "," ","7",211," "," ","7",217," "," ","7",211," "," ","7",211," "," ","7",211," "," ","7"
"3614","USC00359461",2017,6,"TMAX",267," "," ","7",244," "," ","7",267," "," ","7",211," "," ","7",217," "," ","7",267," "," ","7",289," "," ","7",256," "," ","7",200," "," ","7",200," "," ","7",156," "," ","7",200," "," ","7",183," "," ","7",211," "," ","7",211," "," ","7",222," "," ","7",222," "," ","7",283," "," ","7",311," "," ","7",328," "," ","7",289," "," ","7",272," "," ","7",294," "," ","7",339," "," ","7",389," "," ","7",339," "," ","7",261," "," ","7",250," "," ","7",256," "," ","7",306," "," ","7",NA," "," "," "
"3615","USC00359461",2017,6,"TMIN",83," "," ","7",111," "," ","7",106," "," ","7",106," "," ","7",50," "," ","7",50," "," ","7",83," "," ","7",94," "," ","7",106," "," ","7",89," "," ","7",72," "," ","7",94," "," ","7",78," "," ","7",72," "," ","7",89," "," ","7",133," "," ","7",122," "," ","7",89," "," ","7",122," "," ","7",144," "," ","7",139," "," ","7",144," "," ","7",144," "," ","7",128," "," ","7",150," "," ","7",156," "," ","7",150," "," ","7",133," "," ","7",94," "," ","7",117," "," ","7",NA," "," "," "
"3616","USC00359461",2017,6,"TOBS",133," "," ","7",111," "," ","7",111," "," ","7",106," "," ","7",50," "," ","7",83," "," ","7",94," "," ","7",144," "," ","7",117," "," ","7",100," "," ","7",94," "," ","7",117," "," ","7",89," "," ","7",89," "," ","7",139," "," ","7",150," "," ","7",139," "," ","7",122," "," ","7",200," "," ","7",156," "," ","7",156," "," ","7",161," "," ","7",161," "," ","7",161," "," ","7",161," "," ","7",156," "," ","7",150," "," ","7",133," "," ","7",117," "," ","7",156," "," ","7",NA," "," "," "
"3617","USC00359461",2017,6,"PRCP",0," "," ","7",8," "," ","7",0," "," ","7",0," "," ","7",0," "," ","7",0," "," ","7",0," "," ","7",127," "," ","7",5," "," ","7",64," "," ","7",51," "," ","7",0," "," ","7",13," "," ","7",0," "," ","7",3," "," ","7",10," "," ","7",0," "," ","7",0," "," ","7",0," "," ","7",0," "," ","7",0," "," ","7",0," "," ","7",0," "," ","7",0," "," ","7",0," "," ","7",0," "," ","7",0," "," ","7",0," "," ","7",0," "," ","7",0," "," ","7",NA," "," "," "
"3618","USC00359461",2017,6,"SN32",194," "," ","7",200," "," ","7",206," "," ","7",206," "," ","7",200," "," ","7",194," "," ","7",206," "," ","7",211," "," ","7",206," "," ","7",189," "," ","7",172," "," ","7",172," "," ","7",167," "," ","7",172," "," ","7",156," "," ","7",167," "," ","7",167," "," ","7",172," "," ","7",183," "," ","7",206," "," ","7",194," "," ","7",183," "," ","7",217," ","I","7",222," "," ","7",233," "," ","7",250," "," ","7",256," "," ","7",267," ","I","7",239," "," ","7",233," "," ","7",NA," "," "," "
"3619","USC00359461",2017,6,"SX32",206," "," ","7",206," "," ","7",206," "," ","7",206," "," ","7",206," "," ","7",206," "," ","7",217," "," ","7",211," "," ","7",211," "," ","7",211," "," ","7",211," "," ","7",211," "," ","7",211," "," ","7",211," "," ","7",172," "," ","7",172," "," ","7",172," "," ","7",189," "," ","7",206," "," ","7",222," "," ","7",206," "," ","7",200," ","I","7",222," "," ","7",233," "," ","7",250," "," ","7",256," "," ","7",267," "," ","7",267," "," ","7",239," ","I","7",239," "," ","7",NA," "," "," "
"3620","USC00359461",2017,7,"TMAX",283," "," ","7",250," "," ","7",283," "," ","7",289," "," ","7",322," "," ","7",317," "," ","7",328," "," ","7",322," "," ","7",328," "," ","7",322," "," ","7",317," "," ","7",300," "," ","7",322," "," ","7",294," "," ","7",328," "," ","7",294," "," ","7",294," "," ","7",294," "," ","7",306," "," ","7",300," "," ","7",272," "," ","7",317," "," ","7",333," "," ","7",317," "," ","7",300," "," ","7",317," "," ","7",339," "," ","7",289," "," ","7",322," "," ","7",328," "," ","7",339," "," ","7"
"3621","USC00359461",2017,7,"TMIN",128," "," ","7",139," "," ","7",144," "," ","7",150," "," ","7",167," "," ","7",133," "," ","7",128," "," ","7",128," "," ","7",122," "," ","7",139," "," ","7",139," "," ","7",133," "," ","7",122," "," ","7",139," "," ","7",139," "," ","7",139," "," ","7",100," "," ","7",128," "," ","7",94," "," ","7",94," "," ","7",122," "," ","7",122," "," ","7",122," "," ","7",133," "," ","7",167," "," ","7",172," "," ","7",150," "," ","7",156," "," ","7",106," "," ","7",128," "," ","7",172," "," ","7"
"3622","USC00359461",2017,7,"TOBS",150," "," ","7",156," "," ","7",161," "," ","7",167," "," ","7",183," "," ","7",167," "," ","7",133," "," ","7",144," "," ","7",139," "," ","7",156," "," ","7",150," "," ","7",150," "," ","7",139," "," ","7",156," "," ","7",150," "," ","7",150," "," ","7",128," "," ","7",144," "," ","7",117," "," ","7",122," "," ","7",122," "," ","7",122," "," ","7",133," "," ","7",189," "," ","7",211," "," ","7",172," "," ","7",161," "," ","7",172," "," ","7",144," "," ","7",172," "," ","7",189," "," ","7"
"3623","USC00359461",2017,7,"PRCP",0," "," ","7",0," "," ","7",0," "," ","7",0," "," ","7",0," "," ","7",0," "," ","7",0," "," ","7",0," "," ","7",0," "," ","7",0," "," ","7",0," "," ","7",0," "," ","7",0," "," ","7",0," "," ","7",0," "," ","7",0," "," ","7",0," "," ","7",0," "," ","7",0," "," ","7",0," "," ","7",0," "," ","7",0," "," ","7",0," "," ","7",0," "," ","7",0," "," ","7",0," "," ","7",0," "," ","7",0," "," ","7",0," "," ","7",0," "," ","7",0," "," ","7"
"3624","USC00359461",2017,7,"SN32",233," "," ","7",233," "," ","7",239," "," ","7",239," "," ","7",239," "," ","7",250," "," ","7",256," "," ","7",256," "," ","7",256," "," ","7",256," "," ","7",250," "," ","7",250," "," ","7",250," "," ","7",261," "," ","7",261," "," ","7",261," "," ","7",256," "," ","7",256," "," ","7",256," "," ","7",261," "," ","7",261," "," ","7",261," "," ","7",267," "," ","7",267," "," ","7",267," "," ","7",267," "," ","7",261," "," ","7",272," "," ","7",278," "," ","7",278," "," ","7",261," "," ","7"
"3625","USC00359461",2017,7,"SX32",239," "," ","7",239," "," ","7",239," "," ","7",239," "," ","7",244," "," ","7",256," "," ","7",256," "," ","7",256," "," ","7",256," "," ","7",267," "," ","7",256," "," ","7",261," "," ","7",261," "," ","7",261," "," ","7",261," "," ","7",261," "," ","7",261," "," ","7",261," "," ","7",261," "," ","7",261," "," ","7",261," "," ","7",267," "," ","7",267," "," ","7",267," "," ","7",267," "," ","7",267," "," ","7",278," "," ","7",278," "," ","7",278," "," ","7",278," "," ","7",278," "," ","7"
"3626","USC00359461",2017,8,"TMAX",356," "," ","7",378," "," ","7",417," "," ","7",417," "," ","7",389," "," ","7",350," "," ","7",344," "," ","7",356," "," ","7",367," "," ","7",350," "," ","7",361," "," ","7",322," "," ","7",278," "," ","7",294," "," ","7",278," "," ","7",294," "," ","7",300," "," ","7",339," "," ","7",339," "," ","7",317," "," ","7",311," "," ","7",294," "," ","7",306," "," ","7",294," "," ","7",228," "," ","7",289," "," ","7",333," "," ","7",361," "," ","7",383," "," ","7",294," "," ","7",328," "," ","7"
"3627","USC00359461",2017,8,"TMIN",161," "," ","7",156," "," ","7",172," "," ","7",161," "," ","7",139," "," ","7",144," "," ","7",150," "," ","7",167," "," ","7",178," "," ","7",161," "," ","7",144," "," ","7",144," "," ","7",156," "," ","7",156," "," ","7",100," "," ","7",100," "," ","7",122," "," ","7",128," "," ","7",128," "," ","7",139," "," ","7",139," "," ","7",156," "," ","7",144," "," ","7",156," "," ","7",133," "," ","7",83," "," ","7",83," "," ","7",122," "," ","7",117," "," ","7",128," "," ","7",100," "," ","7"
"3628","USC00359461",2017,8,"TOBS",178," "," ","7",172," "," ","7",183," "," ","7",178," "," ","7",156," "," ","7",167," "," ","7",183," "," ","7",189," "," ","7",200," "," ","7",183," "," ","7",167," "," ","7",172," "," ","7",156," "," ","7",200," "," ","7",122," "," ","7",122," "," ","7",139," "," ","7",128," "," ","7",161," "," ","7",139," "," ","7",156," "," ","7",156," "," ","7",156," "," ","7",183," "," ","7",133," "," ","7",106," "," ","7",133," "," ","7",150," "," ","7",144," "," ","7",144," "," ","7",128," "," ","7"
"3629","USC00359461",2017,8,"PRCP",0," "," ","7",0," "," ","7",0," "," ","7",0," "," ","7",0," "," ","7",0," "," ","7",0," "," ","7",0," "," ","7",0," "," ","7",0," "," ","7",0," "," ","7",0," "," ","7",0," "," ","7",0," "," ","7",0," "," ","7",0," "," ","7",0," "," ","7",0," "," ","7",0," "," ","7",0," "," ","7",0," "," ","7",0," "," ","7",0," "," ","7",0," "," ","7",0," "," ","7",0," "," ","7",0," "," ","7",0," "," ","7",0," "," ","7",0," "," ","7",0," "," ","7"
"3630","USC00359461",2017,8,"SN32",278," "," ","7",272," "," ","7",311," ","I","7",283," "," ","7",278," "," ","7",283," "," ","7",283," "," ","7",283," "," ","7",283," "," ","7",283," "," ","7",289," "," ","7",289," "," ","7",267," "," ","7",272," "," ","7",267," "," ","7",261," "," ","7",267," "," ","7",267," "," ","7",267," "," ","7",267," "," ","7",267," "," ","7",267," "," ","7",267," "," ","7",261," "," ","7",239," "," ","7",239," "," ","7",244," "," ","7",244," "," ","7",239," "," ","7",250," "," ","7",250," "," ","7"
"3631","USC00359461",2017,8,"SX32",278," "," ","7",278," "," ","7",311," "," ","7",294," "," ","7",294," "," ","7",294," "," ","7",294," "," ","7",294," "," ","7",300," "," ","7",294," "," ","7",289," "," ","7",289," "," ","7",289," "," ","7",289," "," ","7",267," "," ","7",267," "," ","7",267," "," ","7",267," "," ","7",267," "," ","7",267," "," ","7",267," "," ","7",267," "," ","7",267," "," ","7",261," "," ","7",261," "," ","7",239," "," ","7",244," "," ","7",244," "," ","7",256," "," ","7",250," "," ","7",250," "," ","7"
"3632","USC00359461",2017,9,"TMAX",317," "," ","7",350," "," ","7",322," "," ","7",322," "," ","7",356," "," ","7",333," "," ","7",294," "," ","7",239," "," ","7",222," "," ","7",256," "," ","7",283," "," ","7",328," "," ","7",344," "," ","7",261," "," ","7",244," "," ","7",272," "," ","7",272," "," ","7",233," "," ","7",161," "," ","7",NA," "," "," ",228," "," ","7",167," "," ","7",194," "," ","7",222," "," ","7",244," "," ","7",250," "," ","7",267," "," ","7",322," "," ","7",322," "," ","7",194," "," ","7",NA," "," "," "
"3633","USC00359461",2017,9,"TMIN",122," "," ","7",128," "," ","7",122," "," ","7",122," "," ","7",156," "," ","7",156," "," ","7",167," "," ","7",144," "," ","7",161," "," ","7",144," "," ","7",150," "," ","7",128," "," ","7",111," "," ","7",128," "," ","7",89," "," ","7",89," "," ","7",67," "," ","7",83," "," ","7",111," "," ","7",NA," "," "," ",61," "," ","7",39," "," ","7",39," "," ","7",44," "," ","7",44," "," ","7",72," "," ","7",72," "," ","7",83," "," ","7",111," "," ","7",67," "," ","7",NA," "," "," "
"3634","USC00359461",2017,9,"TOBS",128," "," ","7",156," "," ","7",122," "," ","7",161," "," ","7",172," "," ","7",183," "," ","7",183," "," ","7",167," "," ","7",183," "," ","7",167," "," ","7",167," "," ","7",144," "," ","7",128," "," ","7",139," "," ","7",89," "," ","7",117," "," ","7",83," "," ","7",128," "," ","7",111," "," ","7",NA," "," "," ",61," "," ","7",44," "," ","7",50," "," ","7",44," "," ","7",78," "," ","7",72," "," ","7",83," "," ","7",111," "," ","7",144," "," ","7",89," "," ","7",NA," "," "," "
"3635","USC00359461",2017,9,"PRCP",0," "," ","7",0," "," ","7",0," "," ","7",0," "," ","7",0," "," ","7",0," "," ","7",20," "," ","7",15," "," ","7",0,"T"," ","7",0," "," ","7",0," "," ","7",0," "," ","7",0," "," ","7",0," "," ","7",0," "," ","7",0," "," ","7",0," "," ","7",18," "," ","7",89," "," ","7",NA," "," "," ",30," "," ","7",0,"T"," ","7",0," "," ","7",0," "," ","7",0," "," ","7",0," "," ","7",0," "," ","7",0," "," ","7",5," "," ","7",66," "," ","7",NA," "," "," "
"3636","USC00359461",2017,9,"SN32",250," "," ","7",250," "," ","7",244," "," ","7",250," "," ","7",250," "," ","7",244," "," ","7",239," "," ","7",222," "," ","7",228," "," ","7",222," "," ","7",211," "," ","7",222," "," ","7",233," "," ","7",233," "," ","7",222," "," ","7",222," "," ","7",217," "," ","7",200," "," ","7",183," "," ","7",NA," "," "," ",178," "," ","7",167," "," ","7",167," "," ","7",167," "," ","7",167," "," ","7",172," "," ","7",172," "," ","7",194," ","I","7",200," "," ","7",194," ","I","7",NA," "," "," "
"3637","USC00359461",2017,9,"SX32",250," "," ","7",256," "," ","7",244," "," ","7",256," "," ","7",256," "," ","7",250," "," ","7",239," "," ","7",239," "," ","7",228," "," ","7",233," "," ","7",228," "," ","7",233," "," ","7",233," "," ","7",233," "," ","7",233," "," ","7",222," "," ","7",222," "," ","7",217," "," ","7",200," "," ","7",NA," "," "," ",183," "," ","7",172," "," ","7",167," "," ","7",167," "," ","7",172," "," ","7",172," "," ","7",183," ","I","7",200," "," ","7",200," "," ","7",200," "," ","7",NA," "," "," "
"3638","USC00359461",2017,10,"TMAX",161," "," ","7",228," "," ","7",189," "," ","7",217," "," ","7",250," "," ","7",222," "," ","7",261," "," ","7",206," "," ","7",183," "," ","7",183," "," ","7",200," "," ","7",183," "," ","7",117," "," ","7",156," "," ","7",133," "," ","7",194," "," ","7",228," "," ","7",200," "," ","7",217," "," ","7",100," "," ","7",183," "," ","7",156," "," ","7",156," "," ","7",183," "," ","7",178," "," ","7",167," "," ","7",172," "," ","7",172," "," ","7",172," "," ","7",133," "," ","7",156," "," ","7"
"3639","USC00359461",2017,10,"TMIN",89," "," ","7",61," "," ","7",28," "," ","7",22," "," ","7",22," "," ","7",44," "," ","7",61," "," ","7",44," "," ","7",6," "," ","7",17," "," ","7",39," "," ","7",39," "," ","7",39," "," ","7",33," "," ","7",33," "," ","7",44," "," ","7",44," "," ","7",50," "," ","7",61," "," ","7",61," "," ","7",61," "," ","7",78," "," ","7",61," "," ","7",89," "," ","7",100," "," ","7",117," "," ","7",106," "," ","7",100," "," ","7",111," "," ","7",100," "," ","7",17," "," ","7"
"3640","USC00359461",2017,10,"TOBS",117," "," ","7",83," "," ","7",39," "," ","7",39," "," ","7",44," "," ","7",61," "," ","7",106," "," ","7",61," "," ","7",17," "," ","7",39," "," ","7",89," "," ","7",39," "," ","7",72," "," ","7",33," "," ","7",61," "," ","7",44," "," ","7",50," "," ","7",61," "," ","7",100," "," ","7",100," "," ","7",78," "," ","7",117," "," ","7",89," "," ","7",111," "," ","7",117," "," ","7",117," "," ","7",106," "," ","7",111," "," ","7",117," "," ","7",117," "," ","7",17," "," ","7"
"3641","USC00359461",2017,10,"PRCP",13," "," ","7",0," "," ","7",13," "," ","7",0," "," ","7",0," "," ","7",0," "," ","7",0," "," ","7",0," "," ","7",0," "," ","7",0," "," ","7",10," "," ","7",61," "," ","7",30," "," ","7",38," "," ","7",0," "," ","7",0," "," ","7",0," "," ","7",0," "," ","7",0," "," ","7",152," "," ","7",69," "," ","7",168," "," ","7",183," "," ","7",5," "," ","7",0," "," ","7",0," "," ","7",0," "," ","7",0," "," ","7",0," "," ","7",0," "," ","7",0," "," ","7"
"3642","USC00359461",2017,10,"SNOW",0," "," ","7",0," "," ","7",0," "," ","7",0," "," ","7",0," "," ","7",0," "," ","7",0," "," ","7",0," "," ","7",0," "," ","7",0," "," ","7",0," "," ","7",0," "," ","7",0," "," ","7",0," "," ","7",0," "," ","7",0," "," ","7",0," "," ","7",0," "," ","7",0," "," ","7",0," "," ","7",0," "," ","7",0," "," ","7",0," "," ","7",0," "," ","7",0," "," ","7",0," "," ","7",0," "," ","7",0," "," ","7",0," "," ","7",0," "," ","7",0," "," ","7"
"3643","USC00359461",2017,10,"SNWD",0," "," ","7",0," "," ","7",0," "," ","7",0," "," ","7",0," "," ","7",0," "," ","7",0," "," ","7",0," "," ","7",0," "," ","7",0," "," ","7",0," "," ","7",0," "," ","7",0," "," ","7",0," "," ","7",0," "," ","7",0," "," ","7",0," "," ","7",0," "," ","7",0," "," ","7",0," "," ","7",0," "," ","7",0," "," ","7",0," "," ","7",0," "," ","7",0," "," ","7",0," "," ","7",0," "," ","7",0," "," ","7",0," "," ","7",0," "," ","7",0," "," ","7"
"3644","USC00359461",2017,10,"SN32",167," "," ","7",172," "," ","7",167," "," ","7",161," "," ","7",156," "," ","7",144," "," ","7",156," "," ","7",156," "," ","7",150," "," ","7",150," "," ","7",150," "," ","7",128," "," ","7",128," "," ","7",128," "," ","7",128," "," ","7",128," "," ","7",128," "," ","7",128," "," ","7",128," "," ","7",128," "," ","7",117," ","I","7",106," "," ","7",106," "," ","7",106," "," ","7",106," "," ","7",106," "," ","7",106," "," ","7",106," "," ","7",106," "," ","7",100," "," ","7",100," "," ","7"
"3645","USC00359461",2017,10,"SX32",167," ","I","7",194," "," ","7",194," "," ","7",194," "," ","7",156," "," ","7",156," "," ","7",156," "," ","7",156," "," ","7",156," "," ","7",156," "," ","7",156," "," ","7",150," "," ","7",128," "," ","7",128," "," ","7",128," "," ","7",128," "," ","7",128," "," ","7",128," "," ","7",133," "," ","7",128," "," ","7",128," "," ","7",106," ","I","7",106," "," ","7",106," "," ","7",106," "," ","7",106," "," ","7",106," "," ","7",106," "," ","7",106," "," ","7",106," "," ","7",100," "," ","7"
"3646","USC00359461",2017,11,"TMAX",156," "," ","7",183," "," ","7",144," "," ","7",183," "," ","7",167," "," ","7",111," "," ","7",111," "," ","7",144," "," ","7",161," "," ","7",150," "," ","7",128," "," ","7",161," "," ","7",NA," "," "," ",150," "," ","7",150," "," ","7",156," "," ","7",111," "," ","7",106," "," ","7",100," "," ","7",117," "," ","7",139," "," ","7",217," "," ","7",194," "," ","7",172," "," ","7",133," "," ","7",122," "," ","7",167," "," ","7",111," "," ","7",111," "," ","7",56," "," ","7",NA," "," "," "
"3647","USC00359461",2017,11,"TMIN",11," "," ","7",28," "," ","7",72," "," ","7",28," "," ","7",39," "," ","7",22," "," ","7",-6," "," ","7",11," "," ","7",56," "," ","7",50," "," ","7",50," "," ","7",28," "," ","7",NA," "," "," ",0," "," ","7",22," "," ","7",22," "," ","7",22," "," ","7",-11," "," ","7",-28," "," ","7",-28," "," ","7",67," "," ","7",83," "," ","7",106," "," ","7",56," "," ","7",28," "," ","7",50," "," ","7",44," "," ","7",22," "," ","7",22," "," ","7",0," "," ","7",NA," "," "," "
"3648","USC00359461",2017,11,"TOBS",28," "," ","7",89," "," ","7",94," "," ","7",50," "," ","7",67," "," ","7",44," "," ","7",11," "," ","7",56," "," ","7",83," "," ","7",78," "," ","7",78," "," ","7",56," "," ","7",NA," "," "," ",22," "," ","7",111," "," ","7",22," "," ","7",28," "," ","7",0," "," ","7",-28," "," ","7",72," "," ","7",83," "," ","7",106," "," ","7",139," "," ","7",78," "," ","7",50," "," ","7",106," "," ","7",61," "," ","7",33," "," ","7",22," "," ","7",33," "," ","7",NA," "," "," "
"3649","USC00359461",2017,11,"PRCP",0," "," ","7",5," "," ","7",43," "," ","7",15," "," ","7",61," "," ","7",99," "," ","7",0," "," ","7",0," "," ","7",135," "," ","7",102," "," ","7",38," "," ","7",3," "," ","7",NA," "," "," ",25," "," ","7",5," "," ","7",168," "," ","7",43," "," ","7",5," "," ","7",8," "," ","7",20," "," ","7",58," "," ","7",13," "," ","7",102," "," ","7",127," "," ","7",0," "," ","7",38," "," ","7",51," "," ","7",5," "," ","7",56," "," ","7",0," "," ","7",NA," "," "," "
"3650","USC00359461",2017,11,"SNOW",0," "," ","7",NA," "," "," ",NA," "," "," ",NA," "," "," ",NA," "," "," ",NA," "," "," ",NA," "," "," ",NA," "," "," ",NA," "," "," ",NA," "," "," ",NA," "," "," ",NA," "," "," ",NA," "," "," ",NA," "," "," ",NA," "," "," ",NA," "," "," ",NA," "," "," ",NA," "," "," ",NA," "," "," ",NA," "," "," ",NA," "," "," ",NA," "," "," ",NA," "," "," ",NA," "," "," ",NA," "," "," ",NA," "," "," ",NA," "," "," ",NA," "," "," ",NA," "," "," ",NA," "," "," ",NA," "," "," "
"3651","USC00359461",2017,11,"SNWD",0," "," ","7",NA," "," "," ",NA," "," "," ",NA," "," "," ",NA," "," "," ",NA," "," "," ",NA," "," "," ",NA," "," "," ",NA," "," "," ",NA," "," "," ",NA," "," "," ",NA," "," "," ",NA," "," "," ",NA," "," "," ",NA," "," "," ",NA," "," "," ",NA," "," "," ",NA," "," "," ",NA," "," "," ",NA," "," "," ",NA," "," "," ",NA," "," "," ",NA," "," "," ",NA," "," "," ",NA," "," "," ",NA," "," "," ",NA," "," "," ",NA," "," "," ",NA," "," "," ",NA," "," "," ",NA," "," "," "
"3652","USC00359461",2017,11,"SN32",106," "," ","7",100," "," ","7",100," "," ","7",94," "," ","7",89," "," ","7",78," "," ","7",78," "," ","7",78," "," ","7",78," "," ","7",78," "," ","7",78," "," ","7",83," "," ","7",NA," "," "," ",89," "," ","7",89," ","I","7",78," "," ","7",78," "," ","7",67," "," ","7",61," "," ","7",61," "," ","7",61," "," ","7",72," "," ","7",94," ","I","7",200," ","I","7",139," ","I","7",83," "," ","7",83," "," ","7",72," "," ","7",61," "," ","7",28," "," ","7",NA," "," "," "
"3653","USC00359461",2017,11,"SX32",106," "," ","7",100," "," ","7",100," "," ","7",100," "," ","7",89," "," ","7",83," "," ","7",83," "," ","7",83," "," ","7",78," "," ","7",78," "," ","7",83," "," ","7",83," "," ","7",NA," "," "," ",89," "," ","7",89," "," ","7",78," ","I","7",78," "," ","7",78," "," ","7",67," "," ","7",61," "," ","7",72," "," ","7",83," ","I","7",100," "," ","7",206," "," ","7",150," "," ","7",100," ","I","7",100," "," ","7",94," "," ","7",94," "," ","7",39," ","I","7",NA," "," "," "
"3654","USC00359461",2017,12,"TMAX",67," "," ","7",67," "," ","7",111," "," ","7",100," "," ","7",83," "," ","7",106," "," ","7",28," "," ","7",72," "," ","7",22," "," ","7",44," "," ","7",39," "," ","7",33," "," ","7",28," "," ","7",78," "," ","7",28," "," ","7",44," "," ","7",56," "," ","7",67," "," ","7",94," "," ","7",128," "," ","7",78," "," ","7",89," "," ","7",67," "," ","7",NA," "," "," ",72," "," ","7",117," "," ","7",89," "," ","7",122," "," ","7",133," "," ","7",161," "," ","7",133," "," ","7"
"3655","USC00359461",2017,12,"TMIN",33," "," ","7",22," "," ","7",6," "," ","7",11," "," ","7",22," "," ","7",-6," "," ","7",0," "," ","7",-33," "," ","7",-17," "," ","7",-17," "," ","7",-6," "," ","7",-6," "," ","7",-6," "," ","7",-33," "," ","7",-28," "," ","7",-22," "," ","7",-22," "," ","7",-17," "," ","7",-17," "," ","7",0," "," ","7",0," "," ","7",0," "," ","7",11," "," ","7",NA," "," "," ",33," "," ","7",17," "," ","7",33," "," ","7",17," "," ","7",28," "," ","7",39," "," ","7",22," "," ","7"
"3656","USC00359461",2017,12,"TOBS",61," "," ","7",44," "," ","7",33," "," ","7",33," "," ","7",39," "," ","7",22," "," ","7",0," "," ","7",-6," "," ","7",-17," "," ","7",-6," "," ","7",-6," "," ","7",-6," "," ","7",0," "," ","7",-22," "," ","7",-17," "," ","7",-22," "," ","7",-6," "," ","7",-17," "," ","7",11," "," ","7",0," "," ","7",28," "," ","7",11," "," ","7",33," "," ","7",NA," "," "," ",61," "," ","7",33," "," ","7",72," "," ","7",39," "," ","7",44," "," ","7",61," "," ","7",44," "," ","7"
"3657","USC00359461",2017,12,"PRCP",20," "," ","7",0," "," ","7",84," "," ","7",5," "," ","7",5," "," ","7",0," "," ","7",0," "," ","7",0," "," ","7",0," "," ","7",0," "," ","7",0," "," ","7",0," "," ","7",0," "," ","7",13," "," ","7",0," "," ","7",8," "," ","7",0,"T"," ","7",0,"T"," ","7",0," "," ","7",229," "," ","7",30," "," ","7",0," "," ","7",0," "," ","7",NA," "," "," ",13," "," ","7",0," "," ","7",13," "," ","7",0," "," ","7",0," "," ","7",43," "," ","7",0," "," ","7"
"3658","USC00359461",2017,12,"SN32",56," "," ","7",56," "," ","7",50," "," ","7",44," "," ","7",44," "," ","7",50," "," ","7",44," "," ","7",39," "," ","7",39," "," ","7",39," "," ","7",39," "," ","7",39," "," ","7",33," "," ","7",28," "," ","7",28," "," ","7",22," "," ","7",28," "," ","7",28," "," ","7",28," "," ","7",28," "," ","7",33," "," ","7",33," "," ","7",28," "," ","7",NA," "," "," ",33," "," ","7",33," "," ","7",33," "," ","7",NA," "," "," ",NA," "," "," ",NA," "," "," ",NA," "," "," "
"3659","USC00359461",2017,12,"SX32",56," "," ","7",56," "," ","7",56," "," ","7",56," "," ","7",50," "," ","7",50," "," ","7",44," "," ","7",50," "," ","7",39," "," ","7",39," "," ","7",39," "," ","7",39," "," ","7",39," "," ","7",28," "," ","7",28," "," ","7",22," "," ","7",28," "," ","7",28," "," ","7",28," "," ","7",28," "," ","7",33," "," ","7",33," "," ","7",28," "," ","7",NA," "," "," ",33," "," ","7",33," "," ","7",33," "," ","7",NA," "," "," ",NA," "," "," ",NA," "," "," ",NA," "," "," "
"3660","USC00359461",2018,1,"TMAX",122," "," ","7",78," "," ","7",156," "," ","7",78," "," ","7",83," "," ","7",100," "," ","7",89," "," ","7",100," "," ","7",94," "," ","7",89," "," ","7",133," "," ","7",150," "," ","7",139," "," ","7",139," "," ","7",139," "," ","7",106," "," ","7",122," "," ","7",217," "," ","7",117," "," ","7",100," "," ","7",111," "," ","7",117," "," ","7",111," "," ","7",128," "," ","7",111," "," ","7",83," "," ","7",111," "," ","7",128," "," ","7",72," "," ","7",144," "," ","7",67," "," ","7"
"3661","USC00359461",2018,1,"TMIN",22," "," ","7",22," "," ","7",17," "," ","7",39," "," ","7",39," "," ","7",56," "," ","7",39," "," ","7",39," "," ","7",50," "," ","7",56," "," ","7",-6," "," ","7",44," "," ","7",39," "," ","7",11," "," ","7",11," "," ","7",28," "," ","7",17," "," ","7",17," "," ","7",22," "," ","7",33," "," ","7",72," "," ","7",22," "," ","7",22," "," ","7",44," "," ","7",22," "," ","7",6," "," ","7",22," "," ","7",22," "," ","7",39," "," ","7",22," "," ","7",6," "," ","7"
"3662","USC00359461",2018,1,"TOBS",39," "," ","7",44," "," ","7",39," "," ","7",39," "," ","7",72," "," ","7",56," "," ","7",39," "," ","7",50," "," ","7",78," "," ","7",56," "," ","7",61," "," ","7",50," "," ","7",39," "," ","7",11," "," ","7",39," "," ","7",33," "," ","7",17," "," ","7",89," "," ","7",39," "," ","7",72," "," ","7",100," "," ","7",39," "," ","7",44," "," ","7",78," "," ","7",44," "," ","7",22," "," ","7",100," "," ","7",44," "," ","7",67," "," ","7",44," "," ","7",33," "," ","7"
"3663","USC00359461",2018,1,"PRCP",0," "," ","7",0," "," ","7",0," "," ","7",10," "," ","7",13," "," ","7",51," "," ","7",0," "," ","7",0," "," ","7",89," "," ","7",76," "," ","7",13," "," ","7",58," "," ","7",3," "," ","7",0,"T"," ","7",3," "," ","7",46," "," ","7",0,"T"," ","7",142," "," ","7",76," "," ","7",0," "," ","7",25," "," ","7",71," "," ","7",5," "," ","7",86," "," ","7",114," "," ","7",66," "," ","7",5," "," ","7",13," "," ","7",10," "," ","7",64," "," ","7",10," "," ","7"
"3664","USC00359461",2018,1,"SN32",NA," "," "," ",NA," "," "," ",NA," "," "," ",NA," "," "," ",NA," "," "," ",NA," "," "," ",NA," "," "," ",NA," "," "," ",NA," "," "," ",NA," "," "," ",NA," "," "," ",NA," "," "," ",NA," "," "," ",NA," "," "," ",NA," "," "," ",NA," "," "," ",NA," "," "," ",50," "," ","7",50," "," ","7",NA," "," "," ",56," "," ","7",50," "," ","7",50," "," ","7",50," "," ","7",NA," "," "," ",NA," "," "," ",NA," "," "," ",NA," "," "," ",NA," "," "," ",NA," "," "," ",NA," "," "," "
"3665","USC00359461",2018,1,"SX32",NA," "," "," ",NA," "," "," ",NA," "," "," ",NA," "," "," ",NA," "," "," ",NA," "," "," ",NA," "," "," ",NA," "," "," ",NA," "," "," ",NA," "," "," ",NA," "," "," ",NA," "," "," ",NA," "," "," ",NA," "," "," ",NA," "," "," ",NA," "," "," ",NA," "," "," ",61," "," ","7",61," "," ","7",NA," "," "," ",67," "," ","7",61," "," ","7",61," "," ","7",56," "," ","7",NA," "," "," ",NA," "," "," ",NA," "," "," ",NA," "," "," ",NA," "," "," ",NA," "," "," ",NA," "," "," "
"3666","USC00359461",2018,2,"TMAX",78," "," ","7",200," "," ","7",172," "," ","7",178," "," ","7",156," "," ","7",161," "," ","7",61," "," ","7",172," "," ","7",183," "," ","7",172," "," ","7",156," "," ","7",106," "," ","7",111," "," ","7",144," "," ","7",100," "," ","7",111," "," ","7",139," "," ","7",156," "," ","7",128," "," ","7",61," "," ","7",72," "," ","7",56," "," ","7",56," "," ","7",72," "," ","7",83," "," ","7",83," "," ","7",67," "," ","7",56," "," ","7",NA," "," "," ",NA," "," "," ",NA," "," "," "
"3667","USC00359461",2018,2,"TMIN",33," "," ","7",33," "," ","7",72," "," ","7",72," "," ","7",72," "," ","7",33," "," ","7",-6," "," ","7",0," "," ","7",11," "," ","7",28," "," ","7",11," "," ","7",-22," "," ","7",-56," "," ","7",-33," "," ","7",11," "," ","7",-11," "," ","7",11," "," ","7",0," "," ","7",-28," "," ","7",-22," "," ","7",0," "," ","7",-17," "," ","7",-61," "," ","7",-39," "," ","7",33," "," ","7",17," "," ","7",-17," "," ","7",-61," "," ","7",NA," "," "," ",NA," "," "," ",NA," "," "," "
"3668","USC00359461",2018,2,"TOBS",33," "," ","7",100," "," ","7",72," "," ","7",94," "," ","7",72," "," ","7",33," "," ","7",28," "," ","7",11," "," ","7",61," "," ","7",44," "," ","7",33," "," ","7",33," "," ","7",-33," "," ","7",39," "," ","7",11," "," ","7",11," "," ","7",78," "," ","7",33," "," ","7",0," "," ","7",0," "," ","7",22," "," ","7",6," "," ","7",-39," "," ","7",56," "," ","7",44," "," ","7",33," "," ","7",-11," "," ","7",39," "," ","7",NA," "," "," ",NA," "," "," ",NA," "," "," "
"3669","USC00359461",2018,2,"PRCP",0," "," ","7",0," "," ","7",0," "," ","7",0," "," ","7",0," "," ","7",0," "," ","7",8," "," ","7",0,"T"," ","7",0," "," ","7",0," "," ","7",0," "," ","7",58," "," ","7",0," "," ","7",8," "," ","7",15," "," ","7",0," "," ","7",0,"T"," ","7",46," "," ","7",114," "," ","7",0," "," ","7",64," "," ","7",8," "," ","7",0," "," ","7",76," "," ","7",69," "," ","7",229," "," ","7",229," "," ","7",5," "," ","7",NA," "," "," ",NA," "," "," ",NA," "," "," "
"3670","USC00359461",2018,2,"SNOW",0," "," ","7",NA," "," "," ",NA," "," "," ",NA," "," "," ",NA," "," "," ",NA," "," "," ",NA," "," "," ",NA," "," "," ",NA," "," "," ",NA," "," "," ",NA," "," "," ",NA," "," "," ",NA," "," "," ",NA," "," "," ",NA," "," "," ",NA," "," "," ",NA," "," "," ",NA," "," "," ",NA," "," "," ",NA," "," "," ",NA," "," "," ",64," "," ","7",NA," "," "," ",NA," "," "," ",NA," "," "," ",NA," "," "," ",NA," "," "," ",NA," "," "," ",NA," "," "," ",NA," "," "," ",NA," "," "," "
"3671","USC00359461",2018,2,"SNWD",0," "," ","7",NA," "," "," ",NA," "," "," ",NA," "," "," ",NA," "," "," ",NA," "," "," ",NA," "," "," ",NA," "," "," ",NA," "," "," ",NA," "," "," ",NA," "," "," ",NA," "," "," ",NA," "," "," ",NA," "," "," ",NA," "," "," ",NA," "," "," ",NA," "," "," ",NA," "," "," ",NA," "," "," ",NA," "," "," ",NA," "," "," ",51," "," ","7",NA," "," "," ",NA," "," "," ",NA," "," "," ",NA," "," "," ",NA," "," "," ",NA," "," "," ",NA," "," "," ",NA," "," "," ",NA," "," "," "
"3672","USC00359461",2018,2,"SN32",NA," "," "," ",NA," "," "," ",NA," "," "," ",NA," "," "," ",NA," "," "," ",NA," "," "," ",NA," "," "," ",NA," "," "," ",NA," "," "," ",NA," "," "," ",NA," "," "," ",NA," "," "," ",NA," "," "," ",NA," "," "," ",NA," "," "," ",44," "," ","7",NA," "," "," ",44," "," ","7",39," "," ","7",39," "," ","7",39," "," ","7",NA," "," "," ",NA," "," "," ",NA," "," "," ",NA," "," "," ",NA," "," "," ",NA," "," "," ",NA," "," "," ",NA," "," "," ",NA," "," "," ",NA," "," "," "
"3673","USC00359461",2018,2,"SX32",NA," "," "," ",NA," "," "," ",NA," "," "," ",NA," "," "," ",NA," "," "," ",NA," "," "," ",NA," "," "," ",NA," "," "," ",NA," "," "," ",NA," "," "," ",NA," "," "," ",NA," "," "," ",NA," "," "," ",NA," "," "," ",NA," "," "," ",72," "," ","7",NA," "," "," ",78," "," ","7",61," "," ","7",72," "," ","7",78," "," ","7",NA," "," "," ",NA," "," "," ",NA," "," "," ",NA," "," "," ",NA," "," "," ",NA," "," "," ",NA," "," "," ",NA," "," "," ",NA," "," "," ",NA," "," "," "
"3674","USC00359461",2018,3,"TMAX",111," "," ","7",89," "," ","7",117," "," ","7",117," "," ","7",106," "," ","7",139," "," ","7",144," "," ","7",144," "," ","7",167," "," ","7",178," "," ","7",133," "," ","7",139," "," ","7",222," "," ","7",150," "," ","7",167," "," ","7",111," "," ","7",128," "," ","7",128," "," ","7",144," "," ","7",144," "," ","7",172," "," ","7",167," "," ","7",156," "," ","7",144," "," ","7",128," "," ","7",144," "," ","7",144," "," ","7",156," "," ","7",183," "," ","7",194," "," ","7",200," "," ","7"
"3675","USC00359461",2018,3,"TMIN",6," "," ","7",0," "," ","7",6," "," ","7",-11," "," ","7",-22," "," ","7",-33," "," ","7",-11," "," ","7",28," "," ","7",72," "," ","7",61," "," ","7",50," "," ","7",28," "," ","7",28," "," ","7",22," "," ","7",11," "," ","7",22," "," ","7",22," "," ","7",17," "," ","7",-11," "," ","7",-11," "," ","7",17," "," ","7",28," "," ","7",17," "," ","7",-11," "," ","7",0," "," ","7",-22," "," ","7",0," "," ","7",33," "," ","7",17," "," ","7",22," "," ","7",33," "," ","7"
"3676","USC00359461",2018,3,"TOBS",28," "," ","7",28," "," ","7",22," "," ","7",6," "," ","7",0," "," ","7",-11," "," ","7",28," "," ","7",106," "," ","7",83," "," ","7",83," "," ","7",61," "," ","7",28," "," ","7",111," "," ","7",56," "," ","7",39," "," ","7",33," "," ","7",44," "," ","7",39," "," ","7",11," "," ","7",17," "," ","7",83," "," ","7",56," "," ","7",39," "," ","7",11," "," ","7",22," "," ","7",0," "," ","7",33," "," ","7",78," "," ","7",28," "," ","7",33," "," ","7",56," "," ","7"
"3677","USC00359461",2018,3,"PRCP",157," "," ","7",51," "," ","7",25," "," ","7",5," "," ","7",0," "," ","7",0," "," ","7",0," "," ","7",18," "," ","7",0," "," ","7",0," "," ","7",13," "," ","7",8," "," ","7",109," "," ","7",74," "," ","7",30," "," ","7",61," "," ","7",20," "," ","7",5," "," ","7",0," "," ","7",0," "," ","7",20," "," ","7",127," "," ","7",99," "," ","7",312," "," ","7",0," "," ","7",0," "," ","7",0," "," ","7",0," "," ","7",0," "," ","7",0," "," ","7",0," "," ","7"
"3678","USC00359461",2018,3,"SN32",28," "," ","7",33," "," ","7",28," "," ","7",28," "," ","7",33," "," ","7",33," "," ","7",28," "," ","7",NA," "," "," ",NA," "," "," ",NA," "," "," ",NA," "," "," ",NA," "," "," ",NA," "," "," ",NA," "," "," ",33," "," ","7",33," "," ","7",28," "," ","7",33," "," ","7",33," "," ","7",28," "," ","7",33," "," ","7",NA," "," "," ",NA," "," "," ",NA," "," "," ",NA," "," "," ",NA," "," "," ",NA," "," "," ",NA," "," "," ",33," "," ","7",33," "," ","7",33," "," ","7"
"3679","USC00359461",2018,3,"SX32",83," "," ","7",83," "," ","7",61," "," ","7",72," "," ","7",72," "," ","7",72," "," ","7",72," "," ","7",NA," "," "," ",NA," "," "," ",NA," "," "," ",NA," "," "," ",NA," "," "," ",NA," "," "," ",NA," "," "," ",72," "," ","7",78," "," ","7",83," "," ","7",83," "," ","7",78," "," ","7",78," "," ","7",83," "," ","7",NA," "," "," ",NA," "," "," ",NA," "," "," ",NA," "," "," ",NA," "," "," ",NA," "," "," ",NA," "," "," ",83," "," ","7",94," "," ","7",100," "," ","7"
"3680","USC00359461",2018,4,"TMAX",189," "," ","7",167," "," ","7",139," "," ","7",161," "," ","7",228," "," ","7",150," "," ","7",206," "," ","7",167," "," ","7",156," "," ","7",211," "," ","7",211," "," ","7",222," "," ","7",117," "," ","7",156," "," ","7",172," "," ","7",178," "," ","7",133," "," ","7",139," "," ","7",178," "," ","7",189," "," ","7",206," "," ","7",211," "," ","7",211," "," ","7",261," "," ","7",256," "," ","7",306," "," ","7",211," "," ","7",222," "," ","7",183," "," ","7",156," "," ","7",NA," "," "," "
"3681","USC00359461",2018,4,"TMIN",22," "," ","7",6," "," ","7",-11," "," ","7",0," "," ","7",78," "," ","7",72," "," ","7",83," "," ","7",61," "," ","7",6," "," ","7",28," "," ","7",44," "," ","7",28," "," ","7",44," "," ","7",44," "," ","7",44," "," ","7",33," "," ","7",33," "," ","7",39," "," ","7",6," "," ","7",28," "," ","7",56," "," ","7",56," "," ","7",22," "," ","7",44," "," ","7",56," "," ","7",78," "," ","7",89," "," ","7",83," "," ","7",83," "," ","7",67," "," ","7",NA," "," "," "
"3682","USC00359461",2018,4,"TOBS",28," "," ","7",22," "," ","7",0," "," ","7",78," "," ","7",94," "," ","7",106," "," ","7",117," "," ","7",89," "," ","7",28," "," ","7",122," "," ","7",72," "," ","7",44," "," ","7",67," "," ","7",44," "," ","7",83," "," ","7",50," "," ","7",56," "," ","7",56," "," ","7",28," "," ","7",56," "," ","7",83," "," ","7",72," "," ","7",44," "," ","7",61," "," ","7",78," "," ","7",106," "," ","7",106," "," ","7",100," "," ","7",89," "," ","7",72," "," ","7",NA," "," "," "
"3683","USC00359461",2018,4,"PRCP",0," "," ","7",5," "," ","7",0," "," ","7",0," "," ","7",13," "," ","7",64," "," ","7",64," "," ","7",122," "," ","7",5," "," ","7",0," "," ","7",0," "," ","7",91," "," ","7",112," "," ","7",0,"T"," ","7",15," "," ","7",76," "," ","7",51," "," ","7",10," "," ","7",0," "," ","7",0," "," ","7",0," "," ","7",0," "," ","7",0," "," ","7",0," "," ","7",0," "," ","7",0," "," ","7",8," "," ","7",114," "," ","7",152," "," ","7",76," "," ","7",NA," "," "," "
"3684","USC00359461",2018,4,"SN32",33," "," ","7",28," "," ","7",33," "," ","7",33," "," ","7",33," "," ","7",NA," "," "," ",NA," "," "," ",NA," "," "," ",NA," "," "," ",NA," "," "," ",NA," "," "," ",28," "," ","7",33," "," ","7",NA," "," "," ",NA," "," "," ",89," "," ","7",89," "," ","7",89," "," ","7",NA," "," "," ",NA," "," "," ",NA," "," "," ",NA," "," "," ",NA," "," "," ",NA," "," "," ",NA," "," "," ",172," "," ","7",167," "," ","7",139," "," ","7",133," "," ","7",128," "," ","7",NA," "," "," "
"3685","USC00359461",2018,4,"SX32",100," "," ","7",100," "," ","7",100," "," ","7",100," "," ","7",106," "," ","7",NA," "," "," ",NA," "," "," ",NA," "," "," ",NA," "," "," ",NA," "," "," ",NA," "," "," ",117," "," ","7",117," "," ","7",NA," "," "," ",NA," "," "," ",89," "," ","7",94," "," ","7",94," "," ","7",NA," "," "," ",NA," "," "," ",NA," "," "," ",NA," "," "," ",NA," "," "," ",NA," "," "," ",NA," "," "," ",172," "," ","7",172," "," ","7",167," "," ","7",161," "," ","7",167," "," ","7",NA," "," "," "
"3686","USC00359461",2018,5,"TMAX",150," "," ","7",178," "," ","7",244," "," ","7",261," "," ","7",261," "," ","7",267," "," ","7",222," "," ","7",278," "," ","7",250," "," ","7",239," "," ","7",239," "," ","7",183," "," ","7",250," "," ","7",322," "," ","7",261," "," ","7",194," "," ","7",222," "," ","7",244," "," ","7",244," "," ","7",239," "," ","7",244," "," ","7",256," "," ","7",306," "," ","7",311," "," ","7",306," "," ","7",167," "," ","7",217," "," ","7",278," "," ","7",272," "," ","7",200," "," ","7",211," "," ","7"
"3687","USC00359461",2018,5,"TMIN",61," "," ","7",44," "," ","7",61," "," ","7",83," "," ","7",100," "," ","7",100," "," ","7",100," "," ","7",100," "," ","7",117," "," ","7",100," "," ","7",83," "," ","7",83," "," ","7",94," "," ","7",111," "," ","7",106," "," ","7",122," "," ","7",100," "," ","7",106," "," ","7",106," "," ","7",106," "," ","7",106," "," ","7",72," "," ","7",94," "," ","7",111," "," ","7",128," "," ","7",78," "," ","7",94," "," ","7",111," "," ","7",111," "," ","7",72," "," ","7",94," "," ","7"
"3688","USC00359461",2018,5,"TOBS",72," "," ","7",61," "," ","7",83," "," ","7",117," "," ","7",117," "," ","7",117," "," ","7",117," "," ","7",122," "," ","7",133," "," ","7",117," "," ","7",100," "," ","7",106," "," ","7",111," "," ","7",111," "," ","7",122," "," ","7",128," "," ","7",128," "," ","7",128," "," ","7",128," "," ","7",133," "," ","7",133," "," ","7",94," "," ","7",133," "," ","7",133," "," ","7",150," "," ","7",94," "," ","7",111," "," ","7",128," "," ","7",133," "," ","7",100," "," ","7",117," "," ","7"
"3689","USC00359461",2018,5,"PRCP",10," "," ","7",0," "," ","7",0," "," ","7",0," "," ","7",0," "," ","7",91," "," ","7",0," "," ","7",0," "," ","7",0," "," ","7",0," "," ","7",25," "," ","7",0," "," ","7",0," "," ","7",0," "," ","7",0," "," ","7",0," "," ","7",0," "," ","7",0," "," ","7",0," "," ","7",0," "," ","7",0," "," ","7",0," "," ","7",0," "," ","7",0," "," ","7",0," "," ","7",0," "," ","7",0," "," ","7",0," "," ","7",0," "," ","7",0," "," ","7",0," "," ","7"
"3690","USC00359461",2018,5,"SN32",128," "," ","7",128," "," ","7",NA," "," "," ",NA," "," "," ",NA," "," "," ",NA," "," "," ",NA," "," "," ",NA," "," "," ",NA," "," "," ",172," "," ","7",167," "," ","7",161," "," ","7",161," "," ","7",172," "," ","7",NA," "," "," ",NA," "," "," ",NA," "," "," ",NA," "," "," ",NA," "," "," ",NA," "," "," ",NA," "," "," ",NA," "," "," ",NA," "," "," ",167," "," ","7",189," "," ","7",183," "," ","7",183," "," ","7",189," "," ","7",189," "," ","7",189," "," ","7",NA," "," "," "
"3691","USC00359461",2018,5,"SX32",167," "," ","7",128," "," ","7",NA," "," "," ",NA," "," "," ",NA," "," "," ",NA," "," "," ",NA," "," "," ",NA," "," "," ",NA," "," "," ",172," "," ","7",172," "," ","7",178," "," ","7",172," "," ","7",178," "," ","7",NA," "," "," ",NA," "," "," ",NA," "," "," ",NA," "," "," ",NA," "," "," ",NA," "," "," ",NA," "," "," ",NA," "," "," ",NA," "," "," ",200," "," ","7",200," "," ","7",206," "," ","7",200," "," ","7",200," "," ","7",206," "," ","7",206," "," ","7",NA," "," "," "
"3692","USC00359461",2018,6,"TMAX",211," "," ","7",283," "," ","7",300," "," ","7",294," "," ","7",256," "," ","7",250," "," ","7",278," "," ","7",250," "," ","7",250," "," ","7",211," "," ","7",200," "," ","7",244," "," ","7",289," "," ","7",NA," "," "," ",228," "," ","7",222," "," ","7",NA," "," "," ",233," "," ","7",306," "," ","7",333," "," ","7",361," "," ","7",278," "," ","7",267," "," ","7",294," "," ","7",344," "," ","7",NA," "," "," ",272," "," ","7",283," "," ","7",278," "," ","7",311," "," ","7",NA," "," "," "
"3693","USC00359461",2018,6,"TMIN",44," "," ","7",61," "," ","7",78," "," ","7",72," "," ","7",94," "," ","7",100," "," ","7",111," "," ","7",83," "," ","7",89," "," ","7",72," "," ","7",83," "," ","7",100," "," ","7",89," "," ","7",NA," "," "," ",111," "," ","7",117," "," ","7",NA," "," "," ",139," "," ","7",133," "," ","7",139," "," ","7",133," "," ","7",122," "," ","7",133," "," ","7",122," "," ","7",133," "," ","7",NA," "," "," ",133," "," ","7",150," "," ","7",78," "," ","7",100," "," ","7",NA," "," "," "
"3694","USC00359461",2018,6,"TOBS",61," "," ","7",78," "," ","7",150," "," ","7",94," "," ","7",128," "," ","7",128," "," ","7",133," "," ","7",100," "," ","7",111," "," ","7",83," "," ","7",128," "," ","7",111," "," ","7",122," "," ","7",NA," "," "," ",128," "," ","7",133," "," ","7",NA," "," "," ",150," "," ","7",156," "," ","7",161," "," ","7",144," "," ","7",144," "," ","7",150," "," ","7",150," "," ","7",156," "," ","7",NA," "," "," ",161," "," ","7",150," "," ","7",100," "," ","7",133," "," ","7",NA," "," "," "
"3695","USC00359461",2018,6,"PRCP",0," "," ","7",0," "," ","7",0," "," ","7",0," "," ","7",0," "," ","7",0," "," ","7",0," "," ","7",0," "," ","7",84," "," ","7",89," "," ","7",10," "," ","7",0," "," ","7",0," "," ","7",NA," "," "," ",0," "," ","7",0," "," ","7",NA," "," "," ",8," "," ","7",0," "," ","7",0," "," ","7",0," "," ","7",0," "," ","7",0," "," ","7",0," "," ","7",0," "," ","7",NA," "," "," ",0," "," ","7",0," "," ","7",0," "," ","7",0," "," ","7",NA," "," "," "
"3696","USC00359461",2018,6,"SN32",NA," "," "," ",NA," "," "," ",NA," "," "," ",NA," "," "," ",NA," "," "," ",NA," "," "," ",194," "," ","7",211," "," ","7",206," "," ","7",189," "," ","7",183," "," ","7",178," "," ","7",178," "," ","7",NA," "," "," ",NA," "," "," ",NA," "," "," ",NA," "," "," ",NA," "," "," ",NA," "," "," ",NA," "," "," ",194," "," ","7",233," "," ","7",233," "," ","7",NA," "," "," ",239," "," ","7",NA," "," "," ",239," "," ","7",NA," "," "," ",NA," "," "," ",NA," "," "," ",NA," "," "," "
"3697","USC00359461",2018,6,"SX32",NA," "," "," ",NA," "," "," ",NA," "," "," ",NA," "," "," ",NA," "," "," ",NA," "," "," ",211," "," ","7",211," "," ","7",211," "," ","7",211," "," ","7",183," "," ","7",194," "," ","7",200," "," ","7",NA," "," "," ",NA," "," "," ",NA," "," "," ",NA," "," "," ",NA," "," "," ",NA," "," "," ",NA," "," "," ",233," "," ","7",233," "," ","7",233," "," ","7",NA," "," "," ",239," "," ","7",NA," "," "," ",239," "," ","7",NA," "," "," ",NA," "," "," ",NA," "," "," ",NA," "," "," "
"3698","USC00359461",2018,7,"TMAX",322," "," ","7",317," "," ","7",244," "," ","7",267," "," ","7",289," "," ","7",328," "," ","7",289," "," ","7",294," "," ","7",306," "," ","7",NA," "," "," ",294," "," ","7",311," "," ","7",378," "," ","7",378," "," ","7",378," "," ","7",378," "," ","7",383," "," ","7",361," "," ","7",322," "," ","7",256," "," ","7",267," "," ","7",261," "," ","7",339," "," ","7",344," "," ","7",389," "," ","7",394," "," ","7",383," "," ","7",367," "," ","7",361," "," ","7",367," "," ","7",344," "," ","7"
"3699","USC00359461",2018,7,"TMIN",128," "," ","7",106," "," ","7",83," "," ","7",89," "," ","7",100," "," ","7",117," "," ","7",100," "," ","7",100," "," ","7",128," "," ","7",NA," "," "," ",144," "," ","7",172," "," ","7",150," "," ","7",150," "," ","7",156," "," ","7",156," "," ","7",156," "," ","7",150," "," ","7",161," "," ","7",133," "," ","7",139," "," ","7",128," "," ","7",139," "," ","7",156," "," ","7",156," "," ","7",150," "," ","7",144," "," ","7",139," "," ","7",150," "," ","7",139," "," ","7",139," "," ","7"
"3700","USC00359461",2018,7,"TOBS",144," "," ","7",106," "," ","7",89," "," ","7",100," "," ","7",133," "," ","7",161," "," ","7",122," "," ","7",156," "," ","7",156," "," ","7",NA," "," "," ",172," "," ","7",189," "," ","7",172," "," ","7",172," "," ","7",172," "," ","7",172," "," ","7",172," "," ","7",161," "," ","7",178," "," ","7",139," "," ","7",150," "," ","7",139," "," ","7",156," "," ","7",167," "," ","7",183," "," ","7",167," "," ","7",161," "," ","7",156," "," ","7",172," "," ","7",156," "," ","7",161," "," ","7"
"3701","USC00359461",2018,7,"PRCP",0," "," ","7",0," "," ","7",0," "," ","7",0," "," ","7",0," "," ","7",0," "," ","7",0," "," ","7",0," "," ","7",0," "," ","7",NA," "," "," ",0," "," ","7",0," "," ","7",0," "," ","7",0," "," ","7",0," "," ","7",0," "," ","7",0," "," ","7",0," "," ","7",0," "," ","7",0," "," ","7",0," "," ","7",0," "," ","7",0," "," ","7",0," "," ","7",0," "," ","7",0," "," ","7",0," "," ","7",0," "," ","7",0," "," ","7",0," "," ","7",0," "," ","7"
"3702","USC00359461",2018,7,"SN32",NA," "," "," ",NA," "," "," ",NA," "," "," ",NA," "," "," ",233," "," ","7",250," "," ","7",244," "," ","7",244," "," ","7",244," "," ","7",NA," "," "," ",244," "," ","7",NA," "," "," ",NA," "," "," ",NA," "," "," ",NA," "," "," ",NA," "," "," ",NA," "," "," ",NA," "," "," ",NA," "," "," ",NA," "," "," ",NA," "," "," ",NA," "," "," ",NA," "," "," ",NA," "," "," ",239," "," ","7",NA," "," "," ",NA," "," "," ",NA," "," "," ",NA," "," "," ",NA," "," "," ",NA," "," "," "
"3703","USC00359461",2018,7,"SX32",NA," "," "," ",NA," "," "," ",NA," "," "," ",NA," "," "," ",250," "," ","7",250," "," ","7",250," "," ","7",250," "," ","7",250," "," ","7",NA," "," "," ",250," "," ","7",NA," "," "," ",NA," "," "," ",NA," "," "," ",NA," "," "," ",NA," "," "," ",NA," "," "," ",NA," "," "," ",NA," "," "," ",NA," "," "," ",NA," "," "," ",NA," "," "," ",NA," "," "," ",NA," "," "," ",278," "," ","7",NA," "," "," ",NA," "," "," ",NA," "," "," ",NA," "," "," ",NA," "," "," ",NA," "," "," "
"3704","USC00359461",2018,8,"TMAX",350," "," ","7",394," "," ","7",256," "," ","7",306," "," ","7",322," "," ","7",322," "," ","7",333," "," ","7",350," "," ","7",361," "," ","7",372," "," ","7",306," "," ","7",289," "," ","7",300," "," ","7",333," "," ","7",361," "," ","7",306," "," ","7",278," "," ","7",317," "," ","7",NA," "," "," ",NA," "," "," ",NA," "," "," ",NA," "," "," ",344," "," ","7",233," "," ","7",256," "," ","7",283," "," ","7",267," "," ","7",272," "," ","7",333," "," ","7",322," "," ","7",239," "," ","7"
"3705","USC00359461",2018,8,"TMIN",139," "," ","7",117," "," ","7",144," "," ","7",128," "," ","7",122," "," ","7",128," "," ","7",133," "," ","7",144," "," ","7",161," "," ","7",150," "," ","7",139," "," ","7",139," "," ","7",139," "," ","7",144," "," ","7",139," "," ","7",139," "," ","7",122," "," ","7",100," "," ","7",NA," "," "," ",NA," "," "," ",NA," "," "," ",NA," "," "," ",106," "," ","7",106," "," ","7",67," "," ","7",78," "," ","7",106," "," ","7",89," "," ","7",78," "," ","7",78," "," ","7",117," "," ","7"
"3706","USC00359461",2018,8,"TOBS",156," "," ","7",156," "," ","7",167," "," ","7",156," "," ","7",150," "," ","7",156," "," ","7",167," "," ","7",178," "," ","7",178," "," ","7",178," "," ","7",167," "," ","7",156," "," ","7",144," "," ","7",156," "," ","7",161," "," ","7",172," "," ","7",139," "," ","7",122," "," ","7",NA," "," "," ",NA," "," "," ",NA," "," "," ",NA," "," "," ",106," "," ","7",122," "," ","7",78," "," ","7",106," "," ","7",128," "," ","7",89," "," ","7",78," "," ","7",122," "," ","7",144," "," ","7"
"3707","USC00359461",2018,8,"PRCP",0," "," ","7",0," "," ","7",0," "," ","7",0," "," ","7",0," "," ","7",0," "," ","7",0," "," ","7",0," "," ","7",0," "," ","7",0," "," ","7",0," "," ","7",0," "," ","7",0," "," ","7",0," "," ","7",0," "," ","7",0," "," ","7",0," "," ","7",0," "," ","7",NA," "," "," ",NA," "," "," ",NA," "," "," ",NA," "," "," ",0," "," ","7",0," "," ","7",0," "," ","7",0," "," ","7",0,"T"," ","7",0,"T"," ","7",0," "," ","7",0," "," ","7",0," "," ","7"
"3708","USC00359461",2018,8,"SN32",NA," "," "," ",239," "," ","7",239," "," ","7",239," "," ","7",244," "," ","7",239," "," ","7",239," "," ","7",244," "," ","7",NA," "," "," ",NA," "," "," ",NA," "," "," ",NA," "," "," ",NA," "," "," ",NA," "," "," ",NA," "," "," ",NA," "," "," ",256," "," ","7",250," "," ","7",NA," "," "," ",NA," "," "," ",NA," "," "," ",NA," "," "," ",NA," "," "," ",NA," "," "," ",NA," "," "," ",NA," "," "," ",NA," "," "," ",NA," "," "," ",NA," "," "," ",239," "," ","7",233," "," ","7"
"3709","USC00359461",2018,8,"SX32",NA," "," "," ",289," "," ","7",289," "," ","7",289," "," ","7",283," "," ","7",289," "," ","7",289," "," ","7",289," "," ","7",NA," "," "," ",NA," "," "," ",NA," "," "," ",NA," "," "," ",NA," "," "," ",NA," "," "," ",NA," "," "," ",NA," "," "," ",267," "," ","7",261," "," ","7",NA," "," "," ",NA," "," "," ",NA," "," "," ",NA," "," "," ",NA," "," "," ",NA," "," "," ",NA," "," "," ",NA," "," "," ",NA," "," "," ",NA," "," "," ",NA," "," "," ",250," "," ","7",239," "," ","7"
"3710","USC00359461",2018,9,"TMAX",278," "," ","7",278," "," ","7",294," "," ","7",289," "," ","7",294," "," ","7",311," "," ","7",294," "," ","7",278," "," ","7",272," "," ","7",267," "," ","7",278," "," ","7",244," "," ","7",233," "," ","7",244," "," ","7",239," "," ","7",233," "," ","7",211," "," ","7",228," "," ","7",239," "," ","7",244," "," ","7",261," "," ","7",294," "," ","7",222," "," ","7",217," "," ","7",228," "," ","7",278," "," ","7",311," "," ","7",306," "," ","7",311," "," ","7",250," "," ","7",NA," "," "," "
"3711","USC00359461",2018,9,"TMIN",106," "," ","7",100," "," ","7",122," "," ","7",128," "," ","7",94," "," ","7",117," "," ","7",106," "," ","7",122," "," ","7",94," "," ","7",106," "," ","7",111," "," ","7",100," "," ","7",78," "," ","7",78," "," ","7",39," "," ","7",39," "," ","7",89," "," ","7",61," "," ","7",39," "," ","7",33," "," ","7",50," "," ","7",50," "," ","7",44," "," ","7",33," "," ","7",28," "," ","7",28," "," ","7",39," "," ","7",56," "," ","7",83," "," ","7",106," "," ","7",NA," "," "," "
"3712","USC00359461",2018,9,"TOBS",128," "," ","7",122," "," ","7",128," "," ","7",144," "," ","7",117," "," ","7",139," "," ","7",122," "," ","7",150," "," ","7",117," "," ","7",122," "," ","7",128," "," ","7",122," "," ","7",100," "," ","7",106," "," ","7",39," "," ","7",117," "," ","7",111," "," ","7",72," "," ","7",67," "," ","7",100," "," ","7",50," "," ","7",111," "," ","7",44," "," ","7",33," "," ","7",28," "," ","7",39," "," ","7",78," "," ","7",83," "," ","7",139," "," ","7",139," "," ","7",NA," "," "," "
"3713","USC00359461",2018,9,"PRCP",0," "," ","7",0," "," ","7",0," "," ","7",0," "," ","7",0," "," ","7",0," "," ","7",0," "," ","7",0," "," ","7",0," "," ","7",0," "," ","7",0," "," ","7",5," "," ","7",61," "," ","7",0," "," ","7",0," "," ","7",0," "," ","7",10," "," ","7",0," "," ","7",0," "," ","7",0," "," ","7",0," "," ","7",0,"T"," ","7",0,"T"," ","7",0," "," ","7",0," "," ","7",0," "," ","7",0," "," ","7",0," "," ","7",0," "," ","7",56," "," ","7",NA," "," "," "
"3714","USC00359461",2018,9,"SN32",233," "," ","7",233," "," ","7",233," "," ","7",233," "," ","7",233," "," ","7",NA," "," "," ",NA," "," "," ",NA," "," "," ",NA," "," "," ",NA," "," "," ",NA," "," "," ",NA," "," "," ",211," "," ","7",206," "," ","7",NA," "," "," ",200," "," ","7",194," "," ","7",194," "," ","7",194," "," ","7",NA," "," "," ",NA," "," "," ",NA," "," "," ",NA," "," "," ",NA," "," "," ",NA," "," "," ",NA," "," "," ",189," "," ","7",189," "," ","7",189," "," ","7",189," "," ","7",NA," "," "," "
"3715","USC00359461",2018,9,"SX32",239," "," ","7",239," "," ","7",239," "," ","7",239," "," ","7",239," "," ","7",NA," "," "," ",NA," "," "," ",NA," "," "," ",NA," "," "," ",NA," "," "," ",NA," "," "," ",NA," "," "," ",211," "," ","7",211," "," ","7",NA," "," "," ",211," "," ","7",200," "," ","7",200," "," ","7",194," "," ","7",NA," "," "," ",NA," "," "," ",NA," "," "," ",NA," "," "," ",NA," "," "," ",NA," "," "," ",NA," "," "," ",200," "," ","7",200," "," ","7",200," "," ","7",200," "," ","7",NA," "," "," "
"3716","USC00359461",2018,10,"TMAX",228," "," ","7",NA," "," "," ",239," "," ","7",200," "," ","7",217," "," ","7",233," "," ","7",217," "," ","7",200," "," ","7",206," "," ","7",206," "," ","7",200," "," ","7",217," "," ","7",256," "," ","7",222," "," ","7",250," "," ","7",261," "," ","7",278," "," ","7",283," "," ","7",256," "," ","7",250," "," ","7",239," "," ","7",244," "," ","7",239," "," ","7",167," "," ","7",239," "," ","7",189," "," ","7",183," "," ","7",222," "," ","7",211," "," ","7",172," "," ","7",167," "," ","7"
"3717","USC00359461",2018,10,"TMIN",106," "," ","7",NA," "," "," ",56," "," ","7",72," "," ","7",94," "," ","7",33," "," ","7",89," "," ","7",89," "," ","7",106," "," ","7",100," "," ","7",22," "," ","7",17," "," ","7",33," "," ","7",-11," "," ","7",-11," "," ","7",0," "," ","7",17," "," ","7",28," "," ","7",39," "," ","7",39," "," ","7",44," "," ","7",44," "," ","7",50," "," ","7",67," "," ","7",44," "," ","7",67," "," ","7",100," "," ","7",111," "," ","7",83," "," ","7",33," "," ","7",61," "," ","7"
"3718","USC00359461",2018,10,"TOBS",139," "," ","7",NA," "," "," ",72," "," ","7",133," "," ","7",117," "," ","7",94," "," ","7",106," "," ","7",106," "," ","7",156," "," ","7",117," "," ","7",44," "," ","7",44," "," ","7",61," "," ","7",22," "," ","7",17," "," ","7",28," "," ","7",39," "," ","7",39," "," ","7",72," "," ","7",50," "," ","7",61," "," ","7",61," "," ","7",67," "," ","7",100," "," ","7",67," "," ","7",122," "," ","7",128," "," ","7",128," "," ","7",94," "," ","7",61," "," ","7",106," "," ","7"
"3719","USC00359461",2018,10,"PRCP",0," "," ","7",NA," "," "," ",0," "," ","7",0," "," ","7",0," "," ","7",94," "," ","7",0," "," ","7",25," "," ","7",20," "," ","7",0," "," ","7",0," "," ","7",0," "," ","7",0," "," ","7",0," "," ","7",0," "," ","7",0," "," ","7",0," "," ","7",0," "," ","7",0," "," ","7",0," "," ","7",0," "," ","7",0," "," ","7",0," "," ","7",5," "," ","7",0," "," ","7",0," "," ","7",64," "," ","7",102," "," ","7",168," "," ","7",30," "," ","7",0," "," ","7"
"3720","USC00359461",2018,11,"TMAX",150," "," ","7",156," "," ","7",172," "," ","7",183," "," ","7",156," "," ","7",150," "," ","7",144," "," ","7",167," "," ","7",128," "," ","7",156," "," ","7",111," "," ","7",139," "," ","7",167," "," ","7",156," "," ","7",139," "," ","7",89," "," ","7",NA," "," "," ",139," "," ","7",94," "," ","7",78," "," ","7",128," "," ","7",111," "," ","7",133," "," ","7",133," "," ","7",111," "," ","7",128," "," ","7",161," "," ","7",144," "," ","7",144," "," ","7",94," "," ","7",NA," "," "," "
"3721","USC00359461",2018,11,"TMIN",83," "," ","7",100," "," ","7",89," "," ","7",100," "," ","7",72," "," ","7",50," "," ","7",28," "," ","7",11," "," ","7",-17," "," ","7",-6," "," ","7",6," "," ","7",-28," "," ","7",-22," "," ","7",-33," "," ","7",-6," "," ","7",17," "," ","7",NA," "," "," ",44," "," ","7",28," "," ","7",28," "," ","7",28," "," ","7",44," "," ","7",44," "," ","7",44," "," ","7",44," "," ","7",50," "," ","7",56," "," ","7",56," "," ","7",50," "," ","7",33," "," ","7",NA," "," "," "
"3722","USC00359461",2018,11,"TOBS",100," "," ","7",128," "," ","7",106," "," ","7",117," "," ","7",83," "," ","7",61," "," ","7",39," "," ","7",39," "," ","7",11," "," ","7",6," "," ","7",33," "," ","7",-17," "," ","7",0," "," ","7",-6," "," ","7",39," "," ","7",39," "," ","7",NA," "," "," ",61," "," ","7",33," "," ","7",28," "," ","7",50," "," ","7",56," "," ","7",72," "," ","7",67," "," ","7",72," "," ","7",78," "," ","7",122," "," ","7",78," "," ","7",67," "," ","7",61," "," ","7",NA," "," "," "
"3723","USC00359461",2018,11,"PRCP",18," "," ","7",0," "," ","7",0," "," ","7",10," "," ","7",20," "," ","7",10," "," ","7",3," "," ","7",0," "," ","7",0," "," ","7",0," "," ","7",0," "," ","7",0," "," ","7",0," "," ","7",0," "," ","7",0," "," ","7",0," "," ","7",NA," "," "," ",0," "," ","7",0," "," ","7",5," "," ","7",0," "," ","7",198," "," ","7",203," "," ","7",66," "," ","7",5," "," ","7",0," "," ","7",132," "," ","7",163," "," ","7",20," "," ","7",74," "," ","7",NA," "," "," "
"3724","USC00359461",2018,12,"TMAX",94," "," ","7",NA," "," "," ",89," "," ","7",83," "," ","7",83," "," ","7",56," "," ","7",33," "," ","7",NA," "," "," ",83," "," ","7",89," "," ","7",111," "," ","7",111," "," ","7",72," "," ","7",78," "," ","7",100," "," ","7",106," "," ","7",128," "," ","7",133," "," ","7",150," "," ","7",139," "," ","7",122," "," ","7",111," "," ","7",100," "," ","7",117," "," ","7",111," "," ","7",89," "," ","7",89," "," ","7",83," "," ","7",89," "," ","7",106," "," ","7",89," "," ","7"
"3725","USC00359461",2018,12,"TMIN",33," "," ","7",NA," "," "," ",-6," "," ","7",-6," "," ","7",-17," "," ","7",-22," "," ","7",-28," "," ","7",NA," "," "," ",39," "," ","7",39," "," ","7",33," "," ","7",22," "," ","7",6," "," ","7",-6," "," ","7",6," "," ","7",17," "," ","7",22," "," ","7",56," "," ","7",44," "," ","7",44," "," ","7",22," "," ","7",11," "," ","7",17," "," ","7",44," "," ","7",56," "," ","7",0," "," ","7",11," "," ","7",33," "," ","7",17," "," ","7",33," "," ","7",22," "," ","7"
"3726","USC00359461",2018,12,"TOBS",56," "," ","7",NA," "," "," ",11," "," ","7",11," "," ","7",-6," "," ","7",-6," "," ","7",0," "," ","7",NA," "," "," ",39," "," ","7",61," "," ","7",56," "," ","7",33," "," ","7",17," "," ","7",11," "," ","7",22," "," ","7",22," "," ","7",56," "," ","7",117," "," ","7",61," "," ","7",50," "," ","7",44," "," ","7",17," "," ","7",72," "," ","7",78," "," ","7",72," "," ","7",11," "," ","7",44," "," ","7",50," "," ","7",39," "," ","7",56," "," ","7",44," "," ","7"
"3727","USC00359461",2018,12,"PRCP",193," "," ","7",30," "," ","7",5," "," ","7",5," "," ","7",0," "," ","7",0," "," ","7",0," "," ","7",NA," "," "," ",0," "," ","7",89," "," ","7",13," "," ","7",56," "," ","7",0," "," ","7",0," "," ","7",74," "," ","7",0," "," ","7",91," "," ","7",89," "," ","7",114," "," ","7",0," "," ","7",163," "," ","7",0," "," ","7",10," "," ","7",76," "," ","7",102," "," ","7",0," "," ","7",109," "," ","7",0," "," ","7",0," "," ","7",46," "," ","7",18," "," ","7"
"3728","USC00359461",2019,1,"TMAX",83," "," ","7",72," "," ","7",83," "," ","7",89," "," ","7",100," "," ","7",111," "," ","7",156," "," ","7",67," "," ","7",100," "," ","7",128," "," ","7",144," "," ","7",78," "," ","7",67," "," ","7",50," "," ","7",28," "," ","7",72," "," ","7",111," "," ","7",122," "," ","7",111," "," ","7",111," "," ","7",78," "," ","7",106," "," ","7",100," "," ","7",139," "," ","7",128," "," ","7",133," "," ","7",NA," "," "," ",122," "," ","7",106," "," ","7",106," "," ","7",94," "," ","7"
"3729","USC00359461",2019,1,"TMIN",-22," "," ","7",-33," "," ","7",-11," "," ","7",0," "," ","7",17," "," ","7",22," "," ","7",-11," "," ","7",11," "," ","7",17," "," ","7",17," "," ","7",39," "," ","7",44," "," ","7",17," "," ","7",11," "," ","7",11," "," ","7",6," "," ","7",22," "," ","7",0," "," ","7",22," "," ","7",44," "," ","7",22," "," ","7",17," "," ","7",33," "," ","7",50," "," ","7",56," "," ","7",39," "," ","7",NA," "," "," ",33," "," ","7",33," "," ","7",28," "," ","7",22," "," ","7"
"3730","USC00359461",2019,1,"TOBS",0," "," ","7",-11," "," ","7",17," "," ","7",33," "," ","7",22," "," ","7",44," "," ","7",11," "," ","7",44," "," ","7",50," "," ","7",56," "," ","7",50," "," ","7",44," "," ","7",17," "," ","7",11," "," ","7",11," "," ","7",22," "," ","7",94," "," ","7",22," "," ","7",89," "," ","7",67," "," ","7",39," "," ","7",33," "," ","7",67," "," ","7",72," "," ","7",72," "," ","7",61," "," ","7",NA," "," "," ",56," "," ","7",56," "," ","7",50," "," ","7",22," "," ","7"
"3731","USC00359461",2019,1,"PRCP",0," "," ","7",0," "," ","7",0," "," ","7",0," "," ","7",0," "," ","7",112," "," ","7",46," "," ","7",30," "," ","7",10," "," ","7",64," "," ","7",0," "," ","7",0,"T"," ","7",0,"T"," ","7",0,"T"," ","7",0," "," ","7",5," "," ","7",20," "," ","7",137," "," ","7",310," "," ","7",427," "," ","7",71," "," ","7",0," "," ","7",13," "," ","7",10," "," ","7",0," "," ","7",0," "," ","7",NA," "," "," ",0," "," ","7",5," "," ","7",0," "," ","7",0," "," ","7"
"3732","USC00359461",2019,2,"TMAX",72," "," ","7",83," "," ","7",106," "," ","7",78," "," ","7",17," "," ","7",44," "," ","7",61," "," ","7",106," "," ","7",67," "," ","7",56," "," ","7",78," "," ","7",111," "," ","7",83," "," ","7",128," "," ","7",144," "," ","7",94," "," ","7",72," "," ","7",72," "," ","7",72," "," ","7",NA," "," "," ",83," "," ","7",89," "," ","7",106," "," ","7",83," "," ","7",72," "," ","7",28," "," ","7",33," "," ","7",33," "," ","7",NA," "," "," ",NA," "," "," ",NA," "," "," "
"3733","USC00359461",2019,2,"TMIN",22," "," ","7",56," "," ","7",67," "," ","7",17," "," ","7",6," "," ","7",6," "," ","7",-33," "," ","7",-17," "," ","7",17," "," ","7",-11," "," ","7",6," "," ","7",33," "," ","7",44," "," ","7",44," "," ","7",11," "," ","7",0," "," ","7",-11," "," ","7",-28," "," ","7",-6," "," ","7",NA," "," "," ",17," "," ","7",-17," "," ","7",0," "," ","7",56," "," ","7",0," "," ","7",0," "," ","7",0," "," ","7",0," "," ","7",NA," "," "," ",NA," "," "," ",NA," "," "," "
"3734","USC00359461",2019,2,"TOBS",56," "," ","7",72," "," ","7",67," "," ","7",17," "," ","7",6," "," ","7",11," "," ","7",-17," "," ","7",33," "," ","7",33," "," ","7",6," "," ","7",33," "," ","7",44," "," ","7",50," "," ","7",67," "," ","7",28," "," ","7",22," "," ","7",11," "," ","7",-6," "," ","7",33," "," ","7",NA," "," "," ",33," "," ","7",0," "," ","7",56," "," ","7",72," "," ","7",0," "," ","7",6," "," ","7",6," "," ","7",6," "," ","7",NA," "," "," ",NA," "," "," ",NA," "," "," "
"3735","USC00359461",2019,2,"PRCP",0," "," ","7",64," "," ","7",66," "," ","7",71," "," ","7",33," "," ","7",30," "," ","7",0," "," ","7",20," "," ","7",229," "," ","7",23," "," ","7",0," "," ","7",0," "," ","7",142," "," ","7",114," "," ","7",127," "," ","7",254," "," ","7",132," "," ","7",8," "," ","7",69," "," ","7",NA," "," "," ",NA," "," "," ",0," "," ","7",61," "," ","7",203," "," ","7",465," "," ","7",165," "," ","7",25," "," ","7",76," "," ","7",NA," "," "," ",NA," "," "," ",NA," "," "," "
"3736","USC00359461",2019,2,"SNOW",NA," "," "," ",NA," "," "," ",NA," "," "," ",NA," "," "," ",5," "," ","7",NA," "," "," ",NA," "," "," ",NA," "," "," ",NA," "," "," ",NA," "," "," ",NA," "," "," ",NA," "," "," ",NA," "," "," ",NA," "," "," ",NA," "," "," ",NA," "," "," ",NA," "," "," ",NA," "," "," ",NA," "," "," ",NA," "," "," ",NA," "," "," ",NA," "," "," ",NA," "," "," ",NA," "," "," ",114," "," ","7",74," "," ","7",69," "," ","7",0," "," ","7",NA," "," "," ",NA," "," "," ",NA," "," "," "
"3737","USC00359461",2019,2,"DAPR",NA," "," "," ",NA," "," "," ",NA," "," "," ",NA," "," "," ",NA," "," "," ",NA," "," "," ",NA," "," "," ",NA," "," "," ",NA," "," "," ",NA," "," "," ",NA," "," "," ",NA," "," "," ",NA," "," "," ",NA," "," "," ",NA," "," "," ",NA," "," "," ",NA," "," "," ",NA," "," "," ",NA," "," "," ",NA," "," "," ",2," "," ","7",NA," "," "," ",NA," "," "," ",NA," "," "," ",NA," "," "," ",NA," "," "," ",NA," "," "," ",NA," "," "," ",NA," "," "," ",NA," "," "," ",NA," "," "," "
"3738","USC00359461",2019,2,"MDPR",NA," "," "," ",NA," "," "," ",NA," "," "," ",NA," "," "," ",NA," "," "," ",NA," "," "," ",NA," "," "," ",NA," "," "," ",NA," "," "," ",NA," "," "," ",NA," "," "," ",NA," "," "," ",NA," "," "," ",NA," "," "," ",NA," "," "," ",NA," "," "," ",NA," "," "," ",NA," "," "," ",NA," "," "," ",NA," "," "," ",89," "," ","7",NA," "," "," ",NA," "," "," ",NA," "," "," ",NA," "," "," ",NA," "," "," ",NA," "," "," ",NA," "," "," ",NA," "," "," ",NA," "," "," ",NA," "," "," "
"3739","USC00359461",2019,3,"TMAX",100," "," ","7",72," "," ","7",83," "," ","7",89," "," ","7",72," "," ","7",44," "," ","7",67," "," ","7",83," "," ","7",78," "," ","7",94," "," ","7",100," "," ","7",161," "," ","7",150," "," ","7",128," "," ","7",178," "," ","7",200," "," ","7",206," "," ","7",211," "," ","7",239," "," ","7",233," "," ","7",172," "," ","7",167," "," ","7",156," "," ","7",167," "," ","7",161," "," ","7",144," "," ","7",133," "," ","7",167," "," ","7",178," "," ","7",161," "," ","7",200," "," ","7"
"3740","USC00359461",2019,3,"TMIN",-22," "," ","7",-22," "," ","7",-17," "," ","7",-39," "," ","7",-39," "," ","7",-11," "," ","7",0," "," ","7",6," "," ","7",6," "," ","7",11," "," ","7",-11," "," ","7",11," "," ","7",11," "," ","7",-22," "," ","7",-22," "," ","7",0," "," ","7",-6," "," ","7",0," "," ","7",22," "," ","7",44," "," ","7",67," "," ","7",22," "," ","7",39," "," ","7",50," "," ","7",44," "," ","7",11," "," ","7",28," "," ","7",44," "," ","7",44," "," ","7",33," "," ","7",44," "," ","7"
"3741","USC00359461",2019,3,"TOBS",6," "," ","7",-6," "," ","7",0," "," ","7",-11," "," ","7",-11," "," ","7",11," "," ","7",17," "," ","7",22," "," ","7",28," "," ","7",28," "," ","7",11," "," ","7",50," "," ","7",28," "," ","7",11," "," ","7",0," "," ","7",28," "," ","7",28," "," ","7",22," "," ","7",44," "," ","7",89," "," ","7",83," "," ","7",39," "," ","7",61," "," ","7",67," "," ","7",67," "," ","7",28," "," ","7",67," "," ","7",67," "," ","7",61," "," ","7",44," "," ","7",50," "," ","7"
"3742","USC00359461",2019,3,"PRCP",0," "," ","7",0," "," ","7",0," "," ","7",0," "," ","7",0," "," ","7",112," "," ","7",69," "," ","7",13," "," ","7",0," "," ","7",0," "," ","7",0," "," ","7",69," "," ","7",33," "," ","7",0," "," ","7",0," "," ","7",0," "," ","7",0," "," ","7",0," "," ","7",0," "," ","7",0," "," ","7",0," "," ","7",0," "," ","7",46," "," ","7",53," "," ","7",0," "," ","7",41," "," ","7",10," "," ","7",18," "," ","7",15," "," ","7",5," "," ","7",0," "," ","7"
"3743","USC00359461",2019,4,"TMAX",222," "," ","7",167," "," ","7",178," "," ","7",161," "," ","7",167," "," ","7",150," "," ","7",167," "," ","7",144," "," ","7",139," "," ","7",139," "," ","7",139," "," ","7",100," "," ","7",156," "," ","7",117," "," ","7",156," "," ","7",111," "," ","7",178," "," ","7",233," "," ","7",272," "," ","7",233," "," ","7",167," "," ","7",178," "," ","7",NA," "," "," ",183," "," ","7",294," "," ","7",239," "," ","7",211," "," ","7",222," "," ","7",211," "," ","7",211," "," ","7",NA," "," "," "
"3744","USC00359461",2019,4,"TMIN",44," "," ","7",89," "," ","7",83," "," ","7",106," "," ","7",100," "," ","7",83," "," ","7",83," "," ","7",78," "," ","7",61," "," ","7",67," "," ","7",78," "," ","7",89," "," ","7",61," "," ","7",61," "," ","7",28," "," ","7",28," "," ","7",83," "," ","7",89," "," ","7",72," "," ","7",89," "," ","7",94," "," ","7",94," "," ","7",NA," "," "," ",89," "," ","7",56," "," ","7",67," "," ","7",39," "," ","7",50," "," ","7",44," "," ","7",39," "," ","7",NA," "," "," "
"3745","USC00359461",2019,4,"TOBS",111," "," ","7",100," "," ","7",106," "," ","7",106," "," ","7",100," "," ","7",83," "," ","7",122," "," ","7",89," "," ","7",72," "," ","7",78," "," ","7",89," "," ","7",89," "," ","7",61," "," ","7",78," "," ","7",28," "," ","7",83," "," ","7",94," "," ","7",106," "," ","7",89," "," ","7",117," "," ","7",111," "," ","7",106," "," ","7",NA," "," "," ",106," "," ","7",72," "," ","7",67," "," ","7",50," "," ","7",56," "," ","7",61," "," ","7",56," "," ","7",NA," "," "," "
"3746","USC00359461",2019,4,"PRCP",30," "," ","7",0," "," ","7",264," "," ","7",38," "," ","7",38," "," ","7",51," "," ","7",152," "," ","7",432," "," ","7",254," "," ","7",8," "," ","7",10," "," ","7",46," "," ","7",5," "," ","7",13," "," ","7",0,"T"," ","7",56," "," ","7",5," "," ","7",0," "," ","7",0," "," ","7",89," "," ","7",0," "," ","7",0," "," ","7",NA," "," "," ",0," "," ","7",0," "," ","7",0," "," ","7",0," "," ","7",0," "," ","7",0," "," ","7",0," "," ","7",NA," "," "," "
"3747","USC00359461",2019,5,"TMAX",211," "," ","7",228," "," ","7",228," "," ","7",233," "," ","7",272," "," ","7",261," "," ","7",278," "," ","7",283," "," ","7",289," "," ","7",333," "," ","7",344," "," ","7",300," "," ","7",256," "," ","7",256," "," ","7",200," "," ","7",167," "," ","7",150," "," ","7",150," "," ","7",150," "," ","7",172," "," ","7",178," "," ","7",144," "," ","7",217," "," ","7",250," "," ","7",222," "," ","7",200," "," ","7",167," "," ","7",183," "," ","7",211," "," ","7",261," "," ","7",278," "," ","7"
"3748","USC00359461",2019,5,"TMIN",39," "," ","7",17," "," ","7",33," "," ","7",44," "," ","7",61," "," ","7",50," "," ","7",67," "," ","7",72," "," ","7",78," "," ","7",78," "," ","7",89," "," ","7",94," "," ","7",72," "," ","7",61," "," ","7",72," "," ","7",89," "," ","7",72," "," ","7",94," "," ","7",89," "," ","7",61," "," ","7",89," "," ","7",89," "," ","7",94," "," ","7",100," "," ","7",94," "," ","7",56," "," ","7",83," "," ","7",100," "," ","7",94," "," ","7",111," "," ","7",78," "," ","7"
"3749","USC00359461",2019,5,"TOBS",50," "," ","7",39," "," ","7",50," "," ","7",61," "," ","7",106," "," ","7",67," "," ","7",94," "," ","7",94," "," ","7",100," "," ","7",89," "," ","7",100," "," ","7",117," "," ","7",89," "," ","7",72," "," ","7",122," "," ","7",106," "," ","7",94," "," ","7",106," "," ","7",106," "," ","7",89," "," ","7",106," "," ","7",106," "," ","7",122," "," ","7",122," "," ","7",111," "," ","7",83," "," ","7",128," "," ","7",128," "," ","7",117," "," ","7",128," "," ","7",94," "," ","7"
"3750","USC00359461",2019,5,"PRCP",0," "," ","7",0," "," ","7",0," "," ","7",0," "," ","7",0," "," ","7",0," "," ","7",0," "," ","7",0," "," ","7",0," "," ","7",0," "," ","7",0," "," ","7",0," "," ","7",0," "," ","7",10," "," ","7",51," "," ","7",53," "," ","7",61," "," ","7",18," "," ","7",53," "," ","7",0," "," ","7",43," "," ","7",46," "," ","7",0," "," ","7",0," "," ","7",0," "," ","7",132," "," ","7",0," "," ","7",0," "," ","7",0," "," ","7",0," "," ","7",0," "," ","7"
"3751","USC00359461",2019,6,"TMAX",283," "," ","7",300," "," ","7",283," "," ","7",261," "," ","7",272," "," ","7",289," "," ","7",200," "," ","7",183," "," ","7",228," "," ","7",289," "," ","7",383," "," ","7",NA," "," "," ",378," "," ","7",328," "," ","7",283," "," ","7",294," "," ","7",311," "," ","7",306," "," ","7",289," "," ","7",300," "," ","7",233," "," ","7",239," "," ","7",278," "," ","7",278," "," ","7",239," "," ","7",239," "," ","7",239," "," ","7",206," "," ","7",250," "," ","7",NA," "," "," ",NA," "," "," "
"3752","USC00359461",2019,6,"TMIN",94," "," ","7",128," "," ","7",128," "," ","7",133," "," ","7",128," "," ","7",100," "," ","7",78," "," ","7",56," "," ","7",72," "," ","7",100," "," ","7",117," "," ","7",NA," "," "," ",167," "," ","7",144," "," ","7",139," "," ","7",144," "," ","7",111," "," ","7",139," "," ","7",144," "," ","7",78," "," ","7",78," "," ","7",78," "," ","7",111," "," ","7",117," "," ","7",111," "," ","7",100," "," ","7",83," "," ","7",72," "," ","7",61," "," ","7",NA," "," "," ",NA," "," "," "
"3753","USC00359461",2019,6,"TOBS",133," "," ","7",144," "," ","7",150," "," ","7",150," "," ","7",144," "," ","7",133," "," ","7",94," "," ","7",72," "," ","7",122," "," ","7",117," "," ","7",172," "," ","7",NA," "," "," ",183," "," ","7",167," "," ","7",144," "," ","7",161," "," ","7",144," "," ","7",150," "," ","7",161," "," ","7",94," "," ","7",78," "," ","7",139," "," ","7",144," "," ","7",139," "," ","7",122," "," ","7",128," "," ","7",100," "," ","7",89," "," ","7",100," "," ","7",NA," "," "," ",NA," "," "," "
"3754","USC00359461",2019,6,"PRCP",0," "," ","7",0," "," ","7",0," "," ","7",0," "," ","7",0," "," ","7",0," "," ","7",56," "," ","7",71," "," ","7",0," "," ","7",0," "," ","7",0," "," ","7",NA," "," "," ",0," "," ","7",0," "," ","7",0," "," ","7",0," "," ","7",0," "," ","7",0," "," ","7",0," "," ","7",0," "," ","7",0," "," ","7",0," "," ","7",0," "," ","7",0," "," ","7",0," "," ","7",0," "," ","7",18," "," ","7",64," "," ","7",0,"T"," ","7",NA," "," "," ",NA," "," "," "
"3755","USC00359461",2019,7,"TMAX",294," "," ","7",194," "," ","7",239," "," ","7",267," "," ","7",322," "," ","7",278," "," ","7",244," "," ","7",283," "," ","7",300," "," ","7",239," "," ","7",278," "," ","7",283," "," ","7",283," "," ","7",289," "," ","7",283," "," ","7",283," "," ","7",289," "," ","7",328," "," ","7",256," "," ","7",267," "," ","7",322," "," ","7",311," "," ","7",311," "," ","7",NA," "," "," ",294," "," ","7",333," "," ","7",344," "," ","7",322," "," ","7",333," "," ","7",300," "," ","7",283," "," ","7"
"3756","USC00359461",2019,7,"TMIN",72," "," ","7",111," "," ","7",72," "," ","7",72," "," ","7",122," "," ","7",117," "," ","7",122," "," ","7",122," "," ","7",144," "," ","7",144," "," ","7",156," "," ","7",156," "," ","7",161," "," ","7",161," "," ","7",150," "," ","7",144," "," ","7",144," "," ","7",156," "," ","7",117," "," ","7",139," "," ","7",122," "," ","7",139," "," ","7",100," "," ","7",NA," "," "," ",161," "," ","7",167," "," ","7",167," "," ","7",167," "," ","7",167," "," ","7",150," "," ","7",128," "," ","7"
"3757","USC00359461",2019,7,"TOBS",111," "," ","7",117," "," ","7",72," "," ","7",139," "," ","7",144," "," ","7",139," "," ","7",150," "," ","7",144," "," ","7",172," "," ","7",172," "," ","7",172," "," ","7",178," "," ","7",178," "," ","7",178," "," ","7",167," "," ","7",161," "," ","7",161," "," ","7",183," "," ","7",139," "," ","7",172," "," ","7",144," "," ","7",161," "," ","7",128," "," ","7",NA," "," "," ",178," "," ","7",178," "," ","7",183," "," ","7",167," "," ","7",178," "," ","7",167," "," ","7",156," "," ","7"
"3758","USC00359461",2019,7,"PRCP",0," "," ","7",0," "," ","7",0," "," ","7",0," "," ","7",0," "," ","7",0," "," ","7",0," "," ","7",0," "," ","7",0," "," ","7",0," "," ","7",0," "," ","7",0," "," ","7",0," "," ","7",0," "," ","7",0," "," ","7",0," "," ","7",0," "," ","7",13," "," ","7",0," "," ","7",0," "," ","7",0," "," ","7",0," "," ","7",0," "," ","7",NA," "," "," ",0," "," ","7",0," "," ","7",0," "," ","7",0," "," ","7",0," "," ","7",0," "," ","7",0," "," ","7"
"3759","USC00359461",2019,8,"TMAX",350," "," ","7",333," "," ","7",328," "," ","7",339," "," ","7",350," "," ","7",322," "," ","7",283," "," ","7",267," "," ","7",222," "," ","7",244," "," ","7",233," "," ","7",289," "," ","7",306," "," ","7",289," "," ","7",333," "," ","7",322," "," ","7",294," "," ","7",294," "," ","7",289," "," ","7",267," "," ","7",283," "," ","7",244," "," ","7",278," "," ","7",300," "," ","7",300," "," ","7",300," "," ","7",306," "," ","7",389," "," ","7",389," "," ","7",294," "," ","7",306," "," ","7"
"3760","USC00359461",2019,8,"TMIN",122," "," ","7",122," "," ","7",150," "," ","7",172," "," ","7",139," "," ","7",139," "," ","7",128," "," ","7",144," "," ","7",161," "," ","7",172," "," ","7",128," "," ","7",128," "," ","7",128," "," ","7",144," "," ","7",144," "," ","7",144," "," ","7",122," "," ","7",128," "," ","7",150," "," ","7",150," "," ","7",139," "," ","7",139," "," ","7",117," "," ","7",139," "," ","7",144," "," ","7",150," "," ","7",156," "," ","7",156," "," ","7",150," "," ","7",144," "," ","7",122," "," ","7"
"3761","USC00359461",2019,8,"TOBS",150," "," ","7",150," "," ","7",172," "," ","7",200," "," ","7",167," "," ","7",172," "," ","7",161," "," ","7",167," "," ","7",172," "," ","7",178," "," ","7",128," "," ","7",144," "," ","7",144," "," ","7",167," "," ","7",172," "," ","7",156," "," ","7",150," "," ","7",156," "," ","7",150," "," ","7",150," "," ","7",139," "," ","7",156," "," ","7",139," "," ","7",161," "," ","7",161," "," ","7",167," "," ","7",172," "," ","7",172," "," ","7",189," "," ","7",183," "," ","7",144," "," ","7"
"3762","USC00359461",2019,8,"PRCP",0," "," ","7",0," "," ","7",0," "," ","7",0," "," ","7",0," "," ","7",0," "," ","7",0," "," ","7",0," "," ","7",0," "," ","7",8," "," ","7",79," "," ","7",0," "," ","7",0," "," ","7",0," "," ","7",0," "," ","7",0," "," ","7",0," "," ","7",0," "," ","7",0," "," ","7",0," "," ","7",0," "," ","7",114," "," ","7",0," "," ","7",0," "," ","7",0," "," ","7",0," "," ","7",0," "," ","7",0," "," ","7",0," "," ","7",0," "," ","7",0," "," ","7"
"3763","USC00359461",2019,9,"TMAX",339," "," ","7",311," "," ","7",317," "," ","7",294," "," ","7",244," "," ","7",356," "," ","7",272," "," ","7",228," "," ","7",228," "," ","7",217," "," ","7",222," "," ","7",261," "," ","7",322," "," ","7",261," "," ","7",217," "," ","7",272," "," ","7",222," "," ","7",194," "," ","7",194," "," ","7",189," "," ","7",222," "," ","7",261," "," ","7",250," "," ","7",222," "," ","7",244," "," ","7",256," "," ","7",256," "," ","7",183," "," ","7",189," "," ","7",167," "," ","7",NA," "," "," "
"3764","USC00359461",2019,9,"TMIN",144," "," ","7",144," "," ","7",117," "," ","7",122," "," ","7",139," "," ","7",144," "," ","7",156," "," ","7",144," "," ","7",139," "," ","7",133," "," ","7",128," "," ","7",117," "," ","7",122," "," ","7",111," "," ","7",133," "," ","7",111," "," ","7",106," "," ","7",100," "," ","7",128," "," ","7",122," "," ","7",139," "," ","7",133," "," ","7",117," "," ","7",117," "," ","7",133," "," ","7",100," "," ","7",106," "," ","7",78," "," ","7",44," "," ","7",44," "," ","7",NA," "," "," "
"3765","USC00359461",2019,9,"TOBS",194," "," ","7",161," "," ","7",144," "," ","7",139," "," ","7",161," "," ","7",161," "," ","7",183," "," ","7",156," "," ","7",156," "," ","7",150," "," ","7",150," "," ","7",128," "," ","7",122," "," ","7",133," "," ","7",133," "," ","7",128," "," ","7",122," "," ","7",128," "," ","7",150," "," ","7",144," "," ","7",156," "," ","7",150," "," ","7",122," "," ","7",139," "," ","7",150," "," ","7",106," "," ","7",150," "," ","7",94," "," ","7",61," "," ","7",78," "," ","7",NA," "," "," "
"3766","USC00359461",2019,9,"PRCP",0," "," ","7",0," "," ","7",0," "," ","7",0," "," ","7",0," "," ","7",10," "," ","7",0,"T"," ","7",13," "," ","7",43," "," ","7",127," "," ","7",5," "," ","7",0," "," ","7",0," "," ","7",0," "," ","7",0," "," ","7",191," "," ","7",18," "," ","7",97," "," ","7",38," "," ","7",0," "," ","7",0," "," ","7",0," "," ","7",18," "," ","7",0," "," ","7",0," "," ","7",0," "," ","7",0," "," ","7",8," "," ","7",38," "," ","7",71," "," ","7",NA," "," "," "
"3767","USC00359461",2019,10,"TMAX",183," "," ","7",161," "," ","7",156," "," ","7",178," "," ","7",206," "," ","7",194," "," ","7",222," "," ","7",233," "," ","7",161," "," ","7",222," "," ","7",178," "," ","7",200," "," ","7",194," "," ","7",200," "," ","7",172," "," ","7",211," "," ","7",178," "," ","7",161," "," ","7",178," "," ","7",150," "," ","7",183," "," ","7",217," "," ","7",178," "," ","7",183," "," ","7",172," "," ","7",178," "," ","7",156," "," ","7",156," "," ","7",150," "," ","7",100," "," ","7",133," "," ","7"
"3768","USC00359461",2019,10,"TMIN",33," "," ","7",0," "," ","7",33," "," ","7",83," "," ","7",61," "," ","7",61," "," ","7",61," "," ","7",61," "," ","7",33," "," ","7",-33," "," ","7",-33," "," ","7",11," "," ","7",33," "," ","7",56," "," ","7",56," "," ","7",61," "," ","7",39," "," ","7",39," "," ","7",39," "," ","7",39," "," ","7",50," "," ","7",50," "," ","7",78," "," ","7",78," "," ","7",44," "," ","7",56," "," ","7",0," "," ","7",-39," "," ","7",-50," "," ","7",-22," "," ","7",-33," "," ","7"
"3769","USC00359461",2019,10,"TOBS",50," "," ","7",33," "," ","7",94," "," ","7",89," "," ","7",61," "," ","7",61," "," ","7",61," "," ","7",128," "," ","7",33," "," ","7",0," "," ","7",11," "," ","7",33," "," ","7",61," "," ","7",72," "," ","7",61," "," ","7",89," "," ","7",39," "," ","7",94," "," ","7",72," "," ","7",50," "," ","7",56," "," ","7",78," "," ","7",89," "," ","7",100," "," ","7",72," "," ","7",61," "," ","7",11," "," ","7",-11," "," ","7",-22," "," ","7",NA," "," "," ",-33," "," ","7"
"3770","USC00359461",2019,10,"PRCP",0," "," ","7",0," "," ","7",15," "," ","7",69," "," ","7",3," "," ","7",0," "," ","7",0," "," ","7",0," "," ","7",0," "," ","7",0," "," ","7",0," "," ","7",0," "," ","7",0," "," ","7",0," "," ","7",0," "," ","7",0," "," ","7",61," "," ","7",76," "," ","7",86," "," ","7",3," "," ","7",0," "," ","7",0," "," ","7",5," "," ","7",0," "," ","7",0," "," ","7",8," "," ","7",0," "," ","7",0," "," ","7",0," "," ","7",0," "," ","7",0," "," ","7"
"3771","USC00359461",2019,10,"SNOW",0," "," ","7",0," "," ","7",0," "," ","7",0," "," ","7",0," "," ","7",0," "," ","7",0," "," ","7",0," "," ","7",0," "," ","7",0," "," ","7",0," "," ","7",0," "," ","7",0," "," ","7",0," "," ","7",0," "," ","7",0," "," ","7",0," "," ","7",0," "," ","7",0," "," ","7",0," "," ","7",0," "," ","7",0," "," ","7",0," "," ","7",0," "," ","7",0," "," ","7",0," "," ","7",0," "," ","7",0," "," ","7",0," "," ","7",0," "," ","7",0," "," ","7"
"3772","USC00359461",2019,10,"SNWD",0," "," ","7",0," "," ","7",0," "," ","7",0," "," ","7",0," "," ","7",0," "," ","7",0," "," ","7",0," "," ","7",0," "," ","7",0," "," ","7",0," "," ","7",0," "," ","7",0," "," ","7",0," "," ","7",0," "," ","7",0," "," ","7",0," "," ","7",0," "," ","7",0," "," ","7",0," "," ","7",0," "," ","7",0," "," ","7",0," "," ","7",0," "," ","7",0," "," ","7",0," "," ","7",0," "," ","7",0," "," ","7",0," "," ","7",0," "," ","7",0," "," ","7"
"3773","USC00359461",2019,11,"TMAX",172," "," ","7",172," "," ","7",161," "," ","7",178," "," ","7",178," "," ","7",133," "," ","7",83," "," ","7",100," "," ","7",183," "," ","7",111," "," ","7",167," "," ","7",133," "," ","7",144," "," ","7",178," "," ","7",128," "," ","7",156," "," ","7",172," "," ","7",172," "," ","7",139," "," ","7",128," "," ","7",144," "," ","7",128," "," ","7",133," "," ","7",150," "," ","7",139," "," ","7",139," "," ","7",122," "," ","7",106," "," ","7",111," "," ","7",72," "," ","7",NA," "," "," "
"3774","USC00359461",2019,11,"TMIN",-33," "," ","7",-11," "," ","7",-17," "," ","7",0," "," ","7",22," "," ","7",39," "," ","7",39," "," ","7",33," "," ","7",33," "," ","7",44," "," ","7",56," "," ","7",56," "," ","7",67," "," ","7",33," "," ","7",17," "," ","7",44," "," ","7",22," "," ","7",22," "," ","7",28," "," ","7",39," "," ","7",-22," "," ","7",-22," "," ","7",-28," "," ","7",-11," "," ","7",17," "," ","7",22," "," ","7",-22," "," ","7",-17," "," ","7",-17," "," ","7",-33," "," ","7",NA," "," "," "
"3775","USC00359461",2019,11,"TOBS",-6," "," ","7",0," "," ","7",0," "," ","7",22," "," ","7",44," "," ","7",39," "," ","7",61," "," ","7",39," "," ","7",83," "," ","7",56," "," ","7",56," "," ","7",72," "," ","7",67," "," ","7",33," "," ","7",44," "," ","7",50," "," ","7",22," "," ","7",28," "," ","7",67," "," ","7",44," "," ","7",11," "," ","7",6," "," ","7",0," "," ","7",22," "," ","7",28," "," ","7",33," "," ","7",11," "," ","7",-6," "," ","7",-6," "," ","7",-33," "," ","7",NA," "," "," "
"3776","USC00359461",2019,11,"PRCP",0," "," ","7",0," "," ","7",0," "," ","7",0," "," ","7",0," "," ","7",0," "," ","7",0," "," ","7",0," "," ","7",0," "," ","7",0," "," ","7",0," "," ","7",0," "," ","7",0," "," ","7",3," "," ","7",15," "," ","7",15," "," ","7",5," "," ","7",3," "," ","7",33," "," ","7",0," "," ","7",0," "," ","7",0," "," ","7",0," "," ","7",0," "," ","7",69," "," ","7",64," "," ","7",218," "," ","7",25," "," ","7",0," "," ","7",0," "," ","7",NA," "," "," "
"3777","USC00359461",2019,11,"SNOW",0," "," ","7",0," "," ","7",0," "," ","7",0," "," ","7",0," "," ","7",0," "," ","7",0," "," ","7",0," "," ","7",0," "," ","7",0," "," ","7",0," "," ","7",0," "," ","7",0," "," ","7",0," "," ","7",0," "," ","7",0," "," ","7",0," "," ","7",0," "," ","7",0," "," ","7",0," "," ","7",0," "," ","7",0," "," ","7",0," "," ","7",0," "," ","7",0," "," ","7",0," "," ","7",0," "," ","7",0," "," ","7",0," "," ","7",0," "," ","7",NA," "," "," "
"3778","USC00359461",2019,11,"SNWD",0," "," ","7",0," "," ","7",0," "," ","7",0," "," ","7",0," "," ","7",0," "," ","7",0," "," ","7",0," "," ","7",0," "," ","7",0," "," ","7",0," "," ","7",0," "," ","7",0," "," ","7",0," "," ","7",0," "," ","7",0," "," ","7",0," "," ","7",0," "," ","7",0," "," ","7",0," "," ","7",0," "," ","7",0," "," ","7",0," "," ","7",0," "," ","7",0," "," ","7",0," "," ","7",0," "," ","7",0," "," ","7",0," "," ","7",0," "," ","7",NA," "," "," "
"3779","USC00359461",2019,12,"TMAX",111," "," ","7",111," "," ","7",100," "," ","7",111," "," ","7",128," "," ","7",128," "," ","7",139," "," ","7",111," "," ","7",128," "," ","7",128," "," ","7",139," "," ","7",106," "," ","7",144," "," ","7",89," "," ","7",72," "," ","7",100," "," ","7",111," "," ","7",56," "," ","7",67," "," ","7",133," "," ","7",178," "," ","7",139," "," ","7",133," "," ","7",100," "," ","7",89," "," ","7",89," "," ","7",89," "," ","7",72," "," ","7",94," "," ","7",94," "," ","7",100," "," ","7"
"3780","USC00359461",2019,12,"TMIN",-39," "," ","7",22," "," ","7",28," "," ","7",28," "," ","7",17," "," ","7",28," "," ","7",44," "," ","7",44," "," ","7",33," "," ","7",17," "," ","7",17," "," ","7",-17," "," ","7",28," "," ","7",22," "," ","7",11," "," ","7",-28," "," ","7",-39," "," ","7",-39," "," ","7",-28," "," ","7",67," "," ","7",128," "," ","7",44," "," ","7",33," "," ","7",22," "," ","7",11," "," ","7",-11," "," ","7",0," "," ","7",6," "," ","7",28," "," ","7",6," "," ","7",22," "," ","7"
"3781","USC00359461",2019,12,"TOBS",33," "," ","7",39," "," ","7",39," "," ","7",50," "," ","7",44," "," ","7",56," "," ","7",67," "," ","7",50," "," ","7",61," "," ","7",17," "," ","7",50," "," ","7",28," "," ","7",39," "," ","7",22," "," ","7",17," "," ","7",-17," "," ","7",-39," "," ","7",-28," "," ","7",67," "," ","7",128," "," ","7",128," "," ","7",44," "," ","7",44," "," ","7",28," "," ","7",22," "," ","7",11," "," ","7",17," "," ","7",28," "," ","7",50," "," ","7",22," "," ","7",44," "," ","7"
"3782","USC00359461",2019,12,"PRCP",23," "," ","7",0," "," ","7",0," "," ","7",5," "," ","7",0," "," ","7",0," "," ","7",99," "," ","7",76," "," ","7",5," "," ","7",0," "," ","7",122," "," ","7",41," "," ","7",76," "," ","7",135," "," ","7",10," "," ","7",0,"T"," ","7",0," "," ","7",3," "," ","7",41," "," ","7",38," "," ","7",5," "," ","7",218," "," ","7",84," "," ","7",0," "," ","7",46," "," ","7",0," "," ","7",0," "," ","7",0," "," ","7",10," "," ","7",15," "," ","7",0," "," ","7"
"3783","USC00359461",2019,12,"SNOW",0," "," ","7",0," "," ","7",0," "," ","7",0," "," ","7",0," "," ","7",0," "," ","7",0," "," ","7",0," "," ","7",0," "," ","7",0," "," ","7",0," "," ","7",0," "," ","7",0," "," ","7",0," "," ","7",0," "," ","7",0," "," ","7",0," "," ","7",0," "," ","7",0," "," ","7",0," "," ","7",0," "," ","7",0," "," ","7",0," "," ","7",0," "," ","7",0," "," ","7",0," "," ","7",0," "," ","7",0," "," ","7",0," "," ","7",0," "," ","7",0," "," ","7"
"3784","USC00359461",2019,12,"SNWD",0," "," ","7",0," "," ","7",0," "," ","7",0," "," ","7",0," "," ","7",0," "," ","7",0," "," ","7",0," "," ","7",0," "," ","7",0," "," ","7",0," "," ","7",0," "," ","7",0," "," ","7",0," "," ","7",0," "," ","7",0," "," ","7",0," "," ","7",0," "," ","7",0," "," ","7",0," "," ","7",0," "," ","7",0," "," ","7",0," "," ","7",0," "," ","7",0," "," ","7",0," "," ","7",0," "," ","7",0," "," ","7",0," "," ","7",0," "," ","7",0," "," ","7"
"3785","USC00359461",2020,1,"TMAX",111," "," ","7",172," "," ","7",128," "," ","7",117," "," ","7",111," "," ","7",122," "," ","7",106," "," ","7",144," "," ","7",94," "," ","7",83," "," ","7",100," "," ","7",111," "," ","7",106," "," ","7",94," "," ","7",83," "," ","7",67," "," ","7",122," "," ","7",78," "," ","7",106," "," ","7",122," "," ","7",111," "," ","7",117," "," ","7",122," "," ","7",161," "," ","7",156," "," ","7",150," "," ","7",156," "," ","7",139," "," ","7",117," "," ","7",122," "," ","7",172," "," ","7"
"3786","USC00359461",2020,1,"TMIN",44," "," ","7",33," "," ","7",11," "," ","7",17," "," ","7",39," "," ","7",44," "," ","7",17," "," ","7",33," "," ","7",11," "," ","7",0," "," ","7",6," "," ","7",44," "," ","7",39," "," ","7",17," "," ","7",-17," "," ","7",-44," "," ","7",-11," "," ","7",11," "," ","7",33," "," ","7",28," "," ","7",33," "," ","7",39," "," ","7",50," "," ","7",67," "," ","7",67," "," ","7",44," "," ","7",67," "," ","7",61," "," ","7",67," "," ","7",56," "," ","7",56," "," ","7"
"3787","USC00359461",2020,1,"TOBS",78," "," ","7",61," "," ","7",17," "," ","7",44," "," ","7",50," "," ","7",61," "," ","7",33," "," ","7",67," "," ","7",17," "," ","7",6," "," ","7",56," "," ","7",61," "," ","7",50," "," ","7",33," "," ","7",0," "," ","7",-11," "," ","7",11," "," ","7",78," "," ","7",39," "," ","7",50," "," ","7",56," "," ","7",50," "," ","7",72," "," ","7",78," "," ","7",78," "," ","7",67," "," ","7",83," "," ","7",78," "," ","7",83," "," ","7",61," "," ","7",83," "," ","7"
"3788","USC00359461",2020,1,"PRCP",150," "," ","7",36," "," ","7",0," "," ","7",71," "," ","7",8," "," ","7",51," "," ","7",0," "," ","7",112," "," ","7",51," "," ","7",0,"T"," ","7",203," "," ","7",86," "," ","7",112," "," ","7",173," "," ","7",91," "," ","7",318," "," ","7",33," "," ","7",13," "," ","7",0," "," ","7",0," "," ","7",64," "," ","7",20," "," ","7",5," "," ","7",127," "," ","7",46," "," ","7",135," "," ","7",10," "," ","7",112," "," ","7",10," "," ","7",51," "," ","7",8," "," ","7"
"3789","USC00359461",2020,1,"SNOW",0," "," ","7",0," "," ","7",0," "," ","7",0," "," ","7",0," "," ","7",0," "," ","7",0," "," ","7",0," "," ","7",0," "," ","7",0," "," ","7",0," "," ","7",0," "," ","7",0," "," ","7",0," "," ","7",0," "," ","7",0," "," ","7",0," "," ","7",0," "," ","7",0," "," ","7",0," "," ","7",0," "," ","7",0," "," ","7",0," "," ","7",0," "," ","7",0," "," ","7",0," "," ","7",0," "," ","7",0," "," ","7",0," "," ","7",0," "," ","7",0," "," ","7"
"3790","USC00359461",2020,1,"SNWD",0," "," ","7",0," "," ","7",0," "," ","7",0," "," ","7",0," "," ","7",0," "," ","7",0," "," ","7",0," "," ","7",0," "," ","7",0," "," ","7",0," "," ","7",0," "," ","7",0," "," ","7",0," "," ","7",0," "," ","7",0," "," ","7",0," "," ","7",0," "," ","7",0," "," ","7",0," "," ","7",0," "," ","7",0," "," ","7",0," "," ","7",0," "," ","7",0," "," ","7",0," "," ","7",0," "," ","7",0," "," ","7",0," "," ","7",0," "," ","7",0," "," ","7"
"3791","USC00359461",2020,1,"SN32",NA," "," "," ",NA," "," "," ",NA," "," "," ",NA," "," "," ",NA," "," "," ",NA," "," "," ",NA," "," "," ",NA," "," "," ",NA," "," "," ",33," "," ","7",NA," "," "," ",NA," "," "," ",NA," "," "," ",NA," "," "," ",NA," "," "," ",NA," "," "," ",NA," "," "," ",NA," "," "," ",NA," "," "," ",NA," "," "," ",NA," "," "," ",NA," "," "," ",NA," "," "," ",NA," "," "," ",NA," "," "," ",NA," "," "," ",NA," "," "," ",NA," "," "," ",NA," "," "," ",NA," "," "," ",NA," "," "," "
"3792","USC00359461",2020,1,"SX32",NA," "," "," ",NA," "," "," ",NA," "," "," ",NA," "," "," ",NA," "," "," ",NA," "," "," ",NA," "," "," ",NA," "," "," ",NA," "," "," ",56," "," ","7",NA," "," "," ",NA," "," "," ",NA," "," "," ",NA," "," "," ",NA," "," "," ",NA," "," "," ",NA," "," "," ",NA," "," "," ",NA," "," "," ",NA," "," "," ",NA," "," "," ",NA," "," "," ",NA," "," "," ",NA," "," "," ",NA," "," "," ",NA," "," "," ",NA," "," "," ",NA," "," "," ",NA," "," "," ",NA," "," "," ",NA," "," "," "
"3793","USC00359461",2020,2,"TMAX",194," "," ","7",144," "," ","7",78," "," ","7",106," "," ","7",72," "," ","7",94," "," ","7",106," "," ","7",139," "," ","7",139," "," ","7",83," "," ","7",67," "," ","7",139," "," ","7",111," "," ","7",111," "," ","7",122," "," ","7",128," "," ","7",128," "," ","7",117," "," ","7",128," "," ","7",122," "," ","7",178," "," ","7",167," "," ","7",128," "," ","7",128," "," ","7",NA," "," "," ",139," "," ","7",172," "," ","7",156," "," ","7",150," "," ","7",NA," "," "," ",NA," "," "," "
"3794","USC00359461",2020,2,"TMIN",67," "," ","7",67," "," ","7",-11," "," ","7",-33," "," ","7",-11," "," ","7",28," "," ","7",61," "," ","7",67," "," ","7",22," "," ","7",11," "," ","7",28," "," ","7",6," "," ","7",-6," "," ","7",17," "," ","7",22," "," ","7",33," "," ","7",17," "," ","7",-33," "," ","7",-39," "," ","7",-11," "," ","7",-6," "," ","7",6," "," ","7",44," "," ","7",11," "," ","7",NA," "," "," ",11," "," ","7",17," "," ","7",17," "," ","7",17," "," ","7",NA," "," "," ",NA," "," "," "
"3795","USC00359461",2020,2,"TOBS",78," "," ","7",72," "," ","7",0," "," ","7",-11," "," ","7",28," "," ","7",61," "," ","7",78," "," ","7",83," "," ","7",39," "," ","7",28," "," ","7",50," "," ","7",22," "," ","7",17," "," ","7",39," "," ","7",33," "," ","7",67," "," ","7",17," "," ","7",-28," "," ","7",-11," "," ","7",22," "," ","7",6," "," ","7",44," "," ","7",61," "," ","7",22," "," ","7",NA," "," "," ",22," "," ","7",39," "," ","7",17," "," ","7",28," "," ","7",NA," "," "," ",NA," "," "," "
"3796","USC00359461",2020,2,"PRCP",0," "," ","7",56," "," ","7",5," "," ","7",13," "," ","7",10," "," ","7",20," "," ","7",0," "," ","7",38," "," ","7",38," "," ","7",0," "," ","7",0," "," ","7",0," "," ","7",5," "," ","7",13," "," ","7",13," "," ","7",152," "," ","7",0," "," ","7",0," "," ","7",0," "," ","7",0," "," ","7",0," "," ","7",0," "," ","7",8," "," ","7",15," "," ","7",NA," "," "," ",0," "," ","7",0," "," ","7",0," "," ","7",20," "," ","7",NA," "," "," ",NA," "," "," "
"3797","USC00359461",2020,2,"SNOW",0," "," ","7",0," "," ","7",0," "," ","7",0," "," ","7",0," "," ","7",0," "," ","7",0," "," ","7",0," "," ","7",0," "," ","7",0," "," ","7",0," "," ","7",0," "," ","7",0," "," ","7",0," "," ","7",0," "," ","7",0," "," ","7",0," "," ","7",0," "," ","7",0," "," ","7",0," "," ","7",0," "," ","7",0," "," ","7",0," "," ","7",0," "," ","7",NA," "," "," ",0," "," ","7",0," "," ","7",0," "," ","7",0," "," ","7",NA," "," "," ",NA," "," "," "
"3798","USC00359461",2020,2,"SNWD",0," "," ","7",0," "," ","7",0," "," ","7",0," "," ","7",0," "," ","7",0," "," ","7",0," "," ","7",0," "," ","7",0," "," ","7",0," "," ","7",0," "," ","7",0," "," ","7",0," "," ","7",0," "," ","7",0," "," ","7",0," "," ","7",0," "," ","7",0," "," ","7",0," "," ","7",0," "," ","7",0," "," ","7",0," "," ","7",0," "," ","7",0," "," ","7",NA," "," "," ",0," "," ","7",0," "," ","7",0," "," ","7",0," "," ","7",NA," "," "," ",NA," "," "," "
"3799","USC00359461",2020,3,"TMAX",100," "," ","7",94," "," ","7",122," "," ","7",183," "," ","7",167," "," ","7",167," "," ","7",161," "," ","7",128," "," ","7",128," "," ","7",156," "," ","7",178," "," ","7",189," "," ","7",150," "," ","7",139," "," ","7",100," "," ","7",150," "," ","7",111," "," ","7",133," "," ","7",144," "," ","7",189," "," ","7",178," "," ","7",200," "," ","7",194," "," ","7",133," "," ","7",133," "," ","7",150," "," ","7",133," "," ","7",144," "," ","7",167," "," ","7",167," "," ","7",139," "," ","7"
"3800","USC00359461",2020,3,"TMIN",11," "," ","7",0," "," ","7",6," "," ","7",11," "," ","7",28," "," ","7",39," "," ","7",39," "," ","7",22," "," ","7",11," "," ","7",11," "," ","7",0," "," ","7",-6," "," ","7",-11," "," ","7",0," "," ","7",17," "," ","7",17," "," ","7",11," "," ","7",17," "," ","7",6," "," ","7",6," "," ","7",28," "," ","7",17," "," ","7",22," "," ","7",33," "," ","7",28," "," ","7",17," "," ","7",33," "," ","7",22," "," ","7",56," "," ","7",83," "," ","7",61," "," ","7"
"3801","USC00359461",2020,3,"TOBS",17," "," ","7",11," "," ","7",11," "," ","7",28," "," ","7",61," "," ","7",56," "," ","7",50," "," ","7",39," "," ","7",28," "," ","7",22," "," ","7",17," "," ","7",28," "," ","7",0," "," ","7",22," "," ","7",28," "," ","7",28," "," ","7",17," "," ","7",22," "," ","7",22," "," ","7",28," "," ","7",61," "," ","7",33," "," ","7",33," "," ","7",50," "," ","7",39," "," ","7",39," "," ","7",56," "," ","7",56," "," ","7",83," "," ","7",111," "," ","7",72," "," ","7"
"3802","USC00359461",2020,3,"PRCP",66," "," ","7",0," "," ","7",0," "," ","7",0," "," ","7",0," "," ","7",0," "," ","7",94," "," ","7",20," "," ","7",0," "," ","7",0," "," ","7",0," "," ","7",0," "," ","7",0," "," ","7",48," "," ","7",25," "," ","7",66," "," ","7",10," "," ","7",0," "," ","7",0," "," ","7",0," "," ","7",0," "," ","7",0," "," ","7",0," "," ","7",0," "," ","7",89," "," ","7",10," "," ","7",0," "," ","7",5," "," ","7",5," "," ","7",5," "," ","7",224," "," ","7"
"3803","USC00359461",2020,3,"SNOW",0," "," ","7",0," "," ","7",0," "," ","7",0," "," ","7",0," "," ","7",0," "," ","7",0," "," ","7",0," "," ","7",0," "," ","7",0," "," ","7",0," "," ","7",0," "," ","7",0," "," ","7",0," "," ","7",0," "," ","7",0," "," ","7",0," "," ","7",0," "," ","7",0," "," ","7",0," "," ","7",0," "," ","7",0," "," ","7",0," "," ","7",0," "," ","7",0," "," ","7",0," "," ","7",0," "," ","7",0," "," ","7",0," "," ","7",0," "," ","7",0," "," ","7"
"3804","USC00359461",2020,3,"SNWD",0," "," ","7",0," "," ","7",0," "," ","7",0," "," ","7",0," "," ","7",0," "," ","7",0," "," ","7",0," "," ","7",0," "," ","7",0," "," ","7",0," "," ","7",0," "," ","7",0," "," ","7",0," "," ","7",0," "," ","7",0," "," ","7",0," "," ","7",0," "," ","7",0," "," ","7",0," "," ","7",0," "," ","7",0," "," ","7",0," "," ","7",0," "," ","7",0," "," ","7",0," "," ","7",0," "," ","7",0," "," ","7",0," "," ","7",0," "," ","7",0," "," ","7"
"3805","USC00359461",2020,4,"TMAX",128," "," ","7",139," "," ","7",133," "," ","7",139," "," ","7",156," "," ","7",167," "," ","7",150," "," ","7",172," "," ","7",206," "," ","7",244," "," ","7",222," "," ","7",200," "," ","7",200," "," ","7",194," "," ","7",189," "," ","7",183," "," ","7",239," "," ","7",256," "," ","7",222," "," ","7",228," "," ","7",206," "," ","7",211," "," ","7",278," "," ","7",211," "," ","7",200," "," ","7",200," "," ","7",239," "," ","7",211," "," ","7",239," "," ","7",222," "," ","7",NA," "," "," "
"3806","USC00359461",2020,4,"TMIN",11," "," ","7",22," "," ","7",11," "," ","7",22," "," ","7",33," "," ","7",44," "," ","7",61," "," ","7",78," "," ","7",50," "," ","7",39," "," ","7",28," "," ","7",28," "," ","7",11," "," ","7",22," "," ","7",39," "," ","7",44," "," ","7",33," "," ","7",50," "," ","7",67," "," ","7",56," "," ","7",72," "," ","7",78," "," ","7",83," "," ","7",89," "," ","7",89," "," ","7",61," "," ","7",78," "," ","7",89," "," ","7",94," "," ","7",83," "," ","7",NA," "," "," "
"3807","USC00359461",2020,4,"TOBS",22," "," ","7",39," "," ","7",28," "," ","7",39," "," ","7",50," "," ","7",61," "," ","7",78," "," ","7",106," "," ","7",61," "," ","7",56," "," ","7",39," "," ","7",33," "," ","7",22," "," ","7",39," "," ","7",50," "," ","7",67," "," ","7",50," "," ","7",78," "," ","7",89," "," ","7",72," "," ","7",94," "," ","7",94," "," ","7",111," "," ","7",122," "," ","7",111," "," ","7",78," "," ","7",122," "," ","7",144," "," ","7",122," "," ","7",94," "," ","7",NA," "," "," "
"3808","USC00359461",2020,4,"PRCP",38," "," ","7",33," "," ","7",0," "," ","7",0," "," ","7",38," "," ","7",112," "," ","7",0," "," ","7",0," "," ","7",0," "," ","7",0," "," ","7",0," "," ","7",0," "," ","7",0," "," ","7",0," "," ","7",0," "," ","7",0," "," ","7",0," "," ","7",0," "," ","7",0," "," ","7",0," "," ","7",0," "," ","7",20," "," ","7",66," "," ","7",23," "," ","7",43," "," ","7",5," "," ","7",41," "," ","7",10," "," ","7",0," "," ","7",0," "," ","7",NA," "," "," "
"3809","USC00359461",2020,4,"SNOW",0," "," ","7",0," "," ","7",0," "," ","7",0," "," ","7",0," "," ","7",0," "," ","7",0," "," ","7",0," "," ","7",0," "," ","7",0," "," ","7",0," "," ","7",0," "," ","7",0," "," ","7",0," "," ","7",0," "," ","7",0," "," ","7",0," "," ","7",0," "," ","7",0," "," ","7",0," "," ","7",0," "," ","7",0," "," ","7",0," "," ","7",0," "," ","7",0," "," ","7",0," "," ","7",0," "," ","7",0," "," ","7",0," "," ","7",0," "," ","7",NA," "," "," "
"3810","USC00359461",2020,4,"SNWD",0," "," ","7",0," "," ","7",0," "," ","7",0," "," ","7",0," "," ","7",0," "," ","7",0," "," ","7",0," "," ","7",0," "," ","7",0," "," ","7",0," "," ","7",0," "," ","7",0," "," ","7",0," "," ","7",0," "," ","7",0," "," ","7",0," "," ","7",0," "," ","7",0," "," ","7",0," "," ","7",0," "," ","7",0," "," ","7",0," "," ","7",0," "," ","7",0," "," ","7",0," "," ","7",0," "," ","7",0," "," ","7",0," "," ","7",0," "," ","7",NA," "," "," "
"3811","USC00359461",2020,5,"TMAX",200," "," ","H",194," "," ","H",NA," "," "," ",200," "," ","H",228," "," ","H",217," "," ","H",211," "," ","H",239," "," ","H",311," "," ","H",272," "," ","H",256," "," ","H",211," "," ","H",189," "," ","H",139," "," ","H",167," "," ","H",178," "," ","H",211," "," ","H",183," "," ","H",167," "," ","H",172," "," ","H",150," "," ","H",139," "," ","H",183," "," ","H",200," "," ","H",228," "," ","H",289," "," ","H",294," "," ","H",300," "," ","H",317," "," ","H",283," "," ","H",183," "," ","H"
"3812","USC00359461",2020,5,"TMIN",78," "," ","H",72," "," ","H",NA," "," "," ",44," "," ","H",61," "," ","H",72," "," ","H",44," "," ","H",50," "," ","H",122," "," ","H",100," "," ","H",106," "," ","H",128," "," ","H",78," "," ","H",78," "," ","H",72," "," ","H",61," "," ","H",72," "," ","H",78," "," ","H",89," "," ","H",94," "," ","H",106," "," ","H",72," "," ","H",61," "," ","H",67," "," ","H",78," "," ","H",89," "," ","H",117," "," ","H",122," "," ","H",122," "," ","H",117," "," ","H",100," "," ","H"
"3813","USC00359461",2020,5,"TOBS",94," "," ","H",89," "," ","H",NA," "," "," ",61," "," ","H",89," "," ","H",83," "," ","H",50," "," ","H",122," "," ","H",122," "," ","H",106," "," ","H",128," "," ","H",128," "," ","H",89," "," ","H",89," "," ","H",89," "," ","H",72," "," ","H",106," "," ","H",89," "," ","H",100," "," ","H",106," "," ","H",106," "," ","H",72," "," ","H",67," "," ","H",89," "," ","H",89," "," ","H",133," "," ","H",122," "," ","H",144," "," ","H",139," "," ","H",139," "," ","H",117," "," ","H"
"3814","USC00359461",2020,5,"PRCP",0," "," ","H",13," "," ","H",NA," "," "," ",0," "," ","H",0," "," ","H",46," "," ","H",0," "," ","H",0," "," ","H",0," "," ","H",0," "," ","H",0," "," ","H",5," "," ","H",20," "," ","H",79," "," ","H",36," "," ","H",0," "," ","H",36," "," ","H",76," "," ","H",8," "," ","H",3," "," ","H",3," "," ","H",25," "," ","H",0," "," ","H",0," "," ","H",0," "," ","H",0," "," ","H",0," "," ","H",0," "," ","H",0," "," ","H",0," "," ","H",292," "," ","H"
"3815","USC00359461",2020,6,"TMAX",206," "," ","H",244," "," ","H",278," "," ","H",267," "," ","H",250," "," ","H",211," "," ","H",172," "," ","H",222," "," ","H",200," "," ","H",244," "," ","H",294," "," ","H",267," "," ","H",178," "," ","H",200," "," ","H",233," "," ","H",183," "," ","H",172," "," ","H",222," "," ","H",289," "," ","H",322," "," ","H",244," "," ","H",278," "," ","H",322," "," ","H",333," "," ","H",306," "," ","H",289," "," ","H",339," "," ","H",261," "," ","H",217," "," ","H",222," "," ","H",NA," "," "," "
"3816","USC00359461",2020,6,"TMIN",89," "," ","H",89," "," ","H",106," "," ","H",83," "," ","H",100," "," ","H",94," "," ","H",72," "," ","H",72," "," ","H",100," "," ","H",111," "," ","H",122," "," ","H",133," "," ","H",100," "," ","H",117," "," ","H",128," "," ","H",139," "," ","H",100," "," ","H",100," "," ","H",111," "," ","H",122," "," ","H",139," "," ","H",156," "," ","H",150," "," ","H",156," "," ","H",156," "," ","H",156," "," ","H",172," "," ","H",139," "," ","H",150," "," ","H",139," "," ","H",NA," "," "," "
"3817","USC00359461",2020,6,"TOBS",111," "," ","H",106," "," ","H",122," "," ","H",106," "," ","H",122," "," ","H",100," "," ","H",78," "," ","H",106," "," ","H",117," "," ","H",122," "," ","H",156," "," ","H",150," "," ","H",117," "," ","H",139," "," ","H",144," "," ","H",156," "," ","H",122," "," ","H",111," "," ","H",122," "," ","H",139," "," ","H",161," "," ","H",172," "," ","H",161," "," ","H",161," "," ","H",172," "," ","H",172," "," ","H",189," "," ","H",150," "," ","H",183," "," ","H",156," "," ","H",NA," "," "," "
"3818","USC00359461",2020,6,"PRCP",0," "," ","H",0," "," ","H",0," "," ","H",0," "," ","H",0," "," ","H",0," "," ","H",168," "," ","H",41," "," ","H",5," "," ","H",0," "," ","H",0," "," ","H",10," "," ","H",10," "," ","H",0," "," ","H",20," "," ","H",36," "," ","H",38," "," ","H",0," "," ","H",0," "," ","H",0," "," ","H",0," "," ","H",0," "," ","H",0," "," ","H",0," "," ","H",0," "," ","H",0," "," ","H",0," "," ","H",0," "," ","H",10," "," ","H",0," "," ","H",NA," "," "," "
"3819","USC00359461",2020,6,"SNOW",NA," "," "," ",NA," "," "," ",NA," "," "," ",NA," "," "," ",NA," "," "," ",NA," "," "," ",NA," "," "," ",NA," "," "," ",NA," "," "," ",NA," "," "," ",NA," "," "," ",NA," "," "," ",NA," "," "," ",NA," "," "," ",NA," "," "," ",NA," "," "," ",NA," "," "," ",NA," "," "," ",NA," "," "," ",NA," "," "," ",NA," "," "," ",NA," "," "," ",NA," "," "," ",NA," "," "," ",NA," "," "," ",NA," "," "," ",NA," "," "," ",NA," "," "," ",0," "," ","H",0," "," ","H",NA," "," "," "
"3820","USC00359461",2020,6,"SNWD",NA," "," "," ",NA," "," "," ",NA," "," "," ",NA," "," "," ",NA," "," "," ",NA," "," "," ",NA," "," "," ",NA," "," "," ",NA," "," "," ",NA," "," "," ",NA," "," "," ",NA," "," "," ",NA," "," "," ",NA," "," "," ",NA," "," "," ",NA," "," "," ",NA," "," "," ",NA," "," "," ",NA," "," "," ",NA," "," "," ",NA," "," "," ",NA," "," "," ",NA," "," "," ",NA," "," "," ",NA," "," "," ",NA," "," "," ",NA," "," "," ",NA," "," "," ",0," "," ","H",0," "," ","H",NA," "," "," "
"3821","USC00359461",2020,7,"TMAX",228," "," ","H",306," "," ","H",267," "," ","H",250," "," ","H",250," "," ","H",NA," "," "," ",NA," "," "," ",NA," "," "," ",NA," "," "," ",NA," "," "," ",NA," "," "," ",NA," "," "," ",NA," "," "," ",NA," "," "," ",NA," "," "," ",NA," "," "," ",NA," "," "," ",NA," "," "," ",NA," "," "," ",NA," "," "," ",NA," "," "," ",NA," "," "," ",NA," "," "," ",NA," "," "," ",NA," "," "," ",NA," "," "," ",NA," "," "," ",NA," "," "," ",NA," "," "," ",NA," "," "," ",NA," "," "," "
"3822","USC00359461",2020,7,"TMIN",133," "," ","H",111," "," ","H",111," "," ","H",100," "," ","H",106," "," ","H",NA," "," "," ",NA," "," "," ",NA," "," "," ",NA," "," "," ",NA," "," "," ",NA," "," "," ",NA," "," "," ",NA," "," "," ",NA," "," "," ",NA," "," "," ",NA," "," "," ",NA," "," "," ",NA," "," "," ",NA," "," "," ",NA," "," "," ",NA," "," "," ",NA," "," "," ",NA," "," "," ",NA," "," "," ",NA," "," "," ",NA," "," "," ",NA," "," "," ",NA," "," "," ",NA," "," "," ",NA," "," "," ",NA," "," "," "
"3823","USC00359461",2020,7,"TOBS",150," "," ","H",122," "," ","H",111," "," ","H",106," "," ","H",128," "," ","H",NA," "," "," ",NA," "," "," ",NA," "," "," ",NA," "," "," ",NA," "," "," ",NA," "," "," ",NA," "," "," ",NA," "," "," ",NA," "," "," ",NA," "," "," ",NA," "," "," ",NA," "," "," ",NA," "," "," ",NA," "," "," ",NA," "," "," ",NA," "," "," ",NA," "," "," ",NA," "," "," ",NA," "," "," ",NA," "," "," ",NA," "," "," ",NA," "," "," ",NA," "," "," ",NA," "," "," ",NA," "," "," ",NA," "," "," "
"3824","USC00359461",2020,7,"PRCP",0," "," ","H",0," "," ","H",0," "," ","H",0," "," ","H",0," "," ","H",NA," "," "," ",NA," "," "," ",NA," "," "," ",NA," "," "," ",NA," "," "," ",NA," "," "," ",NA," "," "," ",NA," "," "," ",NA," "," "," ",NA," "," "," ",NA," "," "," ",NA," "," "," ",NA," "," "," ",NA," "," "," ",NA," "," "," ",NA," "," "," ",NA," "," "," ",NA," "," "," ",NA," "," "," ",NA," "," "," ",NA," "," "," ",NA," "," "," ",NA," "," "," ",NA," "," "," ",NA," "," "," ",NA," "," "," "
